# x	y	z
8.300449388109791826e-01 9.091765738710460010e-01 -1.261706717910845432e+00
8.487300812216024282e-01 8.513800789192129681e-01 -1.396546519732833724e+00
1.097565871609096355e+00 1.030136633676868696e+00 -1.649344592551551969e+00
1.090728480516261145e+00 1.018199980206466293e+00 -1.870665850510434103e+00
1.183161068631992441e+00 9.876205580843200327e-01 -2.014015784981498580e+00
1.046742400474751866e+00 7.242306341800628378e-01 -2.021204820968968363e+00
nan nan nan
nan nan nan
nan nan nan
1.384477357829494659e+00 1.117679516788352978e-01 -2.055220479247926058e+00
2.773266785279040469e+00 6.004128413101128547e-02 -1.511632675601618292e+00
2.293236333609975919e+00 8.946396818365892623e-02 -1.208605764359548917e+00
2.190855122593994508e+00 1.125730461222416712e-01 -1.146386249054754281e+00
1.012727165002391461e+00 5.095929940403753911e-02 -1.181950030291801346e+00
1.212155599107302750e+00 2.434614586261911739e-01 -8.095720181139838267e-01
9.460419065854338561e-01 1.700740476899515186e-01 -6.246029262011059124e-01
7.985594038102147296e-01 6.477524936097883712e-02 -4.664989401621332243e-01
1.166325749903276643e+00 -1.580652125734459124e-01 -1.293414735477097233e-01
1.018726171419336302e+00 -2.196075651429030273e-02 1.399805604012701599e-01
6.975165701741203872e-01 9.027874459075488356e-02 4.008038607869314207e-01
9.547512043695374206e-01 1.365719368631482245e-02 6.390652318174964153e-01
1.707448086976766533e+00 -6.622007966967369264e-02 1.086121877356620802e+00
6.287090388118595774e-01 3.844774641029849449e-02 9.854438716133705478e-01
8.863985060082056888e-01 -2.802118331968592169e-01 1.386144363319482542e+00
7.086092651284856547e-01 -1.269839984165679891e-01 1.644481271102358644e+00
5.281459714610855505e-01 -1.028511361424856024e-01 1.926233961185052301e+00
3.263818744613520839e-01 -1.060997071923855672e-01 1.785654510149842222e+00
-3.971784277597527613e-01 -4.092060667154938658e-01 1.254969689436863156e+00
-1.686561405751952902e-01 -4.415427851793608527e-01 1.384698115073088154e+00
-4.642788005270629959e-01 -4.625508158921533552e-01 1.284306007298267271e+00
-4.964408378512598086e-01 -6.594703115359585865e-01 1.362247184853298210e+00
-9.155952368669225683e-01 -5.007319632807488707e-01 1.260473488472568127e+00
-7.282498584327387059e-01 -5.340196829880926588e-01 9.805969528935892798e-01
-7.458744850723473263e-01 -6.218866514386536259e-01 8.050676047063830554e-01
-6.628515170994058181e-01 -5.365962893387760113e-01 5.936422787189690187e-01
-6.510492800702966099e-01 -3.304758767103167516e-01 3.540592740641385627e-01
-2.864737298794176046e-01 -4.192670934122178505e-01 2.080028344531173745e-01
-4.259737223142489038e-01 -5.289928435480890645e-01 -2.126458378448094488e-01
-3.648191428233510947e-01 -4.846304449641670176e-01 -2.973294581411878301e-01
-2.945022164757892247e-01 -5.869318548098020338e-01 -5.208110372479026751e-01
1.819454139168434903e-01 -5.785210561842837329e-01 -5.738721459583809859e-01
-3.384685209957142282e-01 -5.102104011600528954e-01 -7.829513637455414177e-01
-2.245598892564200366e-01 -2.956407800282684351e-01 -1.119858105587122621e+00
-9.452634349706470762e-02 -6.780731509475443342e-02 -1.382090477829779340e+00
-1.544525989042360159e-01 2.540290978568960911e-01 -1.222834583680622034e+00
-3.473367916548414924e-01 2.780323084135112310e-01 -1.160004161475839179e+00
-4.814187790053936489e-01 3.203151252573651075e-01 -9.200966613363152913e-01
-4.615016901825668705e-01 3.827943549765905340e-01 -7.511323871230852767e-01
-5.512944427948123227e-01 1.433870499368583018e-01 -4.825538862269966311e-01
-4.398938892372822318e-01 5.005902007322284020e-02 -3.985660864300064055e-01
-6.590393095676944091e-01 3.506606981948330315e-01 1.495604810304648202e-01
-6.107855954646331798e-01 3.944247021566069655e-01 4.030132372229606186e-01
-7.757373585022812046e-01 4.126761119566519920e-01 6.296587685354873010e-01
-4.488076583869015646e-01 3.372894117152721027e-01 1.038183314364123699e+00
-7.473094085259437414e-01 1.731066878169936485e-01 1.058790929629978450e+00
-8.496614949800621597e-01 4.008825411499788993e-01 1.311678495269460010e+00
-8.131907413450422117e-01 3.043365863795038928e-01 1.413711139282586293e+00
-6.067962653025698039e-01 5.447393177151715893e-01 1.278656447478240255e+00
-4.289079968557569233e-01 3.590177067664261368e-01 1.263915253715702569e+00
-5.737185384008013367e-01 4.032130515719051234e-01 9.238134280984483526e-01
-5.269140766596080994e-01 4.825531350974687217e-01 6.847239356693443080e-01
-3.853938391527355622e-01 2.509362629928162391e-01 4.153394705734418935e-01
-3.511865608292180641e-01 2.909804371002635559e-01 1.506440798798465708e-01
-4.494847942343614400e-01 2.067904318718685741e-01 -1.176173772106368087e-01
-2.153872202198277575e-01 3.710684734924045713e-01 -3.540572841067618493e-01
-7.072982381418406461e-02 2.240171913121532243e-01 -5.592556742533993930e-01
1.608077052968769904e-01 4.089412741085177161e-01 -7.156836536269758353e-01
3.512419905212141313e-02 1.188814104414195605e-01 -8.449299527844579272e-01
2.250795463802542640e-01 3.217067842951356615e-01 -1.086143874704369905e+00
5.850378166184600631e-03 1.275373365569667794e-01 -1.298034857484717586e+00
6.583063784969359622e-01 2.466346082419382801e-01 -1.330511900975560380e+00
5.855806076031266905e-01 -7.162183279896972010e-02 -1.190240177243396369e+00
3.999298097318206846e-01 -1.709673205889544745e-01 -1.009407935728648065e+00
5.253406181939077602e-01 6.334022286928399359e-02 -6.439716771049397437e-01
6.230794413744287219e-01 -1.649020129842735383e-01 -4.620771611439146165e-01
7.998380937574421923e-01 -2.869444020306740617e-01 -1.857512219256546859e-01
4.741972929654896252e-01 -3.503686000831841008e-01 6.263110909302689600e-02
2.530122717129091869e-01 -3.308470173010195636e-01 3.374792440841816732e-01
3.973764252321748680e-01 -3.447072100199046751e-01 3.412183263504297570e-01
2.613200163370568152e-01 -1.767028435243265250e-01 7.634943422747805242e-01
-1.546253990847121507e-01 -3.222878816110395783e-02 9.050130305435566402e-01
1.496525239480852587e-01 -2.461145914129119205e-01 1.333876241757278480e+00
3.004776286709436861e-01 -3.769558356902435459e-01 1.674066023600344844e+00
1.229008828488689642e-01 -5.068703350818757336e-01 1.523114349346369689e+00
-1.861712115323833905e-01 -4.795938926097800259e-01 1.393200336567189002e+00
-5.232202234038794142e-01 -3.553021351392619542e-01 1.381249043097251494e+00
-8.325019565428430912e-01 -6.407602189727095165e-01 1.486621302219682361e+00
-9.157855432025601150e-01 -6.269727475737785216e-01 1.315603366122809037e+00
-6.589581103003192553e-01 -4.798263053950109214e-01 9.691704378916115026e-01
-3.059555439906908036e-01 -6.504738138943055858e-01 7.923805208507417319e-01
-3.361959725909405838e-01 -6.517839444453771280e-01 5.490617478282097119e-01
-4.283169083837849445e-01 -5.627515265479164919e-01 2.875564330652676248e-01
-1.717127473903464763e-01 -6.644705233017190737e-01 8.114129641313980179e-02
-4.850468773162681102e-01 -6.234573408184321819e-01 -2.367366938734479231e-01
-5.122302963012765886e-01 -6.276792950514599179e-01 -4.016409484786173656e-01
-4.503778620935419141e-01 -5.720881290726995694e-01 -7.860581315964879634e-01
-4.302580027900220205e-01 -5.071040032344671378e-01 -9.491113685366278085e-01
-3.418002837896929047e-01 -1.895504355254928885e-01 -1.145320982909073138e+00
-2.542540863265144169e-01 -4.022631704811908265e-02 -1.108834048556131213e+00
-7.959879114780518683e-02 1.848895784940864095e-02 -7.140384048346650747e-01
-5.751382755526091017e-01 -1.262184022536287364e-01 -3.663002819780213914e-01
-2.634586119636361246e-01 6.441535415491805860e-03 1.110543804269914503e-01
-3.550631963304961558e-01 -7.221241755718205146e-02 3.897692416946872962e-01
-5.983027021133184853e-01 -3.562351448423205502e-01 4.590653256431749818e-01
-7.863131333025509262e-01 -3.147298169251933064e-01 6.411650498960788092e-01
-8.709538107399067419e-01 -2.536738330187371937e-01 9.466427911448821453e-01
-8.995757611380362784e-01 -2.581137200922805630e-01 1.193440373149853073e+00
-7.726379590628980054e-01 -2.425556328587390731e-01 1.549241347953082659e+00
-2.993397038073757899e-01 -1.389239219334902353e-01 1.403985865400256161e+00
-7.663137916422519957e-01 -7.771824300555565945e-02 9.970772619879613163e-01
-7.717884723859780305e-01 -2.777047689681703124e-01 6.723523049882247360e-01
-8.309058723125171131e-01 -3.413555677126583476e-01 4.295173407462616333e-01
-4.640363648642643613e-01 -2.738704529124841303e-01 1.751589852730603136e-01
-3.864396445492705445e-01 -2.018455859761704996e-01 2.189204676678353778e-02
-4.603340222765368028e-01 -1.082304644670015470e-01 -2.905161671894436193e-01
-3.397098409605561198e-01 -2.535702967512606931e-02 -5.660218104185117394e-01
-2.847829690963402660e-01 -8.550403717776959567e-02 -7.539515186286577242e-01
-1.614350305930237761e-01 -1.806234968166394728e-01 -9.741981117060811712e-01
-1.397377436972140896e-01 -1.663738474619425312e-01 -1.087558101535134325e+00
6.333825622128401445e-02 1.168997136180834201e-01 -1.403555761803436441e+00
5.123659574213822177e-02 -9.653279790742889943e-02 -1.541980164323035529e+00
2.191506258430633014e-01 -1.298972149074166249e-01 -1.753985175613848035e+00
3.559021114411528020e-01 1.623886558856934836e-01 -1.799939372377413971e+00
7.465924567605477513e-01 4.880553111953719880e-02 -1.851963208381104398e+00
6.091393820300343709e-01 2.649865361341812164e-01 -1.687491850673479288e+00
1.020394871575100781e+00 2.721008339867433956e-01 -1.624196820918319073e+00
1.140249245898695696e+00 3.915100245324939499e-01 -1.427939574104517328e+00
7.181618933573595820e-01 3.558545611531165331e-01 -1.163254595761842758e+00
5.833842653007557111e-01 3.097004404227263197e-01 -9.993694467053585440e-01
6.444236751673476649e-01 4.617171478355113767e-01 -7.872835628405046027e-01
6.683930238479183217e-01 1.323888128937789344e-01 -6.024579545220205556e-01
3.251639271029003742e-01 3.277544926191569008e-01 -2.876556943120934240e-01
4.113162760339467150e-01 2.347774737555184121e-01 -2.181178537591744182e-01
1.165051107635704852e+00 3.132102657084980257e-01 2.981563021325082108e-01
6.309421468558852331e-01 4.377400659496155644e-01 3.846009493757661657e-01
1.955627473442645980e-01 2.648466921460387313e-01 6.793020923895605190e-01
2.145379303009420646e-01 1.179768021000627276e-01 8.535360898867442314e-01
1.185858265719338389e-01 1.860556818607108365e-01 1.038758056813615216e+00
4.540645598982427922e-01 2.391888130630219766e-01 1.444276776333823786e+00
1.224843720904890410e-01 4.009389419943491517e-01 1.427500670433877294e+00
7.464959348502695491e-01 3.103843618761406575e-01 2.154999732225154840e+00
1.294599680544965617e-02 1.989552456327933760e-01 1.520973666041009809e+00
-3.836213333691428362e-01 -5.877879486042834889e-02 1.581446970532571994e+00
-3.627933750575996763e-01 3.439253407913791388e-02 1.184483729256020190e+00
3.793247481618485082e-17 4.912216651465990202e-17 1.000000000000000222e+00
-1.753127787593070086e-01 1.602875107626530737e-01 8.337944925784027683e-01
-2.536383896708752639e-01 1.530959922627187220e-01 4.733794029448463170e-01
-2.293670092515539549e-01 7.360726360930194834e-02 2.253154015024010359e-01
0.000000000000000000e+00 0.000000000000000000e+00 0.000000000000000000e+00
1.251424086609938952e-03 -4.159503834501859787e-02 -2.003657812291800289e-01
-7.222857789749617674e-02 6.018704220349985201e-02 -6.427736917019344354e-01
1.799806479927897607e-01 1.883673030134095372e-01 -8.800214676117542600e-01
3.505923439055499968e-02 -1.645334668741068457e-02 -9.440126595299513923e-01
5.723918874393776335e-01 1.776232196692558718e-01 -1.286822373074244519e+00
7.748704061170606783e-02 8.302810070374927118e-03 -1.406605469817614029e+00
5.401808981585872749e-01 1.697762754111802885e-01 -1.555025239674940662e+00
2.532306073129700352e-01 3.307744344032820250e-02 -1.796110525698670024e+00
4.523924040588923612e-01 1.508899946159829031e-01 -1.870075068848589650e+00
3.678154282610133774e-01 -1.692309869092262220e-01 -1.723970572795813228e+00
3.301201802669682661e-01 -2.177204117107760517e-01 -1.544216301144853309e+00
3.176407108246774857e-01 -2.756296705694789018e-01 -1.317165822178510970e+00
3.448148038398562432e-01 -3.150715199220088247e-01 -1.137379194687919925e+00
6.291031045189182658e-01 -2.473313768069135277e-01 -8.886680846725767413e-01
2.501431062298433150e-01 -4.991527673126509579e-01 -6.841964548760059994e-01
3.772661730571875149e-01 -2.374142917352572990e-01 -5.238059595347747122e-01
1.439969439002902474e-01 -3.886156163994529678e-01 -2.978283522373180170e-01
2.974593729668237874e-01 -5.236505664092306889e-01 -1.623173749025107193e-02
2.723784555418911624e-01 -4.747631962010732676e-01 -2.441504269570720503e-02
2.363304980913051856e-01 -4.911563204495720258e-01 3.702031382865197950e-01
-1.030652878707605941e-01 -5.056022824774122348e-01 5.041549887011957942e-01
1.906803808001152345e-01 -5.252004811405175388e-01 8.313721274691944219e-01
7.888185558621650662e-02 -5.224270941441497840e-01 1.147819523463515345e+00
-2.817343082037893770e-02 -3.404342468190647009e-01 1.290677760006055719e+00
9.171955482060872855e-04 -5.353059574848414437e-01 1.417092041107967271e+00
-2.078294930830616172e-01 -8.112232610920188103e-01 1.400794102541861319e+00
-2.948830937344560366e-01 -1.005519733808849514e+00 1.321465158000528772e+00
-1.959268704479558143e-01 -9.723222302982860166e-01 1.150769529722727835e+00
2.068325516533767172e-02 -8.989047640357401558e-01 6.002968719091528182e-01
2.788501396186435222e-02 -7.622524697782664393e-01 5.051779311476399803e-01
5.404715038311166952e-02 -9.488627466096960505e-01 3.437166666810057003e-01
-8.132616660450564527e-02 -8.862421326663900700e-01 1.898395780787850706e-01
4.815562173276738411e-02 -7.943273137993491773e-01 -1.102563816891594245e-01
1.447831461617161419e-01 -7.301775872436419013e-01 -1.514986330256639646e-01
6.119889768841906275e-01 -9.596759930696769914e-01 -2.855018583366975005e-01
4.739383979870374630e-01 -6.556356932288547323e-01 -6.923192461964220445e-01
3.198724593661796956e-01 -7.996033687127124256e-01 -8.940291206848121064e-01
5.184816634273656799e-01 -6.188440704358239008e-01 -9.570780554681976859e-01
6.251942812576956054e-01 -4.781698994863984309e-01 -4.974449668106991629e-01
3.154393528830186089e-01 -3.286487264119711260e-01 -4.190800496920242812e-01
3.880151936951063973e-01 -4.340198404451829362e-01 -2.020279475690940352e-01
5.921020931255844832e-01 -3.632938602715798937e-01 -8.313981303308937143e-02
3.747841620905000282e-01 -6.900009220644316432e-01 1.787595855043222215e-01
5.965868666455562686e-01 -5.145226833849497750e-01 5.562636030186804970e-01
5.419661202730713390e-01 -7.324904143074624230e-01 7.007255160783729675e-01
5.550005690574286721e-01 -6.515332920948838646e-01 8.825938108986848274e-01
2.117862383629729173e-01 -7.056074944007569849e-01 1.070855681145116645e+00
3.640138618185140285e-01 -7.571794506089317700e-01 1.365254515008429648e+00
-7.519450747874981134e-03 -5.388588616717641111e-01 1.499262288530625709e+00
6.635738892195547356e-02 -5.134193546168112077e-01 1.370586928165111962e+00
3.721436393665105147e-01 -5.761876971970764094e-01 1.366688964252485539e+00
7.917275877334511991e-01 -3.829415023187751066e-01 1.862767616800519832e+00
9.700911918456203153e-01 -3.525203515443677826e-01 1.901218893915018304e+00
8.937972155847059286e-01 -4.996060113522237112e-01 1.755047387709947060e+00
9.590805226721283994e-01 -3.100480512715932391e-01 1.379540561070283777e+00
1.285204921443700909e+00 -5.231077927407064010e-01 1.291226120917608577e+00
9.645616728635079129e-01 -5.210703088936999849e-01 9.075664799210331202e-01
1.087047805286144309e+00 -2.794575327003154808e-01 7.223131104997506657e-01
1.320166060833375177e+00 -2.576468527894208438e-01 7.863326458489403592e-01
2.255570720876640234e+00 -4.905233071361333463e-01 5.804159772533525885e-01
nan nan nan
1.170885005167816351e+00 -4.697256778756833673e-01 -4.831997325348441619e-02
1.440931139025680263e+00 -6.793877853984664483e-01 -2.639267095432444310e-01
1.566164391254791566e+00 -6.143871325045817677e-01 -3.077546732902660676e-01
2.025145339749147233e+00 -3.493751780679824614e-01 -6.593733411676525602e-01
1.715388949564045529e+00 -3.237113862131179021e-01 -9.309660086223403574e-01
1.594440724593996661e+00 -9.276032804299308432e-02 -1.015044511521761450e+00
1.938617953253212844e+00 -1.541099171212965413e-01 -1.138081797458223576e+00
1.095411152493691365e+00 -3.355686043436167387e-01 -1.519169181671052415e+00
1.530804513651774945e+00 -1.305797555172306113e-01 -1.699810145157698127e+00
1.583182348262170303e+00 1.438191769883125914e-01 -1.678146139288551053e+00
1.116890486263983906e+00 2.328823176769736492e-01 -1.427101242073292253e+00
1.855218273624572145e+00 5.218335096582432664e-02 -1.078099417196187737e+00
2.008105346712895312e+00 9.571178248836886837e-02 -9.895379553315182264e-01
1.698528062765468194e+00 2.127912637265697571e-01 -7.459948670555075489e-01
1.387175266797356255e+00 3.641700569950873101e-01 -5.886546225320929970e-01
2.965729682321825678e+01 -3.940334250323962895e+00 1.828941143168540062e+00
1.170678737526439805e+00 -6.264723748169553907e-03 -1.500019956038473878e-01
8.518484122796060598e-01 9.998618060915989703e-02 5.132451727914490169e-02
1.277069354875377982e+00 2.370311457666801624e-02 3.639909643159888741e-01
8.622676039745320598e-01 1.887244741466696241e-01 3.431976221073005928e-01
9.283382051606239305e-01 2.775557561562891351e-17 6.697282970898543741e-01
8.109880600105802140e-01 2.321933693525756182e-01 9.166085479511010270e-01
7.428123467189302609e-01 2.176945672258762954e-01 1.071341103366361347e+00
9.317662262010771856e-01 2.396408655905305218e-01 1.447195900547422864e+00
8.060698986882516293e-01 2.229939821677724421e-01 1.600926240822846403e+00
6.671580218215991120e-01 2.810852624144911660e-01 1.814893675905565162e+00
1.754430742085199002e+00 3.559269187660623612e-01 2.679138258699362840e+00
nan nan nan
6.648347475943908735e-01 3.602030920837319128e-01 1.975124345155043759e+00
1.175136873029608786e+00 2.068859475112665158e-01 1.695315572633721457e+00
1.248525583001901529e+00 2.581663949572843286e-01 1.455459067165545406e+00
7.459299343037644192e-01 2.894851341265652911e-01 1.147185051400681388e+00
9.598200935895017105e-01 3.840469780885398254e-01 1.051295708392986583e+00
nan nan nan
1.091476991038691224e+00 1.020741626966505389e-01 6.961412734518144241e-01
1.813356052523388495e+00 5.782330507682019727e-01 6.304112117544840022e-01
8.757638438194602637e-01 1.229203173725803566e-01 2.631905654533533978e-01
1.373951606598164732e+00 3.817915577911936698e-01 2.228963737309034854e-01
9.354292498961024327e-01 2.000218810926543411e-01 -1.466648612927703987e-01
nan nan nan
2.004257850479012060e+00 1.509574832181336257e-01 -9.222148178102906879e-01
2.327432332921862468e+00 1.625602614244656130e-01 -1.173312427327988239e+00
1.172358999299073723e+00 4.773184546621982993e-01 -1.430731060128042964e+00
1.761503782204549839e+00 1.339934858000263462e-02 -1.265796063538146665e+00
1.287857852340280163e+00 3.047500661420216028e-01 -1.871502802107082530e+00
1.239758289569567573e+00 3.299452049675137277e-01 -1.956853808707971876e+00
9.183152218409631473e-01 4.626198772061945741e-01 -1.835203533105870255e+00
1.173833010157587342e+00 3.601490957174198204e-01 -1.686726070495175200e+00
7.377472247283353157e-01 4.099883246642850865e-01 -1.449446127520964467e+00
1.036975368803564335e+00 5.459549832646015677e-01 -1.402295559814730863e+00
6.719896737478481263e-01 2.960625974793703596e-01 -1.173050071016595641e+00
6.916636460716789614e-01 5.567862885876676549e-01 -1.136220170777033189e+00
5.602585659037006005e-01 4.909725573429277179e-01 -9.170840493008149963e-01
6.587469228648237252e-01 6.080772049386883316e-01 -8.073650928404708660e-01
5.718824886012103814e-01 3.302967844731368174e-01 -6.596436038510880007e-01
2.420085910645975447e-01 6.944492725813748990e-01 -3.752363054354661553e-01
5.473588788410843620e-01 6.223421227054030114e-01 -1.816051823451118596e-01
6.963797874385628806e-01 6.834522984816217006e-01 4.286492187882601224e-02
1.268899879034671274e+00 6.337654707149352751e-01 3.766923427082821130e-01
5.947048976040291146e-01 3.099367101967649973e-01 3.669811861318736934e-01
5.008348993927672632e-01 6.027507112140848555e-01 6.180316246397665747e-01
1.830836026459902732e-01 3.971016295250258676e-01 8.029593886006037851e-01
3.883487310837966389e-01 6.145643831591929285e-01 1.039984947005877292e+00
1.417624978624895671e-01 4.068969306476959424e-01 1.142202111720445723e+00
-9.664894415644817438e-03 4.238422973361276047e-01 1.384418167462924343e+00
2.540483798205168120e-01 5.328688117723863193e-01 1.538267620531383884e+00
nan nan nan
4.658498307690219220e-01 3.796821684462369229e-01 2.053304986837375168e+00
-6.244324445239363142e-02 6.625480402283185910e-01 1.740768222437133916e+00
-2.173428420694031860e-02 8.395634999126442288e-01 1.731956798540935205e+00
1.003522518360777660e-02 8.496910467549523283e-01 1.490565266707338798e+00
5.149872702411061043e-02 7.073046119825535660e-01 1.454552505976966614e+00
-1.378334089267116147e-01 7.093687061297082597e-01 1.115259513068422192e+00
1.011734584205747356e-01 7.986139490790921114e-01 8.218046319986384018e-01
-1.304229359994152071e-01 7.529522704025044533e-01 6.774734138436194764e-01
1.895448135518126020e-01 6.541578373476787389e-01 5.419134383683531508e-01
3.330888327773562363e-01 7.280220363198396383e-01 2.366589331837456178e-01
2.146661605451592458e-01 6.604320151590585830e-01 2.126131925714895843e-01
3.282122358081162594e-01 8.078819653629014663e-01 4.973003566264492387e-02
1.398382142611835077e-01 6.539412933376531623e-01 -2.235697359983819521e-01
9.579551306917993836e-02 7.251818246143161284e-01 -4.674911687038931785e-01
2.653493754792735082e-01 1.036431476364789717e+00 -6.460428296677150906e-01
4.104495978090016983e-01 1.043469110973813452e+00 -6.435358715028820509e-01
2.401265724050048733e-01 8.203029081444904724e-01 -1.079578537870438337e+00
1.454150899301581146e-01 8.175012383723301301e-01 -1.123587082862321340e+00
-1.936838653306162394e-02 5.719577832741474799e-01 -9.469850094346564662e-01
-2.186126857975567717e-02 5.009833224922568551e-01 -7.609421624089041103e-01
1.594753047880827779e-01 8.057292947560386054e-01 -3.982864382770659462e-01
-1.672408277692727374e-01 4.617005582808044739e-01 -3.655678810897330933e-01
-2.166832942646979010e-02 7.477577642368191668e-01 -2.398981354415619105e-01
-4.637414950131963365e-01 4.599699019522418553e-01 4.527755786976877528e-01
-2.652607373844608207e-01 4.353292913275615406e-01 7.156119726965632921e-01
-1.493723644142043172e-01 7.091302429154634490e-01 9.265267683095446127e-01
-5.823471318943637121e-01 5.845676676671874850e-01 1.080146114345562625e+00
-5.476458190304982487e-01 4.614242117964507672e-01 1.403070829323834756e+00
-7.055470458449574211e-01 4.534599911675966100e-01 1.564255584024990764e+00
-6.276219483917339081e-01 7.728391965811142184e-01 1.555195748454331950e+00
-5.957409524988706018e-01 5.958251231684730254e-01 1.329115748503143957e+00
-5.616167400355470685e-01 6.396810325508600625e-01 1.070256195432079727e+00
-2.566443184917463483e-01 7.751880166885684043e-01 1.008116802487713182e+00
-2.656476452220918882e-01 7.767922436458898350e-01 8.727957053347881189e-01
-5.845149691189615027e-01 4.678179790481151734e-01 5.140437702868726477e-01
-5.309901592929584524e-01 5.626857318975576616e-01 5.840952492952605768e-01
-8.317337250273374449e-01 5.081672971738462330e-01 7.747747378250040562e-01
-7.763209823481304062e-01 4.033318557954772010e-01 9.626347964521648759e-01
-9.185602356196527207e-01 4.505119240973849415e-01 1.237675129346830438e+00
-9.742479104572498994e-01 3.545441207914605819e-01 1.448670039048820746e+00
-1.040690739285172528e+00 4.398451018790274780e-01 1.636949787402815382e+00
-9.921273115296653788e-01 4.301417505279752085e-01 1.385041287142797728e+00
-1.029168913356063086e+00 1.956517373622517486e-01 1.401842142836053906e+00
-8.541549549810151243e-01 4.372126362982731718e-01 1.265956608801006578e+00
-1.003539023521702545e+00 3.331788078809901910e-01 8.750999963450514230e-01
-7.494240993540990381e-01 3.619276131970323718e-01 6.014238634664583749e-01
-8.616710180581385048e-01 5.016834688774750584e-01 5.239968809427867358e-01
-8.064621374258209574e-01 4.954919200821408243e-01 3.165110122598777664e-01
-7.756406579408845481e-01 5.326071166671964008e-01 1.323586190441534971e-01
-8.984390424454373747e-01 4.249886830687257255e-01 -2.084479219362442293e-02
-5.505173759242228959e-01 2.143494129608031762e-01 -2.728089196009488848e-01
-7.391249980046175061e-01 1.236551689304224294e-01 -4.227297856629216311e-01
-4.856302525549605065e-01 2.986862456195765181e-01 -6.243697656161235621e-01
-4.375000581884522788e-01 2.348856578516233529e-01 -6.336461373385026130e-01
-6.026550655140272550e-01 5.236774085431707970e-01 -9.007662014003743334e-01
-5.294785025668274914e-01 2.340360895193153712e-01 -1.052881113718230122e+00
-7.443606616487954408e-01 3.922941717946307194e-01 -1.374924294496853161e+00
-4.362302687707542148e-01 2.536430515469441094e-01 -1.347582753431439295e+00
-5.740809710145023947e-01 1.362773258909376339e-01 -1.259153788157007181e+00
-7.225515408299590936e-01 5.452038654804824969e-02 -1.134855150172141558e+00
-7.555569780578559325e-01 2.881026799790569193e-01 -8.714637573869011833e-01
-7.909325402140190420e-01 -7.679485681564110489e-02 -6.438668230575987916e-01
-5.340285281627503711e-01 -7.150687025670178498e-02 -3.479675535259923458e-01
-5.572280459128329255e-01 -7.090409265454281074e-02 -1.964040521559087815e-01
-9.975403155235524899e-01 -1.380725918228670190e-01 -5.498860003609411240e-02
-1.048452875983621801e+00 7.632390966632442153e-02 1.395347799498704300e-01
-1.023591699364001517e+00 1.524684368039329052e-01 2.006997247758468828e-01
-7.737506440180382805e-01 -2.167916147157633588e-02 5.060981466671059525e-01
-1.283074877666810387e+00 2.303195070255364962e-02 6.582469485240897145e-01
-1.152813921004612885e+00 -1.341024191226849738e-01 8.718007679483600336e-01
-8.464212025494908254e-01 -1.664613291615607560e-01 1.160784730833176681e+00
-1.012805985718749024e+00 1.381021413722152980e-01 1.341200717350522043e+00
-9.157330767331737231e-01 1.467944015644853661e-02 1.617100765662174755e+00
-1.291293066042867199e+00 -1.071683317379872324e-01 9.034674801383344445e-01
-1.106666092746205976e+00 -1.971553044661998322e-01 6.899686741203920892e-01
-1.071723037729402694e+00 -1.748278078188030549e-01 4.351208143489158076e-01
-1.082926848656951879e+00 -2.220859556122591894e-01 3.739130099284838638e-01
-1.103835177143595470e+00 9.098036322006668175e-02 1.943234114982826388e-01
-9.782172177520194190e-01 -2.412866609263149553e-01 -2.859620286705955028e-02
-9.842987300710794862e-01 7.887745424511116710e-02 -2.482015956195360307e-01
-8.435427682403331406e-01 -2.044557866105696509e-01 -4.082262344544519972e-01
-9.485646692863606289e-01 -8.345701670777033732e-02 -5.857377536141199492e-01
-6.654787736295892930e-01 2.043775790927545577e-01 -5.562235707671943086e-01
-8.745836651234126791e-01 -1.142688918969166079e-01 -8.263712491285664097e-01
-3.506745666203782141e-01 5.295112552755623647e-02 -1.028687613654851951e+00
-3.192515337212232795e-01 -6.797943836591648081e-02 -1.130136307137262763e+00
-7.495094828490345140e-01 1.194669628923310800e-01 -1.362579020069495161e+00
-7.169894759058595968e-01 -6.063616366020418980e-02 -1.505332088603313023e+00
-5.393024709577060039e-01 -4.602425841014447516e-01 -1.254397182528444565e+00
-6.126625128538882858e-01 -4.081608595802630468e-01 -1.182948253154276097e+00
-4.603795600541616406e-01 -2.144840602788476991e-01 -7.972329496510934810e-01
-4.411674409904441374e-01 -2.329084619536955503e-01 -7.669984988577293050e-01
-7.124084449455032608e-01 -3.625531695159853740e-01 -6.595480247562458542e-01
-4.495022397545348491e-01 -3.986702136043699385e-01 -3.718395038166491529e-01
-8.343349745442633081e-01 -4.182118204568577857e-01 -1.849102527617646208e-01
-6.047004438544533178e-01 -4.742260591842855089e-01 1.123475189532750773e-01
-6.202719658876129083e-01 -4.982629076485285413e-01 4.229677962143167380e-01
-7.635414454743639778e-01 -4.260788315672022764e-01 5.554161862947847306e-01
-8.624802146575279993e-01 -2.543598414308529954e-01 7.969838337199562917e-01
-1.051180672293603902e+00 -2.458180825930557645e-01 1.014450989675689474e+00
-8.469689517107512611e-01 -2.839276963082163485e-01 1.251543942224783601e+00
-1.146060981807386359e+00 -3.486392987952044442e-01 1.485717747374262432e+00
-1.111788558622998746e+00 -5.668016752607023534e-01 1.366405883093704698e+00
-1.222376121133237792e+00 -5.022452989111321209e-01 1.328606543766707393e+00
-1.301999111401368481e+00 -7.117429456216356476e-01 1.235835875327977007e+00
-1.265613877551159394e+00 -6.049271241251372722e-01 1.007618214664420142e+00
-1.124546135825388316e+00 -5.366524261402415563e-01 8.372277335382817265e-01
-1.045720502594047918e+00 -5.545703121665034319e-01 6.455800836577435531e-01
-6.168601288835047214e-01 -7.705798177556605344e-01 3.158512597809584599e-01
-6.130117278017570559e-01 -8.185552380882874512e-01 2.657938756730475194e-01
-7.689479197379540665e-01 -7.260363487353782563e-01 -1.106868373994890770e-01
-7.011529560326678068e-01 -7.640059003531547432e-01 -3.160623508272101256e-01
-8.455833306076055988e-01 -5.396610755134008119e-01 -5.776330624770594779e-01
-5.729149070083705553e-01 -5.249114461651266383e-01 -7.941693605064933381e-01
-7.100233297559636059e-01 -6.876614933950004893e-01 -9.677981210367669895e-01
-5.487929506597267748e-01 -4.440216153324696435e-01 -1.194856858664794963e+00
-5.344036670721760141e-01 -6.963987097116151048e-01 -1.356202341659882071e+00
-5.391555209099443413e-01 -6.367065727386025387e-01 -1.420543797684403975e+00
nan nan nan
nan nan nan
2.668463585752048894e-01 -7.773581680389761717e-01 -1.567321748033074114e+00
-8.674005434635738421e-02 -9.327336499456247987e-01 -1.460452551108593067e+00
-1.832118676697955251e-01 -6.903622894195727833e-01 -1.095740704238876262e+00
-1.939971936993946378e-01 -7.192474443395415751e-01 -5.697967052014609735e-01
-4.911259460568726531e-01 -7.021526251785499273e-01 -3.493789936943831886e-01
-5.686601060495475313e-01 -8.401347469967042070e-01 -1.630912924699821631e-01
-4.129892761003214896e-01 -1.031360953900357869e+00 -3.039129004408460538e-02
-2.955860464585952085e-01 -9.757261780231925030e-01 5.084376590869264800e-02
-2.263508695502846890e-01 -8.271671193876409811e-01 6.080690329468666500e-01
-3.827477903859253239e-01 -1.098228074238458030e+00 8.354918219151481473e-01
-6.903273269249045052e-01 -1.095920717418582768e+00 9.041139937948807770e-01
-9.095645138594535828e-01 -9.002300789872186293e-01 1.127355673069339481e+00
-7.022560688138611562e-01 -9.047622972437362465e-01 1.369905089090634798e+00
-9.464336694037940312e-01 -1.102097962035595291e+00 1.298076764792063909e+00
-7.829217452149235257e-01 -1.257451960955748849e+00 1.173519964807308913e+00
-7.075767972441735498e-01 -9.980522684000669997e-01 9.097428463369854335e-01
-7.523341379896362202e-01 -1.188660445618876071e+00 7.969791559749067611e-01
-4.302501240613696432e-01 -1.178249768099260075e+00 6.011295278617521110e-01
-7.068699874067798650e-01 -1.133617096113921363e+00 2.753823754536474100e-01
-4.492647338622637321e-01 -1.129318376080414410e+00 1.410433666912670470e-01
-2.859613304618200402e-01 -9.362137333987895493e-01 1.021123086081023035e-03
-3.578286647210781046e-01 -1.233836297330078047e+00 -2.340797196569851801e-01
-3.040866749421157755e-01 -1.190117926718306185e+00 -3.924340931838730118e-01
-3.774322316065868987e-01 -1.032985633938661163e+00 -5.688981442117624354e-01
1.817957880259649106e-02 -1.065707387277724516e+00 -5.957804732980499507e-01
-2.909997506216955854e-01 -1.062252360186462186e+00 -3.590858016588600043e-01
-1.988609194494678489e-01 -7.724666851022403691e-01 -2.206634028576027751e-01
-3.046963701580282513e-02 -1.190869929783131775e+00 2.300554271809911872e-02
-2.969976012892735495e-01 -9.690488402036451232e-01 -2.378986486701199221e-01
1.448569473770197902e-01 -1.108870329273020428e+00 2.475257584662072241e-01
-2.998907060151108639e-01 -1.201856238152951839e+00 5.987523140544191991e-01
-3.656883098529802867e-01 -1.205414387229271966e+00 8.703671822257814661e-01
-2.349806788486479558e-01 -1.311026912737549344e+00 1.167477471745592243e+00
-1.721025027107432326e-01 -1.254562745018250380e+00 1.397453922919058789e+00
-5.504226299265515543e-01 -1.140452521503314776e+00 1.396618535492814894e+00
-1.196764108505841279e-01 -1.223889124085665969e+00 1.365101230039260205e+00
-3.618979660968322243e-01 -1.234030859526843882e+00 1.127061250423069039e+00
-2.934348072041379485e-01 -1.254325682082841009e+00 8.664371049788324175e-01
-3.252847929509522507e-01 -1.137409691300681702e+00 6.244756766036415607e-01
-4.136375587221948757e-01 -9.971080255209870957e-01 3.588940300192862143e-01
-3.390058132511116762e-01 -9.635868280186465906e-01 6.039042829111317123e-02
-4.277861023758915970e-01 -9.050806219273753728e-01 -6.788639667750034912e-03
-1.355028953011910842e-02 -1.296192103790433592e+00 -2.303959004067264449e-01
-4.479241633014560686e-02 -1.293106471513355338e+00 -3.949514732824804808e-01
3.736892776029400176e-01 -1.396195724761903234e+00 -3.141426144331769810e-01
-2.048482330011619501e-03 -1.282264144057451594e+00 -6.370554543465996034e-01
1.104730279040864738e-01 -1.169862444078837660e+00 -9.284031841447535349e-01
1.793271240314857351e-01 -1.232904648748327059e+00 -9.721596005716663935e-01
5.572516896952356413e-01 -1.390077065265714840e+00 -1.196349524450563084e+00
4.215338785699903612e-01 -1.344988560465675942e+00 -1.273861409497955899e+00
7.406598609645950182e-01 -1.018505229554566682e+00 -1.484672673637076779e+00
4.045833639157425110e-01 -1.125293253204480370e+00 -1.333668653975501162e+00
5.834599758545416792e-01 -1.204228794001414693e+00 -1.059936468787258335e+00
1.703981758489981624e-01 -9.787592304784833441e-01 -5.356150628255454960e-01
1.280268330877107008e+00 -1.419402992945613562e+00 -2.333147855859126207e-01
1.348171652302798396e-01 -1.217580831097777372e+00 -1.755232637917769623e-02
8.527344692886459354e-01 -1.447141939075760497e+00 1.922511714641239877e-01
3.716379284180864051e-01 -1.144564938757532291e+00 3.137601455777534465e-01
1.808546974292072895e-01 -9.768296886272670454e-01 3.171369043639735152e-01
1.010492412217502689e-01 -1.275118471886333760e+00 5.643798881765694775e-01
-4.490169788675724138e-03 -1.114510793322235793e+00 8.121720590586475330e-01
-1.424771437557560971e-01 -9.443966982881643046e-01 6.160231549730518230e-01
3.196368047094905185e-02 -1.311746898499166036e+00 1.285314265555552060e+00
-1.477451131053775513e-01 -1.249094658005531988e+00 1.477753243928251026e+00
2.721701863387659959e-02 -1.248872552830140314e+00 1.333183086819550001e+00
3.680824779067299879e-01 -1.352874295609688859e+00 1.551379367773794593e+00
1.397106122333341971e-01 -1.035060460426284967e+00 1.295907195480060725e+00
3.230450725476430307e-01 -1.360574435731337628e+00 1.177124940306540246e+00
3.777011816835678659e-01 -1.075809334752415358e+00 9.816428410164740326e-01
4.406243866116358321e-01 -1.358273299017743074e+00 8.116693894876476634e-01
4.240759024038830982e-01 -1.162167643273153361e+00 2.504118928912265063e-01
2.560356330381012291e-01 -1.177914850234869748e+00 1.907953101700934906e-01
nan nan nan
9.675358466617252073e-01 -1.463855820775742167e+00 -3.239055611614846120e-01
3.563035894648914348e-01 -9.548155305046556185e-01 -3.227160798241258122e-01
1.026814159611131094e+00 -1.448264335338261599e+00 -3.763935601519496355e-01
5.160893416661144206e-01 -1.017736806140300931e+00 -4.372563744130093522e-01
7.561398408374965241e-01 -1.498882615744471458e+00 -6.809422043548581938e-01
8.380050633734464904e-01 -1.032800715182007556e+00 -1.211901130384231307e+00
8.977838423886455033e-01 -9.502915077683792289e-01 -1.116721446136637930e+00
9.195628952818944990e-01 -1.465835318550480215e+00 -1.545180739183082075e+00
7.899791318217235236e-01 -1.362811674584021304e+00 -1.597214604445759134e+00
1.068535689819243073e+00 -8.120619574507458305e-01 -1.580070849358863327e+00
1.703468114273882783e+00 -9.637203589441445395e-01 -1.660610910326141054e+00
1.040317089606047629e+00 -7.642127593736612878e-01 -1.139000067015042639e+00
1.063760220971122994e+00 -1.055103954730705507e+00 -1.160377738607045961e+00
9.797336556536251351e-01 -1.039536575200923352e+00 -1.050915063269493910e+00
1.635917901812023123e+00 -1.194460010602830469e+00 -5.909141568471010242e-01
-2.654810711362465825e-01 -1.062305513466576423e+00 -6.593099331821563602e-01
2.265798519731423877e+00 -1.430493191201477110e+00 -4.129729169914347353e-01
6.197510224838662651e-01 -8.430995299609718163e-01 -2.862449977496739906e-01
1.035562984934003339e+00 -1.141144274991377605e+00 1.081097349310598255e-01
5.858866120096367647e-01 -1.024790723014884497e+00 3.271322506420040743e-02
nan nan nan
7.767664367268070080e-01 -9.271421396056382935e-01 5.007482905781895921e-01
9.421407982921989888e-01 -1.160784009216452306e+00 5.835732341956616498e-01
8.453360674630180371e-01 -1.112762650301130529e+00 1.000840153410842204e+00
1.203087835285078011e+00 -1.067816262159449359e+00 1.212071774357196707e+00
5.037755575659381702e-01 -1.186549387408955436e+00 1.271320640986172368e+00
4.616566761452741696e-01 -9.668077358605207117e-01 1.492828059178725519e+00
nan nan nan
3.025272072097908715e-01 -8.306548974623233494e-01 1.702145808221319667e+00
2.976274917242821560e-01 -7.530235192532831467e-01 1.429473528795391246e+00
6.843058181324207512e-01 -9.512390385569162721e-01 6.482914113752327179e-01
6.145827639198279124e-01 -6.810103225824399864e-01 5.245052482747821765e-01
8.266103875771292353e-01 -9.426552577573958924e-01 3.197005243693299414e-01
6.321339267313461630e-01 -9.863793657885777666e-01 7.137879342557636175e-02
6.135072182091481086e-01 -9.742574125347633895e-01 -1.671387330520866243e-01
1.090930418663542012e+00 -9.946509241993982675e-01 -3.501196907743253650e-01
5.238538545131528057e-01 -1.255400974634011790e+00 -4.766355663233403095e-01
8.016703348561051712e-01 -9.308704137820377200e-01 -7.245820950769011892e-01
4.628268491092588643e-01 -6.800732409540455325e-01 -9.013060497890372780e-01
8.588078401574862353e-01 -6.327901474738523158e-01 -1.127026041824220171e+00
1.193593554395627310e+00 -9.102646191889021132e-01 -1.554576443184277235e+00
1.874006918870491534e+00 -9.654653414481907392e-01 -1.648287721243171466e+00
6.698638604999656021e-01 -3.169415151375704065e-01 -1.153060586982993962e+00
2.654088004656098843e+00 -9.374297500779460446e-01 -9.517233387426524693e-01
3.063442956910425785e+00 -8.476241868150332648e-01 -7.869517954699810636e-01
1.791105910613171259e+00 -8.704794851946318079e-01 -6.898452218463797525e-01
1.925720066455677504e+00 -1.074776415242380656e+00 -4.391220993203264755e-01
1.627660488788522430e+00 -9.170361921933216642e-01 -2.090463300060032004e-01
1.641368292601484313e+00 -8.882613300738280149e-01 -1.219347164475735878e-01
9.869316045318260455e-01 -5.158456157248452190e-01 1.557118967974831791e-01
nan nan nan
8.399417973863591014e-01 -7.327876127721705268e-01 5.871554088473514010e-01
6.166627490631640951e-01 -7.511647662120217728e-01 7.727988014588249577e-01
1.228599709201021239e+00 -6.808807117598209002e-01 1.129749446990355066e+00
1.001334015516922138e+00 -8.680697148049110190e-01 1.191153354099552697e+00
-1.941514580184032501e-01 -3.294370621261500931e-01 8.818712898775211695e-01
7.981421833201127747e-01 -9.061584790398922173e-01 1.496482091695695793e+00
6.669400070027741156e-01 -7.009751668773582800e-01 1.784309627521196928e+00
1.384121730420209417e-01 -7.015305806594746008e-01 1.649903509819591108e+00
1.079331493857868640e+00 -4.773606917565135777e-01 1.831775579329621984e+00
8.415184503909352021e-01 -8.499701736348213021e-01 1.572844814972524485e+00
3.976744381963480679e-01 -4.843341118983047200e-01 1.091996472608372182e+00
5.688103721072093055e-01 -4.966404720146085916e-01 9.764534013163445048e-01
6.412659907675982707e-01 -7.064476972631674734e-01 9.216128556433255126e-01
1.245527288147192824e+00 -6.999279111738159198e-01 7.935406952567811700e-01
1.126153917163761120e+00 -7.795201365875820132e-01 5.908323781986877243e-01
1.283751041423133898e+00 -7.232295413737019896e-01 3.293272329019863998e-01
1.946451326097464962e+00 -1.088484700968724406e+00 -1.470332294163571030e-01
1.695598140606959126e+00 -9.723869466395820282e-01 -1.094379744626214346e-01
7.976917222841436450e-01 -5.034878657773793620e-01 -4.237452222514208056e-01
9.038237064805977328e-01 -5.732683088949951378e-01 -4.369916801273117102e-01
1.717463032325764472e+00 -4.789714261056526867e-01 -7.156035852179751799e-01
1.402406229302511242e+00 -3.795833866372412824e-01 -8.057469081844380598e-01
8.039445835776306559e-01 -6.724191280167962637e-01 -7.983565700722030645e-01
6.523883743598686280e-01 -7.290803414838448182e-01 -6.524987408699017832e-01
5.592415813266451430e-01 -8.814060757223260989e-01 -4.687755319890367089e-01
6.851539846303361658e-01 -5.645281238634201060e-01 -2.378558403559918044e-01
5.877106610938838127e-01 -6.257918702662930155e-01 -1.737203329653404238e-02
9.188331655654514707e-01 -6.783648938339938983e-01 1.451262851782895991e-01
4.101444039139136022e-01 -6.197583572614175917e-01 3.283468939505784223e-01
2.487459823841695061e-01 -7.532278654131872031e-01 9.317984600663952177e-01
1.597211140023884479e-01 -8.790254140185211895e-01 1.145083860320699420e+00
1.724652897626005599e-01 -9.439196353818384289e-01 1.377224919764273858e+00
2.646062601199222208e-01 -7.946445989164792056e-01 1.704245507519777769e+00
-1.114587771822527773e-01 -8.212881820618918027e-01 1.290929196181600069e+00
-1.393542687776092026e-02 -7.747759557996897195e-01 1.727825235288927175e+00
-4.968911010417426111e-01 -8.511136026043231162e-01 1.365326289120976977e+00
-3.927907551051215140e-01 -7.494328106107184251e-01 1.160692015200047500e+00
-1.754794337864414855e-01 -7.425856287831845703e-01 9.160770943971111580e-01
-2.361280091686044913e-01 -7.416001228727977512e-01 7.605148470749089062e-01
5.216265727554498799e-01 -8.150438948640678083e-01 8.634767856108842565e-01
1.915348324609563169e-01 -7.552099742418213468e-01 5.975494945460873009e-01
1.410455264829418853e-02 -8.641825468974855262e-01 1.582094259572915385e-01
-1.651551186668377968e-01 -8.188075745920379012e-01 -1.808349425618756626e-02
-1.122089273992208647e-01 -6.933190650517701004e-01 -8.780604980838159490e-02
3.099854968133362587e-01 -7.882369033885329168e-01 -4.106116590576348591e-01
5.358310811931982220e-01 -8.232904647509204921e-01 -4.368668174533356097e-01
3.799461256128642828e-01 -9.298227271789959447e-01 -5.326435972567783450e-01
4.328366780152346216e-01 -9.366276596537259636e-01 -8.723191029335780611e-01
5.338672435214827372e-01 -6.721813635864531955e-01 -1.049497657251313720e+00
2.131381947598985360e-01 -6.713727547003888185e-01 -1.350993566520876987e+00
-1.372191400340809220e-01 -4.947204027024332262e-01 -1.242550808920005023e+00
1.328223407721061511e+00 -9.336619986159377937e-01 -1.641604655011698721e+00
6.340236814072295335e-01 -6.948609314371611001e-01 -1.534737021864496453e+00
nan nan nan
nan nan nan
nan nan nan
2.437227376035469573e-01 -5.627850960001596903e-01 -1.406347774590398725e+00
1.356195098429346657e-01 -8.292383143405058776e-01 -1.342137546701017481e+00
3.383876003167652358e-01 -6.149670880299829001e-01 -1.099323208500060378e+00
-2.891362307130571074e-02 -7.425462773881825740e-01 -1.056170384588327238e+00
3.465285563245450451e-01 -5.859107283725331072e-01 -7.067803379459922652e-01
-1.049238662438079783e-01 -6.995914721708575978e-01 -6.227084725686310440e-01
4.597451531290348836e-02 -5.460314104589677475e-01 -4.175285505908462591e-01
-2.135748121518404319e-01 -6.149509411809830350e-01 -1.993558577924917086e-01
8.212137037961373398e-01 -8.101327523285675181e-01 9.107178245543127992e-02
4.418747092707481228e-04 -5.161965386982757531e-01 8.860540322771091881e-02
2.662960699033600775e-04 -8.395990713153007601e-01 2.964958617419185538e-01
1.689992295067887229e-01 -7.658725414534099940e-01 5.763800382948580658e-01
-2.469601868499892161e-01 -6.659274031261841476e-01 6.729106381793642511e-01
-3.685752773163640250e-01 -7.425442852124316540e-01 9.006470449016297231e-01
-4.642557666481086365e-01 -7.831443746385163829e-01 1.190844040621329647e+00
-3.541670618537970938e-01 -7.955885509978861680e-01 1.533862488597023788e+00
-5.072581267062254984e-01 -4.931505744185528117e-01 1.448333815810666225e+00
-4.207388090200955277e-01 -2.095251645347527836e-01 1.355559627070309414e+00
-2.803418889727860019e-01 -6.582868890910008319e-02 1.420369401167626222e+00
-4.205826977133934053e-01 4.378146225708304945e-02 1.409346079324977463e+00
-5.572872347700541518e-01 4.216434563647178946e-01 1.534814394689735240e+00
-3.254045267741838554e-01 3.162385100537793980e-01 1.328235470738128088e+00
-2.233780098325294922e-02 2.956646481240648994e-01 1.243912394535027666e+00
-2.304846075801929017e-01 1.951929195069048162e-01 4.179145329856597257e-01
-2.229008106563122871e-01 1.604442454370833548e-01 2.608723554610416495e-01
-2.551380048667408196e-01 2.520178123632699219e-01 -3.688186233897153277e-02
-1.546017351936847528e-01 3.551514570198644472e-01 -2.574672112144858471e-01
4.904416181431833083e-02 3.983283783690366175e-01 -3.739697215913158068e-01
1.656154042675620774e-01 5.555414663819964460e-02 -5.117881905966406020e-01
1.732716411310152027e-01 3.466592044817887186e-01 -7.130558696640305616e-01
9.824427341889471754e-02 8.249573959750025609e-02 -8.580288761545550313e-01
8.209740066320330154e-01 1.993023926623227471e-01 -1.258401511759310587e+00
8.325711227326829666e-01 1.665903096786451043e-01 -1.234952693201856855e+00
4.796147937813933226e-01 6.358500461059883591e-02 -1.421623251765503859e+00
4.221511566976756114e-01 2.821124747461420390e-01 -1.710328709445455564e+00
9.072901235656329888e-01 2.061962475317936638e-01 -1.699384446742358890e+00
5.542018368749463963e-01 1.624739007433724236e-01 -1.564596655903419009e+00
6.732156472076987752e-01 -4.790654066487368135e-02 -1.265467193964298076e+00
5.184228546687551509e-01 2.585285213249590153e-01 -1.083876689332593291e+00
6.488338949345633377e-01 2.653590642494928487e-01 -7.665856988057162535e-01
7.302297484947021244e-01 1.543313441834403832e-01 -6.699282658459086992e-01
4.705626118746427666e-01 2.616247791679212620e-01 -3.290185508500353961e-01
6.872999343239571957e-01 2.550825288829255966e-02 -1.953898814131636297e-01
5.059745427954911445e-01 2.406509507035695106e-01 1.181701500410030359e-02
2.077690341176095412e+00 3.598268647351459126e-01 6.665896427555769721e-01
5.082112431350965798e-01 2.242770815327964629e-01 4.977126577082232051e-01
5.634621500915134584e-01 -2.372646332181893580e-02 5.932476929004906196e-01
1.367581292228427503e-01 2.729282696153206844e-01 8.381082960317645103e-01
4.028054252526848678e-01 1.587638243047275188e-01 1.115421440906696260e+00
2.150191571005510838e+00 3.792471787888790913e-01 1.948175349734549311e+00
3.015238199949368259e-01 4.634720287358020524e-02 1.347764699821517365e+00
8.210372239141514039e-02 -7.261059474084803622e-02 1.638639305181120998e+00
2.068073104940046092e-01 2.077403527782168968e-01 1.741195512099040554e+00
3.090238074470653684e-01 3.984343092950695109e-01 1.867279530221318318e+00
nan nan nan
6.934483421968786754e-01 5.169000852166156790e-01 1.872650034914261408e+00
7.475494348613349604e-01 6.010748404551182755e-01 1.562020849706960535e+00
5.742800594670375292e-01 4.111920948537447495e-01 1.370046870446746112e+00
3.422213071946623719e-01 6.055684676367791841e-01 1.037215497034807532e+00
7.034014941846719049e-01 6.367843177930515575e-01 8.978244712715102160e-01
1.168835364968707102e+00 5.060272194452200001e-01 6.900269810195096554e-01
1.395526680921771900e+00 3.696315461883499243e-01 5.815339092853677450e-01
8.844994117623580232e-01 7.957554798586830014e-01 1.303291330854169650e-01
8.106926476188790476e-01 4.050853886712384444e-01 2.207830139619193499e-02
1.085800419603757616e+00 7.414106067231894803e-01 -1.819347827226905356e-01
8.870864022037194818e-01 3.696142961535262561e-01 -3.949248430240543950e-01
6.118166530301473172e-01 6.468102281447875024e-01 -3.942227622318264513e-01
9.378515176307602452e-01 5.048641777068998415e-01 -8.476315657337573084e-01
3.295011241750402387e-01 6.849360232939359916e-01 -1.136661709335506698e+00
3.168986350325900259e-01 6.189279304834410800e-01 -1.224743872188212013e+00
1.065004988899515004e+00 5.934503248290563526e-01 -1.434377364094688190e+00
8.742284105316191489e-01 7.137925936188188603e-01 -1.464985972673887638e+00
1.286493916882775368e+00 3.590290278801903101e-01 -1.962735955770918528e+00
nan nan nan
nan nan nan
1.089298266433796014e+00 -1.511790231410381213e-01 -1.892104524453128489e+00
9.501578845326836831e-01 -1.750244928716818138e-02 -1.812855757139689050e+00
7.278190384227380960e-01 -1.463747435879469982e-02 -1.652025181795240716e+00
6.856476384269795110e-01 -1.026338333903279304e-01 -1.505950831766234677e+00
9.260062622884153161e-01 -2.803833341789954692e-01 -1.206811388506442873e+00
5.449894521141309678e-01 -9.302291606158635817e-02 -1.039419570768395307e+00
8.096437883194002039e-01 -1.989025118453971452e-02 -7.658033951480200940e-01
2.649441709696757630e-01 -1.875077071170249965e-01 -5.887063155204272924e-01
6.752726912934143844e-01 -3.283363944183076977e-01 -5.282793935108973660e-01
5.122071678283930396e-01 -4.439282944932867458e-01 -1.456088647191450813e-01
3.346584475595723585e-01 -1.120965250139457220e-01 6.763632698044001745e-02
5.056886248899543634e-01 -2.562988106608548589e-01 2.689576430741415225e-02
5.588570616733778973e-01 -1.080301446588453201e-01 5.054396809704551075e-01
3.770913982150180810e-01 -4.114353558187079374e-01 5.655257508616130524e-01
4.298045737930464849e-01 -2.527826998327594166e-01 8.854712834879101546e-01
2.736167885882974660e-01 -3.777813594301423494e-01 1.008563518945322812e+00
nan nan nan
6.159909875755079089e-02 -5.255201066659743736e-01 1.439258896504500784e+00
-7.087610816697994531e-01 -4.443877946027893766e-01 1.231265936390392612e+00
-2.716822712414745378e-01 -3.510339226609518470e-01 1.522847302977888839e+00
-3.549729011908968612e-01 -3.451008173860348194e-01 1.442757570376784537e+00
-5.863628253174046900e-01 -1.716865478329196448e-01 1.167969353529708654e+00
-4.822465543222048678e-01 -5.938853608629064695e-02 1.093623516062511847e+00
-5.896584340772370592e-01 -1.745024331781460658e-01 7.510505186505201936e-01
-3.074014249299828472e-01 -3.473846383626638668e-02 5.907704956085199077e-01
-2.839598408556496256e-01 8.773696022807991879e-02 5.933907018605137917e-01
-1.483754235935165477e-01 6.519878964831778145e-02 2.967397984571135128e-01
6.884002116934596904e-02 1.385368604413997687e-03 1.019447908510818790e-01
9.374945393433140040e-02 -5.799860934865364720e-02 5.938915876944593497e-02
-1.016204465237713767e-01 1.905781266871528490e-01 -2.108003286070207760e-01
-1.374755532345279530e-01 -5.861822858347466580e-02 -3.462958778325802567e-01
1.895525633460004578e-01 3.813314147959735723e-02 -5.567352487903020064e-01
1.601130510030754905e-01 4.223936639263086573e-02 -6.411084001218823047e-01
-5.046943089532877902e-02 2.719944744948162296e-01 -9.479033440030337765e-01
-6.098271565202113831e-02 4.775863799320475001e-01 -7.126124177601012022e-01
1.213112875074147390e-01 4.615529853221198020e-01 -4.532787780593262039e-01
-1.734030747711623188e-01 2.628478667442506467e-01 -3.259053125663156081e-01
1.231985869210705936e-01 5.516523710536407332e-01 -1.484280113262163581e-01
1.490527922525146376e-01 2.754518770861078547e-01 -7.501221588476839064e-02
2.867644756369608708e-02 2.483996464645502056e-01 2.043121078772130728e-01
1.623079164703672417e-01 4.032998736875827439e-01 4.203624046927050828e-01
-8.479645850120845485e-02 4.704425056290161833e-01 6.742147105833888876e-01
-8.898750104215508161e-02 4.730091828321011937e-01 8.345875526636363784e-01
8.291030361854845321e-02 2.319915491647205064e-01 1.179059350472693168e+00
1.425435075541119090e-01 1.984902377752430780e-01 1.365398473613952168e+00
8.136490617086403199e-02 2.329336410405968838e-01 1.397393001155031067e+00
-6.667783742203811648e-02 3.182221188198036121e-01 1.792813925864841229e+00
-3.745865814120581394e-01 4.531918342024616742e-01 1.664338446353042844e+00
