1.326761070059968350e+00 -5.813594573352817152e-01 -4.438279188782353835e+00
1.418169195931582749e+00 -5.170817229879840493e-01 -4.441950309625332771e+00
1.669115507686945277e+00 -6.283267137173267347e-01 -4.563726991863036098e+00
1.825833069877333070e+00 -5.789357809984876369e-01 -4.530492169515272671e+00
1.939706987670079430e+00 -5.409228238019843094e-01 -4.582935266223272741e+00
1.881702029376439711e+00 -3.335339501145618835e-01 -4.520148436731338926e+00
nan nan nan
nan nan nan
nan nan nan
1.866857910396753084e+00 8.040002891455060030e-02 -4.849826321776434135e+00
1.694696896683796750e+00 -1.317144126410613736e-01 -5.944427086452536813e+00
1.401782863854938110e+00 -1.554573850930206502e-01 -5.630872014216913968e+00
1.343655994878530935e+00 -1.723066200755394572e-01 -5.561257758047913669e+00
1.166306337652452729e+00 7.342621141282527908e-03 -4.705414314461282110e+00
9.601873391994979468e-01 -2.214246640264943833e-01 -4.873777092958085255e+00
7.716620290339815114e-01 -1.725366534030904064e-01 -4.715106908707564770e+00
6.170598242991708338e-01 -1.085680476573459147e-01 -4.643957882574806462e+00
3.996752425488884208e-01 -4.780985999812079057e-02 -4.989947039036141341e+00
2.021920242442871163e-01 -1.791688536109143359e-01 -4.899165215512266691e+00
-2.136461056468666811e-02 -2.727323126201752768e-01 -4.683943761285295437e+00
-1.629000940072417580e-01 -2.882035699424604358e-01 -4.914917871752632728e+00
-3.742278311279227943e-01 -3.930671255272975562e-01 -5.536233649831618031e+00
-4.625234459164969669e-01 -3.332100147601654294e-01 -4.720283227646340229e+00
-7.586713937987201728e-01 -2.023633072323265392e-01 -5.008266614727999055e+00
-9.505343938878385579e-01 -3.408761658415132012e-01 -4.891509630795760621e+00
-1.179723874470424372e+00 -3.896090234611225833e-01 -4.794473537224297033e+00
-1.111928288821464772e+00 -3.398503729318745892e-01 -4.628653712229160888e+00
-8.947866772901460486e-01 5.497397460429080673e-02 -4.072177780889670196e+00
-9.558697449733256635e-01 3.009061583538918949e-02 -4.261158970431455195e+00
-9.352337933159574623e-01 9.571944452491594479e-02 -4.034820879798545867e+00
-1.027247786415787845e+00 2.281042299397426365e-01 -4.050121101991717154e+00
-9.980645376761428933e-01 1.769667029407794578e-01 -3.707672735855796819e+00
-7.705163642334404983e-01 2.312561268268898962e-01 -3.811297851044869844e+00
-6.603692126024519604e-01 3.286743258221289654e-01 -3.787270920277352015e+00
-4.809782201091657439e-01 2.958935616911418376e-01 -3.807024794419201719e+00
-2.742540351171169344e-01 1.882489362613957995e-01 -3.753668204443856293e+00
-1.227519042701098601e-01 2.393284177788793099e-01 -4.012713077911375770e+00
1.408560017962538491e-01 4.101864712265412827e-01 -3.869691551076095415e+00
2.188701631389877722e-01 3.866083252403148540e-01 -3.896505186209962890e+00
3.758221398209027342e-01 4.935759406038858210e-01 -3.932241381388680068e+00
4.936501772450959669e-01 4.450899749901379709e-01 -4.271591219005260065e+00
5.696245464800505642e-01 4.900275042018334970e-01 -3.853675668012555455e+00
8.646463329384743712e-01 3.826931854329966298e-01 -3.860458196083159432e+00
1.110490733477971670e+00 2.504818688607696742e-01 -3.887215472130717053e+00
1.035583801161571449e+00 -5.391580559965272919e-03 -3.818904010693214612e+00
9.622925354688532940e-01 -1.312932853054859551e-02 -3.683190343290931423e+00
7.737227933777935940e-01 -7.253814109048209446e-02 -3.611740705710566157e+00
6.647573024434406674e-01 -1.505898916482382999e-01 -3.640191071095429720e+00
4.191498286633732473e-01 -1.551173221897802351e-02 -3.645321511852793073e+00
3.623910624329685914e-01 2.491916497782193166e-02 -3.751371987168144795e+00
-2.253092159024974728e-02 -2.684188525113910262e-01 -3.622530327028409047e+00
-1.907020003484681259e-01 -3.512367060417604381e-01 -3.685780108321076831e+00
-3.784938390308266731e-01 -3.874370574059965433e-01 -3.593449505911425756e+00
-6.312422396877096498e-01 -4.421627057750896483e-01 -3.898158629349369075e+00
-7.205561992027618157e-01 -2.941377850138837680e-01 -3.706617641169656974e+00
-8.845544687531914363e-01 -4.940131385214125981e-01 -3.633496166919874870e+00
-9.671361028597511567e-01 -4.463333611300163706e-01 -3.687762410790572876e+00
-7.985673872702214737e-01 -6.189714737398447353e-01 -3.785663695207096779e+00
-7.874808001005583202e-01 -5.008834292018818912e-01 -3.940120532992639202e+00
-5.590246164802775697e-01 -4.557372452823603703e-01 -3.782063324500154256e+00
-3.665423857527445040e-01 -4.752507845490717142e-01 -3.772491551251703434e+00
-1.848039644259743819e-01 -2.738789605686686723e-01 -3.872517758696363277e+00
1.799935639368570317e-02 -2.588657057003939110e-01 -3.855918484936634805e+00
1.823765901399219957e-01 -1.385667726389284982e-01 -3.759933482241374580e+00
4.168575965894478763e-01 -2.406483840101146798e-01 -3.875242684889661504e+00
5.658955342960312329e-01 -1.126048402799127712e-01 -3.974125176919204527e+00
7.454228349309541812e-01 -2.438489078941234456e-01 -4.095436173144483938e+00
7.731179652919391021e-01 3.779007729657322436e-03 -4.027786842421822833e+00
1.009764290564539424e+00 -1.206096749108649113e-01 -4.104707504913751137e+00
1.096577985541645761e+00 8.253713290996413099e-02 -3.943853677872740437e+00
1.245599012199595013e+00 -6.921827374029267121e-02 -4.398585124836900562e+00
1.083159877618261602e+00 1.444174203362197095e-01 -4.410107388659973537e+00
9.068127510754077081e-01 2.041214212641402070e-01 -4.313324023954831610e+00
7.000216748859718896e-01 -4.566813901870632464e-02 -4.420733212365251852e+00
5.494837637043474832e-01 7.650961506580813976e-02 -4.549401463217667363e+00
3.602341483074482653e-01 9.591352967299397736e-02 -4.733302046687166253e+00
1.177221847994124049e-01 1.326060867076466199e-01 -4.538340608020236644e+00
-1.138867868538553235e-01 9.290951536871554228e-02 -4.411310028764219737e+00
-9.502411296272894603e-02 8.655061271046333993e-02 -4.519167415257129505e+00
-3.960317841285016516e-01 -9.685523887810572330e-02 -4.452940213832626171e+00
-5.440722764347762919e-01 -1.819359148434732953e-01 -4.147807614516180408e+00
-8.366639798867008260e-01 -1.373197338643368515e-01 -4.458588230363139893e+00
-1.077614338759966373e+00 -1.202360715836655464e-01 -4.633466114370570210e+00
-1.017979065486636969e+00 2.071296129901608121e-02 -4.502050776208003313e+00
-9.707733568994975082e-01 5.808879795251329498e-02 -4.254980182807404532e+00
-9.982507744432269625e-01 6.777602599970584257e-03 -3.989551288579999966e+00
-1.169276129878379367e+00 2.287077682803417000e-01 -3.818997709604686541e+00
-1.057423662763748995e+00 2.586749161084834769e-01 -3.733089748159176935e+00
-7.425003459093115765e-01 1.864203366745112445e-01 -3.852556559253419000e+00
-5.834003617807288489e-01 3.037384234251775394e-01 -4.110727650232885111e+00
-4.130085202460517246e-01 3.519410531271012221e-01 -4.055911603939048149e+00
-2.256655395704517952e-01 3.445927147722702144e-01 -3.940521461094975031e+00
-5.034580711478133658e-02 4.277367119456780831e-01 -4.114446524312273645e+00
1.339081552390236352e-01 4.895589739666625362e-01 -3.836855800581861597e+00
2.477729905109060660e-01 5.253772069649533805e-01 -3.795301535584401531e+00
5.439061161227909391e-01 5.477153530085605571e-01 -3.780446701187998748e+00
6.749209611505876394e-01 5.277988957231252165e-01 -3.763748085040124369e+00
8.801953078941998632e-01 3.230622738954859741e-01 -3.756237497411896165e+00
8.913706363892137663e-01 1.985189840330222610e-01 -3.803669121165355271e+00
6.442897023298834736e-01 6.552845726152900507e-02 -3.976161086647522769e+00
2.896019283895935881e-01 1.618123480448289131e-01 -3.682296452331030423e+00
1.690564107449998507e-02 -5.471772398539574700e-02 -3.955371831483588174e+00
-2.114179668414233049e-01 -3.797399923984172421e-02 -3.937510943268038410e+00
-3.453459314893022047e-01 1.822279039666749034e-01 -3.810069957739027124e+00
-5.011822314301502823e-01 1.397078055369995742e-01 -3.691547708049469190e+00
-7.260361962767364341e-01 4.943326405940254992e-02 -3.662367032622874774e+00
-9.094947358499122503e-01 1.119650303649923767e-02 -3.675517155920658308e+00
-1.142959549712725176e+00 -7.821503700104628920e-02 -3.814090226404649009e+00
-9.443817243344756474e-01 -1.788303248738721263e-01 -4.125015063514990032e+00
-7.179930059572630086e-01 -9.882736823474183585e-02 -3.720345310796106642e+00
-5.155655660868957435e-01 1.056111275112424919e-01 -3.701062895585805368e+00
-3.599192570111802159e-01 2.021329326051243547e-01 -3.634171699408318190e+00
-1.056961127052225974e-01 1.590750940651670386e-01 -3.857833166001680691e+00
2.878667922152266731e-02 1.260106475378037216e-01 -3.883399654380793375e+00
2.565602031693794971e-01 1.225426418116035421e-01 -3.773765779200163983e+00
4.879872238215577918e-01 9.899091375061719322e-02 -3.812636309017594982e+00
6.232885512607631018e-01 1.706124298730261335e-01 -3.835909873301342810e+00
7.877272007848304947e-01 2.659978753164521370e-01 -3.909759406176840368e+00
8.752891515894020147e-01 2.737641091336782129e-01 -3.908209778174466908e+00
1.180507077571462560e+00 1.030509549788359708e-01 -3.973054062870887471e+00
1.245343337722971455e+00 2.843200697042864711e-01 -3.976077574244510249e+00
1.420717646844624538e+00 3.285241460487331455e-01 -4.074717923442404022e+00
1.521596425568397137e+00 1.097214105318436855e-01 -4.126413147427705930e+00
1.605700715438662440e+00 1.589645095738761726e-01 -4.420798579938021611e+00
1.497937203781099402e+00 -1.269346408755401938e-02 -4.311753448648794951e+00
1.520904907836077458e+00 -7.414651605280334068e-02 -4.619456971397903011e+00
1.417474638553667843e+00 -2.093574673747416182e-01 -4.716381178420504305e+00
1.151662185354469292e+00 -1.852497092152943226e-01 -4.449254283144830069e+00
1.004134504447489640e+00 -1.666479634798148091e-01 -4.379683177502764480e+00
8.846748401719081167e-01 -3.219752550294197047e-01 -4.431149780079845613e+00
7.042532250591683196e-01 -1.188963294215118066e-01 -4.520862565565596292e+00
4.510067494476394101e-01 -2.801555112715854445e-01 -4.284961515661424691e+00
4.005821858717556472e-01 -2.346154218138485348e-01 -4.370578408943375237e+00
1.639993571469461620e-01 -4.670229544014562473e-01 -4.979329501786813772e+00
3.320312679749850421e-02 -5.147884016629435955e-01 -4.583359253627510732e+00
-2.777028558365997046e-01 -3.950233875159334662e-01 -4.330264148469034069e+00
-4.230460803235151501e-01 -3.219445891945150184e-01 -4.388746468074787188e+00
-5.619023544926770031e-01 -3.943606976610015691e-01 -4.334027116226139675e+00
-7.911748798762202606e-01 -5.427764546777542609e-01 -4.626148110280326797e+00
-8.084720163644459889e-01 -6.210059613503724485e-01 -4.358688693010335236e+00
-1.244931912313321343e+00 -7.547420890059362009e-01 -4.925570748917977859e+00
-9.251833498309877113e-01 -4.793111745949760749e-01 -4.320343563503249662e+00
-1.073853216779268704e+00 -2.598770280714571834e-01 -4.076033568884591674e+00
-7.695848390829258534e-01 -2.580799226499836951e-01 -4.024152390053173711e+00
-5.822246564095647781e-01 -2.393559697777502271e-01 -4.268898472459918381e+00
-4.662694853585841459e-01 -3.065743614279377582e-01 -4.095476057687195137e+00
-2.201968593323512247e-01 -2.277051632319973262e-01 -3.990559078604399623e+00
-4.953659239167385042e-02 -1.278360476120508349e-01 -3.986091817184705732e+00
1.393008936975030920e-01 -5.871528304732878678e-02 -4.133550353020189583e+00
2.776338198952601477e-01 7.538903912395661204e-03 -4.113306424781002058e+00
6.005382684856233055e-01 2.158002643574982726e-02 -3.985209192694624036e+00
8.329861279619937831e-01 -5.612538830013465846e-02 -4.118801829648422341e+00
8.236394065514898166e-01 1.199325063743415104e-01 -4.033726398220333742e+00
1.189279888502682958e+00 -1.764016287867372149e-02 -4.351684859886901791e+00
1.168213141800043209e+00 1.808960302728005176e-01 -3.998533106476938936e+00
1.376290318215722008e+00 4.001795681843098307e-02 -4.292999503473463818e+00
1.481947701711569421e+00 2.141030798612134634e-01 -4.070530462907301583e+00
1.586265680879760831e+00 1.202144041225038235e-01 -4.188992325130004524e+00
1.417383137080662658e+00 3.354426331186141086e-01 -4.192921643435279400e+00
1.273986349424856890e+00 3.422845657282195253e-01 -4.196689052646203066e+00
1.099146185214813665e+00 3.446711051459311892e-01 -4.226611896467277418e+00
9.677798184021310091e-01 3.378638391015572617e-01 -4.276432020571240500e+00
8.455037893514568692e-01 2.127529851564023966e-01 -4.507874237296602971e+00
5.967425272337985032e-01 3.999624187809098785e-01 -4.295057457835585346e+00
5.424264760457837564e-01 1.671118684168482471e-01 -4.372032090636471580e+00
3.176554375762629667e-01 2.614998366610530867e-01 -4.254037110714411263e+00
1.187651804058398319e-01 2.919246378449546486e-01 -4.423510467650842770e+00
1.281218786809095456e-01 2.606479641739935516e-01 -4.397090409210663076e+00
-1.650636087714556499e-01 2.051963354590594923e-01 -4.426541139698549010e+00
-3.196848456314201892e-01 2.285035233214939843e-01 -4.199032537352358929e+00
-5.105775625147950247e-01 1.515842100073190313e-01 -4.460521160463390089e+00
-7.568321046294823606e-01 1.046011625512256737e-01 -4.421357637147523612e+00
-8.493039226518314111e-01 -4.164867565659007009e-02 -4.336473363380163981e+00
-9.659166714824771738e-01 7.381259357873537486e-02 -4.402746304134638855e+00
-1.031166827674607989e+00 2.998299699305084776e-01 -4.287733283976145060e+00
-1.018314294946269349e+00 4.647068149385885083e-01 -4.241308518364183655e+00
-8.737616688275707810e-01 4.606483023436463431e-01 -4.285670533531929394e+00
-4.296408444150414674e-01 4.831625263043667906e-01 -4.358735826208515185e+00
-3.386648157119783176e-01 4.003548697634163878e-01 -4.331531414966962146e+00
-2.467695038918392147e-01 5.621400823788774703e-01 -4.355519455375904236e+00
-1.482760519687742473e-01 5.592411396684167091e-01 -4.226914301326863743e+00
1.037482678975742284e-01 5.326016331992493580e-01 -4.267625427539823768e+00
1.593079752106286162e-01 4.829423864856038362e-01 -4.323372699768349925e+00
2.971763920699697081e-01 6.227991544453914674e-01 -4.679121710247772015e+00
6.151205020752804620e-01 4.906217311504258993e-01 -4.479724694727498679e+00
7.130636329869013412e-01 6.483775791249192233e-01 -4.360613032056183336e+00
8.191632146599270303e-01 5.068803523620288853e-01 -4.471126786761644212e+00
5.268356508592469956e-01 3.100887569130015287e-01 -4.591058933556350752e+00
4.425820675303466789e-01 2.211702515654604129e-01 -4.354158707126427608e+00
2.815732992786202371e-01 2.505416777792220939e-01 -4.451608967697938013e+00
2.402598730433377627e-01 1.554619072747052411e-01 -4.606516634030896284e+00
-3.498985670448560154e-02 3.690318632185877190e-01 -4.530181079700893676e+00
-2.437695816075888255e-01 1.492570422437912714e-01 -4.718007649170080420e+00
-3.907277067318362662e-01 2.873552382140372452e-01 -4.728936613804370914e+00
-5.072724453933141753e-01 1.943089011858128157e-01 -4.751461743859134224e+00
-7.078438381099979582e-01 2.369906111802459747e-01 -4.534196865724158698e+00
-9.032485160630983057e-01 2.046464312237608607e-01 -4.692538940241267831e+00
-1.027140260774791036e+00 6.246874644614352351e-02 -4.408219615073061703e+00
-9.182262206319538045e-01 5.918703308055979495e-02 -4.441076671800533227e+00
-8.749192061531581022e-01 7.210727427988737614e-02 -4.672724960000132377e+00
-1.134022987683397821e+00 -2.035573700481237980e-01 -5.018405069742298608e+00
-1.127765156034301386e+00 -2.520415711990650620e-01 -5.149428435728507836e+00
-1.057605804744219613e+00 -1.105370769353127974e-01 -5.095042847267468922e+00
-7.465915775165014034e-01 -1.874376552818241282e-01 -5.064696490867473422e+00
-6.623109122002465154e-01 -5.238058271879519195e-02 -5.321304416167404128e+00
-4.378300510756353847e-01 5.041663084410064749e-02 -5.035062097184944463e+00
-2.466334467994154567e-01 -1.048803189415221798e-01 -5.064754830013761477e+00
-2.511656095376813003e-01 -1.577042654033558589e-01 -5.240435843787286885e+00
1.495301882890609502e-02 -5.347001845111846313e-02 -5.928652349522186782e+00
nan nan nan
2.936996180142506518e-01 1.633111024743667816e-01 -5.048911255924532604e+00
4.611421258383717747e-01 3.250121112888114117e-01 -5.246874491640062921e+00
5.233968013392253926e-01 2.720822483238579670e-01 -5.323027826076921265e+00
8.935119246884024591e-01 9.314999526879774727e-02 -5.572441507342801081e+00
1.042580287004274853e+00 1.573641208459627128e-01 -5.305926680993930056e+00
1.119149580511129338e+00 1.808170512073734373e-02 -5.173169917411846619e+00
1.254942806352720375e+00 4.730617813783683651e-02 -5.416509370474451579e+00
1.363337064684188471e+00 3.398449804753175263e-01 -4.775520877687770671e+00
1.596918466746688692e+00 1.761744026555368270e-01 -5.039463735982175230e+00
1.632383382520879334e+00 -3.265523640256955129e-02 -5.041294279630267106e+00
1.388468013387237798e+00 -9.180335107839236730e-02 -4.722182390855393486e+00
1.229915957378290958e+00 -1.041941799961076248e-01 -5.334190141614381986e+00
1.197864200935256918e+00 -1.684670562158068485e-01 -5.451523009412451160e+00
9.894354416551233156e-01 -2.636913627027681062e-01 -5.241758883402645175e+00
8.482244256236763924e-01 -3.680503135231935063e-01 -5.014115355336061342e+00
3.079670930530864936e+00 -7.632111929769048730e-01 -2.659135404381142109e+01
4.388057272156152822e-01 -1.547540584616722559e-01 -4.968570046775949045e+00
2.576408380257969033e-01 -2.334819785130998471e-01 -4.747890687631587170e+00
9.005873156972500626e-02 -2.809614219612665553e-01 -5.111492305310517459e+00
6.250037980501096935e-02 -3.517632635275414477e-01 -4.782280725775277297e+00
-1.914767479760792479e-01 -2.809471437581354536e-01 -4.901747929167429518e+00
-3.529193970033311367e-01 -4.813084823337012152e-01 -4.816233821171362450e+00
-4.780038197341990314e-01 -4.912981156004645467e-01 -4.789496406055814504e+00
-7.147646073482506468e-01 -5.957337464912729752e-01 -4.975130762776460713e+00
-8.489044015495903484e-01 -5.977092719552478117e-01 -4.906583950380394299e+00
-1.017102696314986510e+00 -6.633818302659358901e-01 -4.825832422369434660e+00
-1.450538799895390030e+00 -9.924181466675023877e-01 -5.725629253495630344e+00
nan nan nan
-1.120842168301506403e+00 -7.495092421637162827e-01 -4.834483676052365730e+00
-8.588964032504458057e-01 -6.433192597456478534e-01 -5.191033056548726599e+00
-6.658406321739204214e-01 -6.452234657063796730e-01 -5.204781890426396274e+00
-5.210973724225093084e-01 -5.574559516558785788e-01 -4.791747330923465498e+00
-4.021421670186050012e-01 -6.321113482564099106e-01 -4.921323803858366652e+00
nan nan nan
-1.679366089413401875e-01 -3.776136479588315664e-01 -5.009759965291072703e+00
7.177401965398835793e-02 -7.901475891512060867e-01 -5.459481460094313121e+00
1.122530704840383337e-01 -2.910113451300009313e-01 -4.790733959573748812e+00
2.632270544475957541e-01 -5.259997290594274899e-01 -5.111780216221132100e+00
4.297125969704645998e-01 -2.794552390698831212e-01 -4.767756795229635358e+00
nan nan nan
1.157212631176517847e+00 -2.203150588171845503e-01 -5.449908553752635498e+00
1.393253411684945098e+00 -2.186276899471883972e-01 -5.650130034461576578e+00
1.438050426314252617e+00 -2.746491044475891097e-01 -4.727139795339776462e+00
1.343948140905649735e+00 -3.191155200325919428e-02 -5.245946820579943548e+00
1.748320540325665196e+00 -8.234669582031399482e-02 -4.776513790583750918e+00
1.805906572261544385e+00 -7.997346636656078867e-02 -4.726244809136421310e+00
1.685893181099958893e+00 -1.632063319136502211e-01 -4.489087163498084898e+00
1.604854010322291247e+00 -1.435061214494692261e-01 -4.710361133317242377e+00
1.369756338411014740e+00 -1.749871175688445246e-01 -4.417054193424102770e+00
1.405930647217431773e+00 -3.148473258305489741e-01 -4.622340514603394013e+00
1.141887958802735303e+00 -1.350375900646100247e-01 -4.422799542201518719e+00
1.158921966994506114e+00 -3.331121516190625464e-01 -4.404773807175441647e+00
9.690385434184920488e-01 -3.105866628774354155e-01 -4.347960109616177959e+00
9.241823167676972428e-01 -4.261619231274670350e-01 -4.417907765914881324e+00
7.603144969062946013e-01 -2.417139876446179614e-01 -4.414317727847742567e+00
5.573310480780324649e-01 -5.214722241267708558e-01 -4.159857783904882034e+00
4.565979342782793271e-01 -5.374065935764719137e-01 -4.419261611578926718e+00
3.285725258919783842e-01 -6.385721249703621982e-01 -4.549647719816848124e+00
1.740300066470146789e-01 -7.252475642063811456e-01 -5.019808212186060992e+00
2.017323676732713650e-02 -4.148727181983768997e-01 -4.572844707255712571e+00
-1.310344778355477247e-01 -6.625566311222068627e-01 -4.496343300425182932e+00
-3.484923965972210325e-01 -5.120120645403066773e-01 -4.318936784805224249e+00
-4.521271416010929078e-01 -7.350862555710298007e-01 -4.469662176375226004e+00
-5.985333478700639587e-01 -5.758973340985835687e-01 -4.333290318977067734e+00
-7.955410532907437604e-01 -6.154372880849486860e-01 -4.253125166444429617e+00
-8.463569245137507746e-01 -7.511405807291702263e-01 -4.450793670871147967e+00
nan nan nan
-1.206911478306200936e+00 -7.560701179325961530e-01 -4.697043443132445262e+00
-1.024356672111385258e+00 -8.473437653556554761e-01 -4.228622133498158853e+00
-9.839004521790267743e-01 -9.786987934825864821e-01 -4.231769356971661900e+00
-8.029448163606516253e-01 -9.459109133190339858e-01 -4.220832973714901293e+00
-7.922023507284663424e-01 -8.405605679168737243e-01 -4.266629356725808897e+00
-5.781655895047718152e-01 -7.601188907905956915e-01 -4.082226072650945170e+00
-3.133605776166871748e-01 -7.979656772922174568e-01 -4.204155977111564191e+00
-2.543252500893778412e-01 -7.134852132380877787e-01 -4.022134245022870758e+00
-1.192710689557441028e-01 -6.521745851840524688e-01 -4.251476393289912004e+00
1.359891170591676912e-01 -6.663118985124960592e-01 -4.304339900274036346e+00
1.234244608452841896e-01 -5.999843111333984513e-01 -4.224341850896638384e+00
2.824297698754987263e-01 -6.899884197018706367e-01 -4.264033841658056545e+00
4.248484214915838608e-01 -5.083185931525128209e-01 -4.111622175213628161e+00
6.046440830478923001e-01 -5.111708230310508805e-01 -4.036252181017761842e+00
8.095188338959766750e-01 -7.233657461554119372e-01 -4.091223432536263971e+00
8.326277300405506843e-01 -7.447534106728580516e-01 -4.196455975232177060e+00
1.084713208938371309e+00 -4.853991923353883076e-01 -4.045114096424222261e+00
1.100479431767117378e+00 -4.650855892403802927e-01 -3.970433658310830172e+00
9.079703135138277315e-01 -3.007590628265199295e-01 -3.909262501165221337e+00
7.623348254180632999e-01 -2.825692354099199055e-01 -3.942796432108483184e+00
5.776423441253120128e-01 -5.890919134575810512e-01 -4.080550918161207186e+00
4.471049406539921445e-01 -3.096158691523432926e-01 -3.895834209610310239e+00
4.246366144603628268e-01 -5.558611776886291933e-01 -3.978089219621873340e+00
-1.923090893258211087e-01 -4.238469652975287438e-01 -3.790441393404343717e+00
-3.531744149945233446e-01 -4.750855699662773768e-01 -3.974409484760950129e+00
-4.439219082887821410e-01 -7.245944357236875355e-01 -4.048293879862924882e+00
-6.451541483399233501e-01 -6.146929546502036823e-01 -3.770931360197913751e+00
-8.915246444514418611e-01 -5.874134785254356839e-01 -3.857615736560136455e+00
-1.034986925313761574e+00 -5.935263544576601102e-01 -3.765328506619103788e+00
-9.661928286699659196e-01 -8.322464180776647513e-01 -3.775199346410549328e+00
-8.252482027170806589e-01 -6.663786653057109932e-01 -3.793239862692541653e+00
-6.260789248737950174e-01 -6.551777196536116010e-01 -3.776823493880524296e+00
-5.101769994472054037e-01 -7.755885225912761971e-01 -3.971575992276413558e+00
-4.137694267010506022e-01 -7.513266644760067114e-01 -3.946459489564798417e+00
-2.551332591103151470e-01 -4.274394272503229120e-01 -3.709462085642418749e+00
-2.821958559612734452e-01 -5.148018921155705918e-01 -3.744411240636700278e+00
-4.776060183123927994e-01 -4.768665931913501077e-01 -3.558534701370848374e+00
-6.202874880995919993e-01 -4.407388357417343361e-01 -3.639430544049439664e+00
-8.347876121585685594e-01 -5.091595974173107608e-01 -3.566080531686137700e+00
-1.011032702749215195e+00 -4.715310504924399293e-01 -3.567749572789065571e+00
-1.144582237068838548e+00 -5.602206371469156121e-01 -3.532513084316925234e+00
-9.563516103850709937e-01 -5.129681369880531028e-01 -3.535252730248807929e+00
-1.010870956080451633e+00 -3.417319083530130919e-01 -3.544101365880109711e+00
-8.466766054452352641e-01 -5.116381242200509494e-01 -3.618821008195672206e+00
-6.053060814507150722e-01 -3.492158211607016560e-01 -3.471802023473737897e+00
-3.616597206462443537e-01 -3.483650711342148876e-01 -3.616106614192763580e+00
-3.025837011877204885e-01 -4.235936978994915281e-01 -3.503671876568950072e+00
-1.447699905549981181e-01 -3.876399756511731409e-01 -3.516770901580682285e+00
-1.090099903242168749e-03 -3.846804522699959761e-01 -3.509021645584576188e+00
7.261824561976645831e-02 -2.654853339621509600e-01 -3.414086019689243745e+00
2.789306581350955438e-01 -1.050010196104833593e-01 -3.664106157042200884e+00
3.420845636555061020e-01 8.492459659444177161e-03 -3.519157943002415134e+00
5.563071359845771502e-01 -1.097973457034469996e-01 -3.651793108141526911e+00
5.610235789438267062e-01 -6.705422862746267254e-02 -3.694810155361688331e+00
7.713600425388669191e-01 -2.104405710992633405e-01 -3.496724227029007981e+00
8.482763808713646991e-01 1.932529494067474277e-02 -3.571058447361020960e+00
1.069860183285793465e+00 -1.395344215077288716e-02 -3.347954715812994753e+00
1.079260469663563038e+00 4.815610263740471853e-02 -3.596418426737605589e+00
9.746435303144359574e-01 1.324204784031191851e-01 -3.524598384621761671e+00
8.479162971654393699e-01 1.855129497879643430e-01 -3.444778452119764189e+00
6.886263242836733189e-01 -2.803856090931538397e-02 -3.422859321129123611e+00
4.620902734123231159e-01 1.996086632825437301e-01 -3.480146179461577560e+00
2.915981870236588613e-01 1.142984117629198271e-01 -3.706940012102061921e+00
1.785248541332223604e-01 8.901259972380776153e-02 -3.710435195653365437e+00
-6.218579272780875265e-03 1.602529012555713173e-01 -3.417839264132856769e+00
-1.217303706780227673e-01 -2.497697846663999438e-02 -3.376279309686655683e+00
-1.499877164158574527e-01 -9.401552644083432941e-02 -3.391789042576260016e+00
-3.562818002665791295e-01 -5.000775100104294657e-02 -3.640432274288484926e+00
-5.427763041980812053e-01 -5.439982898319827703e-02 -3.282884655910161875e+00
-6.998044332961488312e-01 6.890164063718696823e-03 -3.429382392871232810e+00
-8.630102683395209917e-01 -5.523826023519504830e-02 -3.696755726087395111e+00
-9.733419644907286283e-01 -2.907833806613493999e-01 -3.556084832082785585e+00
-1.175583763165364726e+00 -2.616093390372043470e-01 -3.681966675352402074e+00
-7.412221905535552047e-01 -3.279690033852497230e-03 -3.328738418753254269e+00
-5.707943724001294239e-01 8.047727292645472097e-02 -3.447490341559935612e+00
-3.777191604330843444e-01 1.064930683564775521e-01 -3.435300266144409864e+00
-3.427146414251527884e-01 1.530793349364095168e-01 -3.425612306088484882e+00
-1.680866857099599099e-01 -3.947366118284140191e-02 -3.341173148249082736e+00
-3.807242685741629024e-02 2.283074447850272914e-01 -3.450308207728278731e+00
1.689619535594966415e-01 3.621306449975204150e-02 -3.370257062327088438e+00
2.636599124559177998e-01 2.554575894513282930e-01 -3.491939651639403230e+00
3.932311362547634137e-01 2.111372391463351983e-01 -3.373920333010522743e+00
4.629987272469314186e-01 -3.402704727570678850e-02 -3.543270781119956414e+00
5.742315758928576708e-01 2.689047891690279357e-01 -3.399762642796456458e+00
8.321390129280341608e-01 1.269142451585409115e-01 -3.730788752127055297e+00
8.917691253495787507e-01 2.296039015587146570e-01 -3.757325145416324119e+00
1.017855890094781168e+00 1.824405655055642561e-01 -3.384972260069320615e+00
1.098304556458346015e+00 3.354289274290433998e-01 -3.415200060640584567e+00
8.845427628214588278e-01 5.608194975678855165e-01 -3.636125030291138316e+00
8.290092343054443758e-01 5.181047102946305660e-01 -3.584788496398914948e+00
6.057068846439476184e-01 2.912174698688683727e-01 -3.720378784350399926e+00
5.841936106088787550e-01 2.970359133795907880e-01 -3.741133780155628585e+00
4.420456977320445513e-01 4.013268878205211720e-01 -3.576292808314092131e+00
2.720369215033837107e-01 3.469000995163706302e-01 -3.812293374604616147e+00
7.094050430889549397e-02 3.692923656051461112e-01 -3.559523199247045078e+00
-1.145034335363552258e-01 3.312140878110721998e-01 -3.775384661900954342e+00
-3.449034631597187039e-01 2.942516431059211124e-01 -3.809506817560182057e+00
-4.528167958192199638e-01 2.335491643420492813e-01 -3.712521496859063852e+00
-6.167681691143271916e-01 7.604158237680133658e-02 -3.648393786047623433e+00
-8.033411861058223913e-01 5.113828240560117783e-02 -3.538879525520123082e+00
-9.467767173869431341e-01 1.370292767024454059e-02 -3.725476577176976001e+00
-1.174876494341093869e+00 5.100111828572096578e-02 -3.548153285433804704e+00
-1.116947519631968033e+00 2.271935255073629645e-01 -3.588287876255140230e+00
-1.097837118621029617e+00 1.992176019152195054e-01 -3.493206148647705067e+00
-1.076419937266747562e+00 3.767476217958516949e-01 -3.452564125011808649e+00
-8.892379942542393279e-01 3.364602152943823588e-01 -3.432921203932035148e+00
-7.325579101264718673e-01 3.022888255261193535e-01 -3.503032129774435344e+00
-5.841096162368127898e-01 3.413185855399775703e-01 -3.537192347504975132e+00
-3.092281790197235480e-01 5.109211651908394103e-01 -3.836530317280036684e+00
-2.799082321185024647e-01 5.543722159807623617e-01 -3.839440266059120699e+00
-1.954714910825747914e-02 5.722222438130430966e-01 -3.661412897462760885e+00
1.338894334072702752e-01 6.294916739707613340e-01 -3.688538318992723664e+00
3.336446611791936134e-01 5.296285978474167822e-01 -3.515566660235981633e+00
5.369419815696374609e-01 5.282968676991450785e-01 -3.683152873095489888e+00
6.144998460049955202e-01 6.927659168125838152e-01 -3.582910533677441389e+00
8.425364623486185645e-01 5.393233716639898034e-01 -3.634932075882030933e+00
9.222299709648107413e-01 7.501159922311202433e-01 -3.659769731909161550e+00
9.771178556869463128e-01 7.189226595926526686e-01 -3.639037361417489347e+00
nan nan nan
nan nan nan
1.193598705821869110e+00 7.596358590670707622e-01 -4.227594422470040136e+00
1.034362933571982390e+00 8.916926510457181543e-01 -4.006262681665811343e+00
7.929065565991515463e-01 6.603801347217255202e-01 -3.950476168330118831e+00
4.071801002669732661e-01 5.875191375855235432e-01 -4.017930119121433385e+00
2.019970369827194523e-01 5.676996617476843809e-01 -3.828452498047803854e+00
3.348473504920991550e-02 6.426749274142039559e-01 -3.816854668690504049e+00
-6.631220595957830477e-02 7.405484309301432200e-01 -3.975840892253097891e+00
-9.702995833491553923e-02 6.726803819549777019e-01 -4.064548917871849909e+00
-4.647060940790898043e-01 4.566231075847645426e-01 -4.169206785427477691e+00
-6.964582098023487378e-01 6.293794071800373757e-01 -4.124692517223035537e+00
-7.961231618195568904e-01 6.488553770588294523e-01 -3.909161609067616006e+00
-9.628944987142682432e-01 4.903763451912059868e-01 -3.751317389201596963e+00
-1.104558516759899911e+00 4.272416272785630742e-01 -3.936100446504925632e+00
-1.123390888031882806e+00 6.101070444396365922e-01 -3.776448946405886353e+00
-1.030727492628353170e+00 7.275544829020911264e-01 -3.901197208011982109e+00
-7.878607888154479655e-01 5.786710504146792555e-01 -3.883306317742470259e+00
-7.433673023374131050e-01 7.422968499521543917e-01 -3.862697659562164709e+00
-5.475530393872234391e-01 7.349885415312451542e-01 -4.069771832786615917e+00
-3.510316560747643866e-01 7.916003390853191268e-01 -3.817393293474365290e+00
-2.111338792257494990e-01 7.846503138722566995e-01 -3.986608780248837913e+00
-5.338202328579558231e-02 6.519460547868421996e-01 -4.059166804584504185e+00
5.835617109399486580e-02 9.183162452038742263e-01 -4.017552162118454895e+00
1.882086564797509631e-01 9.093220490986639870e-01 -4.029076802018479952e+00
3.278216952619392166e-01 8.351260128450309628e-01 -3.929139310690897169e+00
4.071165142395750114e-01 8.205883851903748027e-01 -4.218929629788394919e+00
1.860979807806141251e-01 8.090449426569007452e-01 -4.024814907175848333e+00
1.462310092985195653e-01 5.636171403093791499e-01 -4.069262798833223727e+00
-6.672568616513099848e-02 8.049799028019076763e-01 -4.285113978955397585e+00
1.121073554376832981e-01 7.201454638890965043e-01 -4.023480878829925445e+00
-1.872323883650810761e-01 6.857712682465889609e-01 -4.431712069203451065e+00
-5.280864656708211813e-01 7.383373926794035702e-01 -4.167976922524356809e+00
-7.354196161970385504e-01 6.990321725065572478e-01 -4.157226849007022551e+00
-9.446836000870723060e-01 7.077767899316474987e-01 -4.307975140827963401e+00
-1.091547538434595399e+00 6.183848055932417154e-01 -4.376900843041910960e+00
-1.135399525252902775e+00 5.769583878949232636e-01 -4.084313914542697432e+00
-1.054844750141325616e+00 5.962431086875791264e-01 -4.406388873843990694e+00
-9.244401933245137704e-01 6.730238798174160708e-01 -4.198837924624966966e+00
-7.282933885192630630e-01 7.273693805482062125e-01 -4.216439900778684802e+00
-5.408361527571194927e-01 6.896745632331089393e-01 -4.143687391831759825e+00
-3.419933952252126041e-01 6.454320066940884004e-01 -4.023147279778915397e+00
-1.091684021673630933e-01 6.668788383064921943e-01 -4.032411019700917976e+00
-6.621562115006868199e-02 6.462238212462957376e-01 -3.950136096377935058e+00
1.025776640435908243e-01 9.253691756684536696e-01 -4.278261122500262914e+00
2.166560979967701028e-01 9.562620579165104218e-01 -4.232744386187984098e+00
2.111071338959121246e-01 9.708608663221113266e-01 -4.563887999672446405e+00
4.000386599473576554e-01 9.874627761446345131e-01 -4.229618849086537402e+00
6.461384486119120529e-01 9.462200808604409596e-01 -4.256199109904267530e+00
6.792537779569125522e-01 9.923808311233075496e-01 -4.309566065516177602e+00
8.787334991197625067e-01 1.105760683306549419e+00 -4.577579674463949644e+00
9.193558267161978659e-01 1.101832315917468774e+00 -4.461571866643584627e+00
1.174428074411234757e+00 8.680922181334854715e-01 -4.619159158399727794e+00
9.937478054851066611e-01 9.549939961259711341e-01 -4.409616584934346939e+00
8.133931887467372723e-01 9.433414645300650658e-01 -4.588533373668732374e+00
4.021676482451950196e-01 7.299967803207543238e-01 -4.325707875094781940e+00
2.980690253245072974e-01 8.742292317443928207e-01 -5.239824321049584732e+00
-1.445590913558568794e-02 8.136699881294819914e-01 -4.404088231147262888e+00
-8.349158096059580703e-02 8.641222777562616031e-01 -4.989362528562568677e+00
-2.033088553883132255e-01 6.749851414978126352e-01 -4.611309850181029901e+00
-2.110987325917737245e-01 5.734138346983141954e-01 -4.448481418952635380e+00
-4.487906774336109517e-01 7.540025481521848150e-01 -4.466452928043020520e+00
-6.200378890791733433e-01 6.041568832044466042e-01 -4.399942783971080296e+00
-4.748264874796696011e-01 5.311427109346643638e-01 -4.248301513555529318e+00
-9.859806938454352965e-01 6.578983555023513174e-01 -4.518857664250700346e+00
-1.144638850912649053e+00 5.972532478661036759e-01 -4.404762792159313101e+00
-1.011561726331759115e+00 6.041245488274336051e-01 -4.512860424901228740e+00
-1.129126403467856088e+00 6.030334542690825028e-01 -4.806081456269768459e+00
-9.330809412615882481e-01 4.433689802974953298e-01 -4.559273231375390090e+00
-8.676806371170887600e-01 6.811411736219714630e-01 -4.723659771246718542e+00
-6.735597731512156239e-01 5.037630138460998941e-01 -4.696277014682557649e+00
-5.843302930294117514e-01 7.326626735197413476e-01 -4.759681928179644750e+00
-1.517163327351206403e-01 6.934880405395171810e-01 -4.643530843075128089e+00
-1.387351159732775341e-01 7.340168727138464133e-01 -4.515074090277465757e+00
nan nan nan
3.051925755274871310e-01 9.569737281265450202e-01 -5.005685512787224845e+00
2.827923630257008214e-01 6.538800487274410989e-01 -4.486775245586193783e+00
3.552130568564411117e-01 9.486710053894894523e-01 -5.039611120337323946e+00
3.819312735285699256e-01 7.028217538457935953e-01 -4.596911212785085965e+00
5.226645081842345997e-01 1.069953703451970162e+00 -4.808093525015690872e+00
9.913882554799549052e-01 8.185793608261381360e-01 -4.729175016105024554e+00
9.453081172421867739e-01 7.349674623088164882e-01 -4.773861068470172775e+00
1.178189316165661582e+00 1.184255055219880060e+00 -4.805658699008278134e+00
1.210408029086931903e+00 1.132996519172686956e+00 -4.689272365521424568e+00
1.329073715004258416e+00 6.996941531987175278e-01 -4.815958931156147926e+00
1.467965243851056201e+00 7.550907765732940424e-01 -5.290203097980612057e+00
1.013606075029324760e+00 5.883598070720919004e-01 -4.848203321061537174e+00
9.878315426469899130e-01 8.008408816103285144e-01 -4.904113595723775809e+00
8.974637181396403207e-01 7.789307064310984074e-01 -4.855370776304951619e+00
6.493253886400197628e-01 7.367360459217274782e-01 -5.418754847757695003e+00
4.068997186888241857e-01 8.605329604620167716e-01 -4.002812657712538247e+00
5.878197784840034634e-01 8.072443977292791395e-01 -5.936390390722625199e+00
3.170408368195938853e-01 5.374565925348658846e-01 -4.667977297042393836e+00
5.463034944575997226e-02 6.372379408570587600e-01 -5.067553352905654229e+00
5.320565840307543010e-02 6.154343809179381175e-01 -4.712473556041049783e+00
nan nan nan
-2.380256541180245378e-01 4.391801163268674868e-01 -4.901139533847102214e+00
-3.068116806833773857e-01 5.757969507544413723e-01 -5.066536888413557094e+00
-6.163405368022747410e-01 4.761180975672391624e-01 -5.045476950360627377e+00
-7.030401957098514343e-01 3.663125012537788439e-01 -5.328731020307508004e+00
-8.790159564477092458e-01 5.180779753059688852e-01 -4.843372666614201627e+00
-1.011725578020908678e+00 3.231341924359359963e-01 -4.811116926305254893e+00
nan nan nan
-1.167800077001134973e+00 2.038368285003652747e-01 -4.703791567322738842e+00
-9.598423039886917474e-01 1.972694179392350255e-01 -4.652182849877287474e+00
-3.633971055420431306e-01 4.401057498904124010e-01 -4.857080315479467281e+00
-2.436829751821131540e-01 2.738950116654905176e-01 -4.750706382124526783e+00
-1.016123031333659721e-01 4.777102976947680824e-01 -4.915237359517702131e+00
3.885060288946666496e-02 5.755204900141872582e-01 -4.745955116013724329e+00
2.097655441057659220e-01 6.118379401983163879e-01 -4.698339996162482102e+00
4.170335019556484779e-01 6.076252496549426896e-01 -5.024945992601909772e+00
3.748136051686915549e-01 8.816238062761839744e-01 -4.631312848948850203e+00
6.495937784824429295e-01 6.605150182414248894e-01 -4.754003949866890011e+00
7.603006041907769408e-01 5.473259203913498627e-01 -4.446831569745950397e+00
9.955124403350964490e-01 5.105856294292471231e-01 -4.698511880456630152e+00
1.316007273319971471e+00 7.527405692036324147e-01 -4.924758959673109615e+00
1.486808794569723924e+00 7.355312308457744308e-01 -5.416589512324310185e+00
1.032183160416485279e+00 3.066017422560303740e-01 -4.511815870918844062e+00
1.116663695947770263e+00 5.042689333248576711e-01 -6.076194927606248797e+00
1.078907372465178094e+00 3.646615709479521517e-01 -6.384393792557830238e+00
7.963642998717556098e-01 5.024831088013167468e-01 -5.472192899910223396e+00
6.059286138185656645e-01 5.908223003330506096e-01 -5.633658474682195383e+00
4.154051856040920643e-01 4.672563305492473118e-01 -5.424649879873130409e+00
3.592591923624460226e-01 4.291358614992109577e-01 -5.442320643044348927e+00
1.091348733965823853e-01 1.799993881817313623e-01 -4.948877912501512988e+00
nan nan nan
-2.598974801209202323e-01 2.755868639088163152e-01 -4.931086373271868162e+00
-4.333560062883284325e-01 2.797457745965478693e-01 -4.795885819648250781e+00
-5.795303523869997919e-01 9.749979624622127916e-02 -5.280749032668150100e+00
-6.901446077153532421e-01 2.470874070212373819e-01 -5.150019154677267785e+00
-5.798928603014360528e-01 4.231769115987732421e-02 -4.158426258172254641e+00
-9.497131516229775361e-01 2.417453118419659319e-01 -5.048503796646824249e+00
-1.147157952894433564e+00 5.510634216242304290e-02 -4.962293240932487137e+00
-1.137059501701754627e+00 1.374340627094732259e-01 -4.558433217448315311e+00
-1.079054350743332558e+00 -1.607823828471084127e-01 -5.237652312791748699e+00
-9.889861167623423821e-01 1.824295103757305747e-01 -5.082444167953751091e+00
-6.583040865639293582e-01 5.226101299030706110e-02 -4.641014156080903064e+00
-5.487392895228490053e-01 6.340135967476534518e-02 -4.752043699490443807e+00
-5.297637891945358168e-01 2.177175398290547848e-01 -4.827574960188093733e+00
-3.371171017519139501e-01 1.702140891681770407e-01 -5.250328516031911086e+00
-2.227869840115638822e-01 2.776322554008149313e-01 -5.147175236487428585e+00
4.931392824604940908e-04 2.668170768167648643e-01 -5.218735685644904976e+00
3.964605144344054422e-01 5.457497663039716507e-01 -5.690287759806254897e+00
3.461198089018962532e-01 4.820358150554340249e-01 -5.495649696341116552e+00
4.980654627454459971e-01 2.963416014238139939e-01 -4.730560800183251757e+00
5.142452049926072855e-01 3.378169123062459978e-01 -4.816230423904378277e+00
8.634870739548899943e-01 2.309477551242654636e-01 -5.358842890761882138e+00
8.921819765237518629e-01 2.094417640484005916e-01 -5.102451416151390085e+00
7.432224322410885264e-01 4.859675367381132705e-01 -4.708634572812514740e+00
6.043194244056772080e-01 5.172835126064239120e-01 -4.625883582318833120e+00
4.328722963276877556e-01 6.048377972523890644e-01 -4.604599595469022866e+00
3.360079830284571356e-01 3.193496214736049610e-01 -4.682333434076547007e+00
1.514338828019703709e-01 3.346244125685330362e-01 -4.649837105690645345e+00
8.042125506387352851e-02 3.073219231794976358e-01 -4.921037275100072605e+00
-1.262360838476556668e-01 2.871601373161968840e-01 -4.566167327749588445e+00
-6.088158218957896439e-01 2.926495240317945612e-01 -4.549176401928963109e+00
-7.968076552755442021e-01 3.551556205490871143e-01 -4.531099700194057611e+00
-9.722603901005120175e-01 3.589423352016762325e-01 -4.581122276008465555e+00
-1.169965579328236638e+00 1.814513372468172514e-01 -4.671237630523320306e+00
-9.376295328544163032e-01 3.164718746256332538e-01 -4.344642415285976611e+00
-1.229643137795000563e+00 1.931478681892340454e-01 -4.468286623484662101e+00
-1.059222186289107581e+00 3.667230924687938098e-01 -4.077677598073067955e+00
-8.787315572292863086e-01 3.185178796989255323e-01 -4.111384779308035142e+00
-6.654891530533019184e-01 3.340328467844198568e-01 -4.235900678781896467e+00
-5.630538925950565599e-01 3.680330755642357565e-01 -4.170439778335944148e+00
-5.242816262223197743e-01 3.201049078569853656e-01 -4.747952247273583559e+00
-3.773486260386254010e-01 3.607073112321286801e-01 -4.462464758396490261e+00
-1.063665377165318726e-01 5.385319801662025174e-01 -4.289121870666293468e+00
-1.577096839409926603e-03 5.569885310162292491e-01 -4.127923986418940316e+00
7.685790324319037581e-02 4.727085117138541404e-01 -4.139143786588518559e+00
3.644022466119123949e-01 5.538794299774580931e-01 -4.417197476111935472e+00
4.150050180510832520e-01 5.594373224689351831e-01 -4.583502386395593931e+00
4.420134310776762665e-01 6.710790094868758215e-01 -4.472035307743544408e+00
6.947296429865683631e-01 7.316097071296882026e-01 -4.465638590176583378e+00
8.801128133949148724e-01 5.606179320726357718e-01 -4.477492063394366895e+00
1.045106043462957768e+00 6.494745086599069683e-01 -4.202483964940153527e+00
9.366846108706730067e-01 5.398548954723192406e-01 -3.936132168017579591e+00
1.397285361603568088e+00 7.707632762709137886e-01 -5.014593520067534449e+00
1.243160483437223851e+00 6.538126054562677369e-01 -4.488166057493812922e+00
nan nan nan
nan nan nan
nan nan nan
1.106884414943362538e+00 5.773073087042160934e-01 -4.201750172359079549e+00
1.001538528987143906e+00 7.709341101801201468e-01 -4.169732293227586872e+00
8.928227213056527667e-01 5.494035072837620826e-01 -4.319876156678353674e+00
7.816124104726415167e-01 6.742868272532186458e-01 -4.075926656207728094e+00
6.154296982350933032e-01 4.565125324817434493e-01 -4.374783134168430898e+00
4.630286199102551237e-01 5.730926244313332418e-01 -4.072961807355834907e+00
3.635471193097027931e-01 4.080917039478197950e-01 -4.188856397411577781e+00
1.528344572376716948e-01 4.470223169917368899e-01 -4.038830899984811929e+00
8.298602727343019902e-02 4.233921005007717508e-01 -4.861359552952563057e+00
-4.498297787410237766e-03 2.999704406721342975e-01 -4.219852254502585609e+00
-2.046090882993082116e-01 4.972144327190185509e-01 -4.294215209063001026e+00
-3.674262966826940535e-01 3.747299127086525239e-01 -4.444680091677062350e+00
-4.899049963859279933e-01 3.301037952982235901e-01 -4.139830582419406824e+00
-6.860590959978470904e-01 3.578506405618243069e-01 -4.092874601304712812e+00
-9.174434827385133939e-01 3.453390719178435209e-01 -4.068138696155423339e+00
-1.148788842377554742e+00 2.804028791552041211e-01 -4.196697883687296127e+00
-1.065380788513756061e+00 9.299130005013282740e-02 -4.030038998781195758e+00
-9.403103401950044793e-01 -1.055879592814021328e-01 -4.039976399424004327e+00
-9.417632283579768782e-01 -2.369263500568638547e-01 -4.130621377906074976e+00
-9.398647144901172146e-01 -2.992122812090336481e-01 -4.011063611161798548e+00
-9.943249124860994437e-01 -5.812807979056029417e-01 -3.874111961468651000e+00
-8.235174973810134302e-01 -4.927350394003442435e-01 -4.030500121279016135e+00
-7.160938589675717170e-01 -4.956217760424850294e-01 -4.243230401136465879e+00
-1.698559720977228238e-01 -2.507720973878688198e-01 -3.993917104204543378e+00
-6.068199181039736489e-02 -1.980047811682848768e-01 -3.983177355911136530e+00
1.630429307075636214e-01 -2.071812532269588225e-01 -3.906223140214798661e+00
3.546823836142902753e-01 -2.531710448614787889e-01 -3.934961880640669207e+00
4.788705215966423956e-01 -2.856819873321428949e-01 -4.061636625090918606e+00
5.443693126993660591e-01 -2.465906101775484568e-02 -4.177193190023860581e+00
7.359283028887935174e-01 -2.004685183009073668e-01 -4.113815622982280651e+00
7.872996689379252455e-01 2.567550282950255280e-02 -4.077297534586922900e+00
1.212952134154581030e+00 -6.562467875517136173e-02 -4.533852867766349881e+00
1.192871698714536688e+00 -4.737759342652584499e-02 -4.550179466305679377e+00
1.253646129041366297e+00 9.961688188399901722e-02 -4.282071285470419042e+00
1.486360237570795162e+00 -6.066290776484020535e-04 -4.169733794094311108e+00
1.546374733872090568e+00 -3.842004580203144527e-04 -4.536176696338858783e+00
1.384367927783004326e+00 4.551896778516523884e-02 -4.302983919478191588e+00
1.155501875173507331e+00 1.312319031900515687e-01 -4.460487184829168505e+00
1.046516173845075004e+00 -1.071484007617660578e-01 -4.328167460797177846e+00
8.400560708189617198e-01 -1.836464133261440090e-01 -4.465314158443487891e+00
7.664875145848314419e-01 -1.293823021359563896e-01 -4.553717311670137491e+00
4.944868008765032630e-01 -2.405342573688752372e-01 -4.394961324231807964e+00
3.970959956530885071e-01 -1.169001715992846469e-01 -4.605077010952199679e+00
2.511323460215245662e-01 -2.907390983780447913e-01 -4.469944501304127016e+00
5.525496671710092983e-02 -6.669583695695070480e-01 -5.688607828213776862e+00
-1.016222083721604608e-01 -3.668687472029889540e-01 -4.539688905394537066e+00
-1.998870957901739687e-01 -2.101109174698337079e-01 -4.628491001085244250e+00
-4.006907247602235489e-01 -4.231634940926558563e-01 -4.307681160710740365e+00
-5.747699506483502363e-01 -4.193955096993321474e-01 -4.555753859706124231e+00
-8.545284446989140914e-01 -9.204708638179315283e-01 -5.912199809621294655e+00
-7.764530391290832556e-01 -3.687092840508063296e-01 -4.529393080097510627e+00
-1.040781275603775535e+00 -3.109624586207621055e-01 -4.425668139244240074e+00
-1.050883310898061751e+00 -5.466138650394672949e-01 -4.490381405220861488e+00
-1.095538729369862629e+00 -7.189750663914542539e-01 -4.554717429934375339e+00
nan nan nan
-1.017938657186640228e+00 -8.478752711525072705e-01 -4.819038216644249140e+00
-7.718917625535119953e-01 -8.587714511369808346e-01 -4.804416196888455559e+00
-6.912374794778276543e-01 -6.673471795708617593e-01 -4.679187609362407407e+00
-4.590969470504974725e-01 -7.230242667106686616e-01 -4.436910454780530699e+00
-2.943767824811641676e-01 -7.598992125788596175e-01 -4.677178661343321053e+00
-8.826334666166153753e-02 -6.782014837760456105e-01 -5.007493822302825137e+00
6.120733969692917706e-03 -5.843096825909575021e-01 -5.177810684144378506e+00
3.137490198855167334e-01 -7.564174583963684251e-01 -4.682689151484273893e+00
3.192334138562077928e-01 -4.452009371647694391e-01 -4.670164488625686339e+00
5.636962474507345444e-01 -6.825129466583205184e-01 -4.795134400992242973e+00
6.271637259077602611e-01 -3.524545856716538861e-01 -4.674564262010250992e+00
6.243812287677295014e-01 -5.237924095104292688e-01 -4.434021938283888353e+00
9.830851125499935339e-01 -3.744005934146158454e-01 -4.630956904517579353e+00
1.119613379893316774e+00 -3.865641543407785652e-01 -4.122020580760703545e+00
1.170875041974363429e+00 -3.213589657156323831e-01 -4.110361839471496914e+00
1.441036772648143005e+00 -3.465890390971015922e-01 -4.631648284146326233e+00
1.450429792517572869e+00 -4.076163739487779769e-01 -4.471017723056641024e+00
1.822329513531092404e+00 -1.051220404020150739e-01 -4.755390238604921826e+00
nan nan nan
nan nan nan
1.659971068627727142e+00 2.740189562061012274e-01 -4.694154575713152866e+00
1.600643714536482243e+00 1.778348561642398296e-01 -4.584168659364702414e+00
1.448532325424611855e+00 1.709524233825134021e-01 -4.443251298079541556e+00
1.322583168910767659e+00 2.130471015443768379e-01 -4.444855814388121829e+00
1.118690118457227767e+00 2.618345783012199224e-01 -4.686247380323786516e+00
9.643589444663509536e-01 1.371366625480902601e-01 -4.403962500220546694e+00
8.217241656335966260e-01 5.753599108613793173e-03 -4.623672734306190080e+00
5.785373918468269538e-01 1.548558711317658543e-01 -4.274116169412091715e+00
5.805111191665113246e-01 2.014231721762688443e-01 -4.601959722178562195e+00
2.597253877502380126e-01 2.339979395558943465e-01 -4.551307347083222155e+00
1.280961794119143959e-01 -2.605562633693524199e-02 -4.403023398031712610e+00
1.632456474270408964e-01 6.733545837916858623e-02 -4.543004871785425003e+00
-1.503432788898127204e-01 -1.325455866349961320e-01 -4.625328618356317811e+00
-2.705326300004489704e-01 9.668618014756610868e-02 -4.544286093868209697e+00
-4.681554165181964766e-01 -8.203428353232726511e-02 -4.603323228532872236e+00
-6.019761153137925813e-01 3.509706814309647947e-03 -4.523905440215528095e+00
nan nan nan
-9.704301710282289273e-01 5.608575708738866572e-02 -4.448632847237875332e+00
-9.342992343503617736e-01 1.187800671923830986e-01 -3.846602379836011831e+00
-1.058449862596686053e+00 -4.933402655473961146e-02 -4.191690495815879380e+00
-1.013421939275245043e+00 -3.008946337885013561e-02 -4.119210127118027032e+00
-8.262974873897307448e-01 -8.110673947388463700e-02 -3.888281664749237532e+00
-7.381664449622179491e-01 -1.605567919512105590e-01 -3.938112990027741844e+00
-5.264571706098200021e-01 -3.390561514978002785e-03 -3.829850774993066143e+00
-3.428152609123606975e-01 -1.066860709611470448e-01 -3.994131038216406360e+00
-3.218891756891263944e-01 -1.986287488100232645e-01 -3.994040114975780487e+00
-8.907314318031864242e-02 -1.434675207933221175e-01 -4.056076179307429364e+00
7.726433353637190971e-02 -8.564460704342066744e-02 -4.197392969746399416e+00
1.028633588546721822e-01 -3.756356317273783219e-02 -4.218324936094565381e+00
3.042248146232354733e-01 -1.479053568218132164e-01 -4.003535161454060187e+00
3.575085630650969293e-01 6.138865298851183677e-02 -3.994744603619376999e+00
5.780327385903972770e-01 -6.503556063058379445e-03 -4.191077280547618855e+00
6.347115796498713491e-01 8.967598909993020409e-03 -4.157582446825993649e+00
8.570718425959363840e-01 -7.943875111864404093e-02 -3.929432950565456384e+00
7.174159296526853025e-01 -2.700473509228559776e-01 -3.924138338400368298e+00
5.577527538906145166e-01 -3.251362856653398636e-01 -4.094584696778704291e+00
3.866801520878638820e-01 -1.717487170033894228e-01 -3.925206624614606898e+00
3.520582889891267775e-01 -4.458194136213501912e-01 -4.124309117241422129e+00
2.605588593099629757e-01 -2.613897739496339190e-01 -4.192703611907423245e+00
3.506200357224568270e-02 -2.790790224488484128e-01 -4.146529924280119239e+00
-7.489071739126561267e-02 -4.451332238074086622e-01 -4.251101391468631086e+00
-2.882322210798976547e-01 -5.127812570107017631e-01 -4.095486169604304116e+00
-4.042360744117454718e-01 -5.431573231449111638e-01 -4.113765600419865720e+00
-6.618779809814437920e-01 -4.491615200347152115e-01 -4.320394697587961907e+00
-7.917218393065482696e-01 -4.650052844371328487e-01 -4.393940631544847264e+00
-8.195191712288104613e-01 -4.891168317119427011e-01 -4.348682801802661757e+00
-1.115928344214266454e+00 -6.063155535315422062e-01 -4.281928271179123335e+00
-1.052891631779404591e+00 -6.475078047273002957e-01 -4.020465701563388450e+00
