3.762779011763917603e-01 9.448457962519711817e-01 -2.278380675653811416e+00
4.351440567951218585e-01 9.916758723334605508e-01 -2.389159304781828475e+00
6.558743382724668836e-01 1.368069670862559484e+00 -3.244106923340026150e+00
1.133733689583678039e+00 2.165034827769595882e+00 -3.789706759509476885e+00
1.263299790058363792e+00 1.323408780761937464e+00 -2.791113931326106634e+00
2.239311169480163066e+00 2.381238736335493655e+00 -4.940405532093397056e+00
1.805210260385733401e+00 1.544358582607774810e+00 -3.225137876485220545e+00
2.877525972524260567e+00 2.350322432492129909e+00 -4.712247025311238957e+00
6.032026548434996194e+00 4.794578205072701493e+00 -8.820040730726852019e+00
7.491679211494661317e+00 5.184947036116287933e+00 -9.784538409617770327e+00
8.888224296101936872e+00 6.501423511402718347e+00 -1.156988979226826686e+01
5.096033894995114721e+00 3.993124498815414647e+00 -6.951960156105073452e+00
4.051995200951913567e+00 3.224054035536369600e+00 -5.798182036820408669e+00
3.828925167814351482e+01 3.585308358026451003e+01 -5.457911476807453965e+01
2.132363468653440286e+00 2.106428619464116192e+00 -3.841087663184183487e+00
1.781486753538590984e+00 1.889639097854846961e+00 -4.110422668538319613e+00
1.611245284985893145e+00 1.886586618256439030e+00 -4.070424516753170074e+00
2.725044535633820431e+00 4.040654310325233034e+00 -6.966234504330065747e+00
2.805433501953987552e+00 2.866588039740359140e+00 -5.552279479620284341e+00
4.765732012000643891e+00 4.535223745215498425e+00 -7.997098735285693039e+00
6.135256543153204234e+00 5.328612908043416141e+00 -9.398256327097300300e+00
1.370503179092758828e+01 1.162283869446504880e+01 -1.859360908162908643e+01
9.714493497622301632e+00 7.116261810213584837e+00 -1.249937876968873773e+01
-7.434764179021910024e+01 -6.358102223587835766e+01 9.344181248900119385e+01
8.962220280575001752e+00 6.885296982953196476e+00 -1.103604898393815148e+01
2.667834242621307794e+01 1.884876252046278822e+01 -3.576631293723684024e+01
-1.644486466658413804e+01 -1.080724850978564966e+01 2.176963144091561020e+01
-2.677503026088637839e+01 -1.602925165720027678e+01 3.896113747541127026e+01
-4.703109518747073992e+01 -2.125607164776953795e+01 6.695369534228980513e+01
-6.766977256187718837e+00 -2.919175563859082612e+00 9.637151303790773227e+00
-7.593354112689113755e+00 -2.805873786692994809e+00 1.076713284793486558e+01
-6.982253464553385136e+00 -2.803254168087421228e+00 1.107912894504811696e+01
-3.788970381985523606e+00 -1.996658857866517645e+00 8.225086435461250289e+00
-7.604575874397225377e+00 -3.177253160612737215e+00 1.796203248389144136e+01
-3.562307981524023059e+00 -2.266916720894041504e+00 1.064507391219318144e+01
-2.217259232374172662e+00 -2.928392323506025630e+00 1.064454581735351013e+01
-1.094776060835407350e+01 -1.756553706464534770e+01 6.717728985694215282e+01
-1.125751788767652473e+00 -4.147600031382348895e+00 2.683892248384249868e+01
5.780561449186932127e-02 6.903269507819898010e+00 -4.507489813066401751e+01
1.702456855171732286e+01 -3.385570268729782839e+01 1.462539824445083241e+02
3.181682216972696509e+01 -9.925020745769363373e+01 3.168672724783451713e+02
6.871066648574160052e-01 -3.911071668868428830e+00 1.020578805311074255e+01
6.412235847662537021e-03 -2.259495373795733730e+00 5.163599170626207879e+00
-2.972266519444660138e-01 -1.601215869589394769e+00 3.428450396609189710e+00
-7.388171038816886416e-01 -2.107365757503555592e+00 4.124500047062121588e+00
-7.678261307267646441e-01 -1.278336933724010915e+00 2.755943916326818233e+00
-1.287104066054613360e+00 -1.560715877191924505e+00 3.603032623700233028e+00
-1.786609797256600629e+00 -1.810428742511451139e+00 3.631844729373943537e+00
-2.070521891829863570e+00 -2.086611516524344179e+00 3.592674184930200632e+00
-1.336995415302666634e+00 -1.405129696415384766e+00 2.123973623400306820e+00
-1.748498799239021517e+00 -1.554067854400670301e+00 2.384598089404214249e+00
-1.952703610324819206e+00 -1.771948056695749729e+00 2.840709237377343932e+00
-7.198061494889301137e+00 -5.328826471423727007e+00 7.669949115249093730e+00
-4.107778776707877277e+00 -4.762748118972541356e+00 8.775977442236937875e+00
-1.422154097176475895e+00 -2.135989726613416462e+00 3.984682903100632778e+00
-3.745933909242459059e+00 -5.916181798227329480e+00 1.234635267869309239e+01
-2.189266138340514978e+00 -5.423475130218242235e+00 1.097688228651109554e+01
1.726790951068544411e+00 4.923091666536786093e+00 -1.618557993851730004e+01
-3.039208291657676142e+00 -1.339429590225895694e+01 3.968096138061660128e+01
-1.643594919745491878e-01 3.319816999171552929e+00 -1.345600990713581879e+01
8.251276094187507404e-01 1.371206181178394434e+00 -7.245047474582898772e+00
4.436023261457219924e+00 5.207620490992604267e+00 -2.542991857330398986e+01
-1.440756385842751897e+01 -1.339189293644319712e+01 5.415558014037342360e+01
-1.334900113932618382e+01 -1.085835953014762367e+01 4.012523853402161933e+01
-1.599782962846379242e+01 -9.459397372601726417e+00 3.668215377513139686e+01
-2.646405328249502276e+01 -1.295393399142342616e+01 4.358676423488820006e+01
-5.688426950290704553e+00 -2.444085720517752858e+00 8.271045109100663595e+00
3.969245503384713203e+01 1.313978729810668433e+01 -5.405979842049084283e+01
9.155668810911119948e+00 2.866878413602570674e+00 -1.540371863340352121e+01
2.637403372448773098e+01 1.068565301098138676e+01 -5.213686901734819656e+01
4.236455286472980752e+00 5.834576285163760589e-01 -1.026502907460540293e+01
7.552779127801643178e+00 2.440336041749108453e+00 -1.978027116791339068e+01
2.237890740127973288e+00 9.587987554232141330e-01 -6.959791926667980633e+00
2.739288226016832528e+00 2.354046248535333508e+00 -1.555264411378538725e+01
nan nan nan
2.860661106624249883e-01 7.686743069126471539e-01 -5.145625209271988076e+00
5.067876372416680875e-01 1.011378592097482265e+00 -4.373502837213571581e+00
5.459648389818029246e-01 9.278584143088604019e-01 -3.358294226144796557e+00
6.693555862768069131e-01 7.482222082706196931e-01 -2.472991370234488340e+00
1.122148331409370314e+00 4.755423435384364406e-01 -2.937461396705395966e+00
2.970762294145796734e+00 2.412952351609341850e+00 -6.774359085232787514e+00
2.653417050694347967e+00 1.615866866574525051e+00 -5.201270303513908289e+00
3.688379954425114349e+00 2.307798857862056519e+00 -4.673208934297846895e+00
1.595682272546987512e+01 8.375657361373551879e+00 -2.246091037504518084e+01
1.635490490054197380e+03 9.779678784044014037e+02 -2.330694291287904434e+03
-7.439070138323923942e+00 -4.637608557039132329e+00 1.019782122319781870e+01
-1.548289291598483608e+01 -6.647694003018648878e+00 1.980153919046385269e+01
-7.793956458455563840e+00 -2.668123526563210834e+00 9.442470266836497927e+00
-6.473266673523753845e+00 -2.653346166379701110e+00 7.053818586114366518e+00
-7.993562654425383940e+00 -3.983916663611005049e+00 1.437917698679968836e+01
-5.949283703278081958e+01 -2.771153014844385964e+01 1.290997388285908301e+02
2.115373675085144001e+01 1.168837470415255098e+01 -5.496704694125031665e+01
5.528523479490393022e+00 3.123827860447568217e+00 -1.899769617603704930e+01
3.297149743234191188e+00 2.572894100353714464e+00 -1.628109068296132023e+01
1.821489846057136264e+00 1.721085938863217812e+00 -1.289441477710816386e+01
-1.979421172319701348e-03 1.779130588126526691e+00 -1.270426870722758039e+01
-9.938297460243160630e-01 1.888288378260224665e+00 -1.374259609258243486e+01
-1.750366899578925839e+01 1.654143305465919056e+01 -8.386479209816432956e+01
-1.620662805743002721e+01 1.588005344388958839e+01 -6.930920982360312621e+01
-4.830372778023451019e+01 8.558564189410141410e+01 -2.815044208635212613e+02
-4.605377385008112973e-02 -2.220865445806900595e+00 6.108387777653668138e+00
-1.141540684521217708e+00 -2.762020289810132034e+00 7.013802908378044876e+00
-2.243345292066938335e+00 -3.181876515830132757e+00 8.037573569489662617e+00
-2.556351587143574910e+00 -2.160614869944362582e+00 7.432842940492299100e+00
-2.670105191578603154e+00 -1.895850285190219253e+00 6.069003735699221025e+00
-2.690191522304071992e+00 -1.663785290818582396e+00 4.586879910139243677e+00
-2.485704236005084056e+00 -1.417729175784152362e+00 3.689519051152860829e+00
-3.130973832649888600e+00 -1.718510350207593129e+00 4.163321028650475597e+00
-1.839333949175393224e-01 -7.527728408283663741e-01 7.862694950310290809e-02
-2.415109087761762474e+00 -2.033611235887381685e+00 4.152821169704886017e+00
-3.363832729657629361e+00 -2.036261503889380098e+00 6.955347107924390038e+00
-6.723232481026250262e+00 -3.615665331423283391e+00 1.568923455658758037e+01
7.216341987141064784e+00 3.645210747597903200e+00 -2.320039099381809677e+01
1.872053398753863229e+00 1.250934308477148260e+00 -6.611907753456409687e+00
1.979807374845764301e+00 1.070245983178099269e+00 -5.505876405131173712e+00
1.030444215120175366e+00 1.226784081991401765e+00 -4.479841190204522761e+00
9.632240532811042755e-01 1.385665287511824717e+00 -5.150547660496680891e+00
6.795607173922263433e-01 1.271108388779002452e+00 -5.034026632821921865e+00
7.167390921109065838e-01 6.693462247553706446e-01 -4.566397604684852674e+00
4.384722164718917270e+01 6.061127083008247496e+01 -2.210046447234310278e+02
2.695791418399418760e+01 1.783508070640807475e+01 -7.926596343661975652e+01
2.811869605135475236e+00 1.230035827931944770e+00 -9.674681288594491946e+00
5.115331894265747970e+00 7.567373917733973165e+00 -3.492903291274447497e+01
1.079543023308296990e+00 1.000307018871250175e+00 -8.086943525178567072e+00
1.371047122041061661e-01 2.411438893975758280e+00 -1.019988216429912775e+01
2.584181120004261367e-01 1.784097983234175011e+00 -6.409195503324222720e+00
nan nan nan
7.684241917253653575e-01 5.556006423692545937e+00 -1.213422527865803957e+01
2.428414131312417013e+00 9.010181139272633644e+00 -1.810106534391900723e+01
3.095479343151142260e+00 9.931843460457260520e+00 -1.967142564413711980e+01
nan nan nan
1.819732930846117425e+00 1.696499418200983822e+00 -3.049649449275273483e+00
-5.444355470485369608e+00 -8.280614238936292892e+00 1.154169078100302137e+01
-5.568122447837456690e+00 -5.642112321449656243e+00 9.349279811861938683e+00
-5.781714485014044413e+01 -4.459152213508299667e+01 8.862426464785019675e+01
nan nan nan
-5.966582567843288665e+00 -4.804523406297978028e+00 8.342596531688579731e+00
-3.084385506268345623e+00 -2.471947800315108967e+00 4.251777395174605623e+00
-1.306068387399640507e+01 -8.316781580217961434e+00 2.016422712267894823e+01
-3.737918044267442230e+00 -3.244935671670523991e+00 6.384747130318052299e+00
6.075212348752591751e+00 4.772954994679121654e+00 -1.055079427494000299e+01
1.361435992159854891e+01 1.347497154594840651e+01 -2.867150857489161808e+01
4.141304185072232080e+00 3.831786440868638177e+00 -9.608468288997240592e+00
-1.338203726575409291e+01 -2.969791977712955600e+01 7.230397071373656104e+01
2.099779073458397427e+00 6.287721343777377569e+00 -1.449932034150489457e+01
3.929253611007849312e+00 3.592473680406410352e+01 -8.803166152865222216e+01
-2.404696897892811269e-01 3.122444260475002675e+00 -8.979168694868539191e+00
4.560366837117046934e-01 8.433332515675607821e-01 -3.947827879254313999e+00
1.000807364885605066e+00 1.147468524525853573e+00 -4.928425931206624533e+00
4.927348010657734423e-01 3.309091449269641050e-01 -1.556853870168995124e+00
1.275407169282187114e+00 1.515670394539424759e+00 -4.679018677916167768e+00
1.917583271113586285e+00 1.586343690447193699e+00 -5.149321426719430050e+00
2.133054660320768736e+00 1.797391339084350559e+00 -8.176852764647271954e+00
2.520544118420839474e+00 1.983392827396887492e+00 -5.642402927979716765e+00
7.887810819301806831e+00 4.983706619749471933e+00 -1.716464820121507628e+01
4.183627442331194324e+00 3.001905635288080632e+00 -8.052885059119285316e+00
4.290006435227418535e+00 1.872892016592404563e+00 -7.121690742437877475e+00
7.354114371070849643e+00 4.248269767684894838e+00 -1.161154543386261295e+01
5.467456258088354559e+00 2.533680817001700447e+00 -7.371894039588771541e+00
1.252790362599462703e+01 7.864135383126496848e+00 -1.620031588913664322e+01
7.319054086197105562e+02 5.724112112553393672e+02 -9.128775030631679783e+02
5.130990404745223721e+00 2.941652747037890592e+00 -6.109148193581149577e+00
1.498664659766132523e+01 8.537338011815586825e+00 -1.963171766312113320e+01
2.981880927613753673e+00 8.747656312457733341e-01 -3.876240868756444691e+00
4.611176493464315129e+00 2.157218986924983817e+00 -6.609343961399773981e+00
4.827239518913586380e+00 3.613612187938269660e+00 -8.706346280398754800e+00
2.920359885594849825e+00 1.980073624873259552e+00 -5.722599647832072201e+00
2.235697542357801382e+00 1.899743830134777323e+00 -4.725042015321880839e+00
1.857512494139990977e+00 1.822129874466793087e+00 -5.007057719851372823e+00
1.361822979848415605e+00 1.524339798765417031e+00 -4.495172429198276198e+00
2.400912483653026008e+00 2.252536421075851170e+00 -8.174741945114709196e+00
-1.075128129974188873e+01 -1.487161802089192975e+01 3.425215219585302151e+01
-7.337399173064110869e+01 -7.935191132270027481e+01 1.699086548999619879e+02
4.022958019191123391e+00 2.421847599391819816e+00 -7.405718397946775333e+00
-1.378573241925923121e+01 -8.073300037121258654e+00 2.034933407907299241e+01
4.124138061530990740e+01 2.272765994810269419e+01 -5.747509123817837207e+01
2.310903318862923683e+01 1.207740754042827547e+01 -3.177884552543934760e+01
4.255498048893826102e+00 1.142796126291656167e+00 -4.996728226207377332e+00
3.960057123330910755e+00 1.191490968366603287e+00 -5.724049725111353126e+00
2.848412658174979573e+00 5.415353155061963797e-01 -4.320261895744406111e+00
2.735044252197497361e+00 5.809407489668360070e-01 -5.251562983611242075e+00
3.101999006703492157e+00 9.727295136137737996e-01 -6.780397452757659593e+00
2.152104527631269359e+00 8.650004107508041384e-01 -5.813419582315474621e+00
1.568519101255924753e+00 4.626124715383324038e-01 -4.238949557175252458e+00
9.003948252188627155e-01 8.715771834364632875e-01 -4.949206858209207027e+00
5.802252126306656210e-01 2.444499972333916138e-01 -3.508604854902753534e+00
nan nan nan
nan nan nan
2.386375729950595548e-01 1.042832197344766954e+00 -3.978194435438854981e+00
5.280161673031150693e-01 5.212672782570533236e-01 -2.566654646617740454e+00
6.912688367015598079e-01 1.050606799967169103e+00 -3.574882327081865707e+00
9.624157754252570252e-01 9.898693886795545405e-01 -3.983202232096516582e+00
1.870379973674941576e+00 1.304435854661854188e+00 -5.160587043919929506e+00
1.756702656278527952e+00 7.546061067407073830e-01 -3.997559569432137749e+00
1.880535290911720114e+00 6.921543142634309920e-01 -3.698199320894946851e+00
6.105666024616494880e+00 2.967483512720001215e+00 -1.085033347724737141e+01
4.284731829495657784e+00 1.414905920432801611e+00 -6.597063106907697261e+00
3.463757394603675266e+01 1.822287307629131448e+01 -4.831744479146057358e+01
1.083001194656999111e+01 5.817407884574179455e+00 -1.607306018215565757e+01
8.916962158940053840e+00 4.824528775525274149e+00 -1.381875718416743126e+01
2.575026785149599817e+00 1.291800577870790612e+00 -3.602158134657646560e+00
nan nan nan
3.245783768671496095e+00 1.474247254504974736e+00 -4.189866103366076899e+00
-2.744511419621260551e+00 -2.872501195162021848e+00 2.607987260548653818e+00
2.134259750889508478e+00 1.222535465502269103e+00 -3.393690533699969425e+00
2.136843880839484289e+00 1.339298955402190572e+00 -4.022701631416201629e+00
1.853469310071897747e+00 1.584798164392615005e+00 -3.838420321732700202e+00
1.723441781572687903e+00 1.449286509539829959e+00 -3.575264033288937604e+00
1.100089152952567595e+00 8.735218940624427386e-01 -2.456450636634575968e+00
1.485230567959523240e+00 2.692828041320469268e+00 -4.846407116331330478e+00
6.903447669475771820e-01 8.358554277167803415e-01 -2.618056657846398405e+00
4.435217789508977826e-01 5.614091275985123586e-01 -2.312436396710080277e+00
3.772448936009338838e-01 6.192597642383980139e-01 -2.360915246994530925e+00
2.077557853121659304e-01 5.597779376005806995e-01 -2.020700341417012602e+00
1.260918688236127294e-01 2.008810513134971387e+00 -4.039066333705647160e+00
7.204715575495834745e-01 2.541506189453247799e+00 -4.501103898391964897e+00
7.311531029608744348e-01 2.139645601889763604e+00 -3.796334838041885096e+00
9.450796594487367308e-01 2.603597146947282504e+00 -4.234870570261687561e+00
nan nan nan
1.729173242285261702e+00 2.840333397170744956e+00 -4.860004843521712914e+00
1.864154520059023268e+00 4.009632822559610510e+00 -6.356448474821229766e+00
4.146126821881531144e-01 2.434550604656932626e-01 -6.323147626016601963e-01
5.247437763135859301e-01 1.043446865852849514e+00 -2.600714460931578209e+00
2.987960117738010513e-01 4.624182308028878530e-01 -1.048938832927206022e+00
1.963499576635122368e-01 1.264970531258702735e+00 -3.078461986853435750e+00
3.055329029845662014e-01 1.776825525360370861e+00 -3.529105761058543678e+00
4.213829643573862582e-01 1.517668940966098612e+00 -3.280866790341988803e+00
1.296578483547358385e+00 4.023245929024273693e+00 -6.261177746288836055e+00
1.492311273966046237e+00 4.028463288232734918e+00 -6.458305505293126636e+00
1.354288508883643827e+00 2.358349790298553295e+00 -4.496824683723724903e+00
2.034819197021414894e+00 3.016079846588374025e+00 -5.310853769721544104e+00
2.086581773268126216e+00 2.410723864649702453e+00 -4.596747154536944713e+00
2.840086336566789882e+00 2.703495320184885475e+00 -5.205117212946248628e+00
5.436849550500842732e+00 5.097231453834351278e+00 -8.935493587872697319e+00
7.106454628519781380e+00 6.069265851444228588e+00 -1.046572109404259443e+01
1.827689541749479574e+01 1.461620993834480409e+01 -2.492833176764068526e+01
8.587538084448613773e+00 6.022733123885013029e+00 -9.763275726550725508e+00
6.790811054895456778e+00 5.390821395716856479e+00 -8.367774468172900271e+00
1.107088410162753256e+01 1.034079172386977064e+01 -1.482537610619464807e+01
1.093153114096279310e+01 1.098062856684236444e+01 -1.588221695847848203e+01
6.159814578372301952e+00 8.094832995911547258e+00 -1.181747080407795814e+01
5.880075364611183630e+00 7.928532390498874705e+00 -1.169780735445251452e+01
3.739404496513347720e+00 5.135909475667324031e+00 -7.957623907697521481e+00
1.877628551794916723e+00 3.493977473469879858e+00 -5.483615148351059787e+00
1.446511986853179055e+00 2.493724818684662559e+00 -4.570607718617882398e+00
1.185068685368362296e+00 3.226413997510209519e+00 -5.215624858892589089e+00
4.261744436085630472e-01 5.395791572581941642e-01 -1.147307689558730193e+00
5.013729840861249620e-01 2.089321814139994515e+00 -3.652619595702962574e+00
2.820768245879373692e-01 2.050784367860015500e+00 -3.853440159865875181e+00
8.502965896374142796e-02 5.061561240923803107e-01 -8.991960965113026116e-01
4.775152295099535316e+00 2.721783306163512961e+01 -4.088173559462563844e+01
-2.108398916622660657e+00 -7.377064046420799492e+00 1.055283022238515400e+01
-1.605826263392845510e+00 -4.995929879796817019e+00 6.130488489149106712e+00
2.980231453754926818e+01 6.025950662902558719e+01 -9.258755951179655597e+01
-8.581700818169765710e-02 -1.008373412762486820e+00 6.556481714306278130e-02
-2.747362575131599538e+00 -4.660657357601053263e+00 6.149727722680190745e+00
nan nan nan
-3.410332772465053619e+00 -4.044667100184105024e+00 5.514450928001769725e+00
-2.238490527571500799e+00 -2.596168250485280993e+00 2.938498327521238185e+00
-5.163318302831203965e+00 -4.999271863555227569e+00 6.314057483856862163e+00
-2.880307262930668522e+00 -2.980471718791787517e+00 3.835986251298929783e+00
-3.070922494665331737e+00 -3.494975246840426930e+00 4.054081209268932895e+00
-3.075975838971725551e+00 -4.013222571063747246e+00 4.994596140095914905e+00
-2.012890768139094622e+00 -3.084615882496551276e+00 3.575842809032518943e+00
-3.275247957920451647e+00 -4.611101872521663481e+00 6.246037235330872406e+00
-1.362807862400874148e+00 -2.900288212357442497e+00 3.752814874176273907e+00
-6.896787898507324988e-01 -2.194997438205565032e+00 2.003079880582057104e+00
-1.402479429517128340e+00 -3.853448888742939005e+00 5.729120140451741783e+00
-1.362505974449215618e+00 -5.572351592084988425e+00 8.594492628648408683e+00
-1.500576673386356363e+00 -7.041076107767207048e+00 1.048740051980157340e+01
-1.008354803370845865e+01 -1.649739213932066093e+02 2.642389402261030114e+02
-2.669076138605019563e-02 2.821025415180688167e+00 -4.609575194930509490e+00
-3.372859210247955430e-02 2.105945016002176207e+00 -3.680363684226563681e+00
1.425631730177780443e-01 3.115366745336183296e+00 -5.299075073065790065e+00
8.584577011490746035e-01 5.349925578619876276e+00 -7.818885690718602177e+00
8.301475350041307433e-01 3.511915363939374757e+00 -5.221101658313073379e+00
5.200277807466192392e+00 1.581132916838866898e+01 -2.137439480714262530e+01
2.240605621713068540e+00 4.421155388537183484e+00 -7.055198963633067422e+00
1.409001319994396972e+01 2.876471319521237291e+01 -4.084346622350881262e+01
8.460877294505880997e+00 1.379445628641554222e+01 -1.988602690712157894e+01
1.230706400330994121e+01 1.619003606245833993e+01 -2.268634144088201410e+01
-3.388636363346315505e+01 -4.465266585425796819e+01 5.919987981217923334e+01
3.635442098449772885e+01 4.113010369046861570e+01 -5.778960864668108854e+01
-7.974482459178586780e+00 -8.057130743060497480e+00 1.015091910696157562e+01
-3.474340825784435793e+01 -2.984428853511849411e+01 4.111103984775353126e+01
-5.988169375585091103e+00 -5.933070888594276227e+00 7.637455388859875960e+00
-8.844550196849798596e+00 -9.133156605665778471e+00 1.211578835084494443e+01
-1.509627201066261648e+01 -1.630275938719256956e+01 2.221615097504565739e+01
-1.468997901452634913e+01 -1.651804883030525417e+01 2.276075040237236990e+01
5.721739318094101634e+01 7.082392958006182937e+01 -1.012581232026589078e+02
-3.567097115687106079e+00 -6.142093657525853345e+00 7.597296485634357666e+00
-1.626424097407902636e+01 -3.399217140960902839e+01 4.235367933127074735e+01
-9.901398910741862736e+00 -2.467059543710637470e+01 2.994302814077671826e+01
4.414690701058283651e+00 1.240779373167445243e+01 -1.719602951292190696e+01
1.605540271739639868e+00 6.178436037324173569e+00 -8.794581060980361187e+00
7.763759526428422042e-01 2.734820382752373380e+00 -4.645726146659676203e+00
1.767858929018978620e-01 2.778827402699384663e+00 -5.006662235862677335e+00
-2.051472939292308340e+00 1.099697866360200926e+01 -2.083339547478706422e+01
9.843196103712818612e+00 -4.758403928435183872e+01 8.531415407485722824e+01
2.971259106750383586e-02 9.830035927678098417e+00 -1.686565269703226022e+01
-6.744227833422579144e-01 -2.234792917235217224e+00 3.488494706065550677e+00
-1.089183536552072118e+00 -2.213090221445930261e+00 3.652146428415028456e+00
-1.191472743405417090e+00 -2.178935924495301713e+00 3.285889678252762458e+00
-1.563628900605396943e+00 -2.505705234612469745e+00 3.370014482794243982e+00
-1.334364346853329053e+00 -1.685411067341003433e+00 2.266048841539920922e+00
-1.523160457888550035e+00 -1.775461506823925673e+00 2.196316119010442769e+00
-1.410654644704507632e+00 -1.492933213400589487e+00 1.908259870071668196e+00
-1.746453476426104157e+00 -1.813621552423269945e+00 2.428179138502516654e+00
-1.755841316912444716e+00 -2.015101386837204966e+00 2.689450984518222842e+00
-1.703120060402941061e+00 -2.175486333171176234e+00 2.806513760963310400e+00
-1.636965765775833859e+00 -2.458728245262585155e+00 3.052559391107557474e+00
-1.010095616353310355e+00 -1.904271091908530167e+00 2.766555718400238728e+00
-8.045529746310855490e-01 -1.784397901413913523e+00 2.646995545209455347e+00
-1.093676355439910708e+00 -3.425283160394347881e+00 4.626099223422644791e+00
-8.771004640394045593e-01 -3.771885039261083428e+00 5.630384691302799283e+00
-5.883126355222555448e-01 -3.941553494854572293e+00 6.059984994638333511e+00
2.512867291492417721e-01 -3.466110415385547761e+00 5.541052770394715665e+00
6.483070004998320313e-01 -2.868805032617375073e+00 4.912515124555079993e+00
4.343675407410990674e-01 -4.247699114639948981e+00 8.824997923498614227e+00
1.831304812144328442e-01 -1.961503949700545535e+00 3.679966393570071048e+00
6.430712840761000637e-02 -1.956043180660847813e+00 3.341591316416343993e+00
-2.887299918171338797e-01 -1.461518565123112401e+00 2.418278486369475289e+00
-7.052257820593712534e-01 -1.877249663110099220e+00 2.925619498680882113e+00
-1.050816153717751833e+00 -1.970505518076338447e+00 3.113499787308359412e+00
-1.111505320324183810e+00 -1.844799667087329675e+00 2.321794467257470629e+00
-1.322604203166333425e+00 -1.832528516157870158e+00 2.518011226180271844e+00
-1.440325321552369475e+00 -1.575529956326516379e+00 2.530149233623715688e+00
-1.530253747349900273e+00 -1.636132950357361615e+00 2.128272809983833724e+00
-1.403293560688511965e+00 -1.397806009594554810e+00 1.763932164526473612e+00
-1.321742833572991049e+00 -1.301622878103349645e+00 1.779418087652754332e+00
-1.481719274071148451e+00 -1.264064400870844596e+00 2.032476573094256445e+00
-1.174042515635104422e+00 -1.332767397831809753e+00 1.849206783730603654e+00
-1.434676462185979773e+00 -1.480697918144672443e+00 2.347411856137509023e+00
-9.408244304573490924e-01 -1.317899215304473293e+00 2.145531282170112242e+00
-8.035341105880013934e-01 -1.380240044592042414e+00 2.156279436326256072e+00
-9.352514788073220675e-01 -1.495112900629463670e+00 2.633590771534143560e+00
-6.727590658434751125e-01 -1.491289613418315785e+00 3.018185748063935137e+00
-1.726520723136107049e+00 -3.539169986105774157e+00 7.162538309276514248e+00
-3.538253603532647285e-01 -2.015206315912003721e+00 4.202451982621091986e+00
7.473175213876583067e-02 -3.134531268096914847e+00 6.435318473721398647e+00
2.380161289640014277e-01 -4.758000102400345988e+00 1.000251131449942932e+01
7.677846814103514106e+00 3.983350038854226796e+02 -9.262111871753990044e+02
2.904055628098557218e+00 1.168994111498884081e+01 -2.288960049353952542e+01
1.108155450024736588e+00 2.578558471919059514e+00 -6.638703049015933999e+00
6.355840999262535540e+00 1.205417584463083891e+01 -2.780636732056057880e+01
9.860668199284760016e-01 9.459012857374222705e-01 -1.915920262624126957e+00
-1.903299054526172185e+01 -2.314837702597405311e+01 4.272206063341346294e+01
5.382223616066388772e+00 7.269249381111222874e+00 -1.271697410354223656e+01
1.027618068035086552e+01 1.833758004397950714e+01 -3.512327186006553603e+01
1.741621801459541885e+01 3.895601988418380301e+01 -7.995797919671619525e+01
-1.096558514298419329e+00 -2.118095103777019705e+00 3.672031911374161961e+00
-1.837648866789200142e+00 -2.267651632698485908e+00 3.851749522373651757e+00
-1.536920842382143659e+00 -1.498380391584295479e+00 2.634394204713778720e+00
-1.934352923626985410e+00 -1.857417923212760336e+00 2.997730748991610739e+00
-1.401410918643606784e+00 -1.334505613508494282e+00 2.051267959711492228e+00
-1.952727593958790919e+00 -1.601093163393736418e+00 2.543406018948612957e+00
-1.643647869165564490e+00 -1.456309212690533483e+00 2.302664300342007309e+00
-1.230877552658035112e+00 -1.279916412361752354e+00 1.903662090799210782e+00
-1.178002386425671677e+00 -1.457197760291210731e+00 1.901759647116689100e+00
-9.985891413798212435e-01 -1.217756765095373783e+00 1.948520139735137713e+00
-1.058123880816067119e+00 -1.367044293376236785e+00 2.239695921655532551e+00
-1.162041595411150485e+00 -1.834859067876106087e+00 3.495923168872165920e+00
-1.035601380936836069e+00 -2.123579844780545844e+00 3.819673141103070435e+00
-4.424706922753987026e-01 -1.506055497141639554e+00 3.255161689783161005e+00
-2.725615339955032579e-01 -1.571966120608265793e+00 3.545895313582532182e+00
1.449452926557472376e-01 -2.189779168550688659e+00 5.016090360150461613e+00
5.508098987151158754e-01 -2.706588415615558851e+00 6.576957375844626696e+00
1.212739030045476563e+00 -4.562733472143597702e+00 1.325717052009349928e+01
8.890334287404005664e+00 -2.059426586806362636e+01 6.276706885554319371e+01
4.228140380062679782e+00 -4.452279820717286896e+00 1.702706849011681811e+01
-3.013850175752032623e+00 2.092422344406953627e+00 -1.630563130646189052e+01
1.449908985892686575e+00 -1.866620994332066630e+00 1.013431111073142787e+01
3.088110812486469570e+00 -6.184448717189992450e+00 4.621311811849158602e+01
1.912271369195552184e+00 2.658949931402339484e+00 -1.818316361979526263e+01
3.072881180457349970e+01 3.413017469752404054e+01 -1.945836945318536095e+02
-1.824722952384295827e+00 -2.216382933827414803e+00 8.581559718587516983e+00
-1.293222543972983640e+00 -1.356212646295438029e+00 4.555607488529953564e+00
-1.930550810318091060e+00 -1.620628320795560073e+00 5.139220872273602581e+00
-1.838289931216108730e+00 -1.151457992862731539e+00 3.861183688791176571e+00
-3.254545174635227411e+00 -1.264703217074151675e+00 5.703617287564580529e+00
-3.454689861079989655e+00 -1.283185009331864190e+00 4.822288152386796867e+00
-3.089451080378613046e+00 -1.312309502176479459e+00 4.220383253005821622e+00
-4.258543869851052044e+00 -1.770706801171904043e+00 4.861069799116163992e+00
-1.247725411090219261e+01 -2.056801748298147992e+00 1.634873258309071886e+01
3.912855824898344537e+01 6.403388055349839014e+00 -5.308623007410253791e+01
-3.604687308353876851e+00 -1.124835306427051096e+00 6.566625703756280075e+00
-4.427011290308507263e+00 -1.375880082712293451e+00 8.934626309598478144e+00
-9.739849289611424155e+00 -3.522690697202659038e+00 2.639623340532657991e+01
-7.982363068545042850e+00 -3.641720165890946603e+00 2.541816145378320968e+01
-9.859859884040853562e-01 -1.554261474642426144e+00 5.018422408446357785e+00
-1.917766731367222643e+00 -3.625541791084508692e+00 1.427418042580278268e+01
-1.861137741808481794e+00 -4.430539523731012785e+00 2.322043930046805471e+01
6.646788965786722958e-01 -3.217805535440945164e+00 1.437302216726151727e+01
1.297130669074140652e+00 -2.333971662505758271e+00 1.057589286243380222e+01
7.073373457915496099e-01 -2.245356160751622809e+00 7.920074835081766018e+00
-1.500467664213263885e-01 -1.470372770991666522e+00 3.973755327525346104e+00
-2.614686388094538683e-01 -1.436395562425529571e+00 3.477065385563321787e+00
-4.893911427571412398e-01 -1.478010553148942252e+00 4.033729099539502982e+00
-7.964138942060399184e-01 -1.385875763451172471e+00 4.250595790096412863e+00
-2.359767134753101736e+00 -1.931004018193440253e+00 6.094162473357322085e+00
-3.274687574112264077e+00 -2.302106248643006392e+00 6.408323905603414694e+00
-7.430942265046859063e+00 -4.525151950650013077e+00 1.796201522702542519e+01
-3.062013821431708749e+00 -2.116532316865419983e+00 9.000758530948942848e+00
-9.014263068679289059e-01 -1.266604912177775377e+00 4.114355569042641214e+00
-7.502347402622514538e-01 -1.580195562039771628e+00 4.755136414417930446e+00
-2.427348939386916538e+00 -4.690154412886092139e+00 1.675800154401274611e+01
-3.405792121660476957e-01 -4.311810532575752752e+00 2.576039455757956986e+01
5.176721464559265184e-01 2.750426455935798820e-01 -5.988427435161225887e+00
9.624803947471998189e-01 9.320110575605731196e-01 -7.291177203820031316e+00
7.541336957369012550e-01 -2.137302367110150217e-02 -3.369007085009824820e+00
8.775143536424314661e-01 6.062143602613775245e-02 -3.800570257782663663e+00
7.693108533409448668e+00 3.010981990082929105e+00 -2.573010751740187274e+01
1.950988664459348820e+00 -6.578692309105550751e-02 -4.915956383970197408e+00
1.593185892114116875e+00 -4.911491561078756840e-02 -3.943542301771496117e+00
2.713095923229014872e+01 7.294351769197534807e+00 -5.116294768516585378e+01
1.145582158485421775e+00 -1.420811993144501517e-01 -2.169503885820706746e+00
2.745992757018436592e+01 3.783598829756155801e+00 -3.596951582420405913e+01
1.143527343139787850e-01 -5.904809332880920358e-01 8.360406884508101658e-04
3.119081402663714364e+00 -1.257281518834121314e-01 -4.345693893904534200e+00
7.875482168583084475e-01 -2.338567270881798665e-01 -1.509252646828924460e+00
1.262945307470361156e+00 -8.042623848484199700e-02 -2.575329630594905161e+00
9.843658901317706711e-01 -9.823846525371512928e-02 -2.314759011760666674e+00
5.834969173961486177e-01 -1.764371563198314230e-01 -1.625541821046313062e+00
1.118756646837916868e+00 6.957581783286738430e-02 -3.114686024031184886e+00
1.290279949013626526e+00 -1.286850951230638362e-01 -4.251228227372247481e+00
7.553322963304081039e-01 -2.471799190178056438e-01 -2.606153618256550342e+00
1.089325369633443952e+00 3.102444100753851131e-01 -5.448620381974515148e+00
3.664575439584223937e-01 -2.627591025914614575e-01 -2.406618172146563595e+00
1.586563045388751925e-01 -1.824257383633903218e-01 -2.221204341300393459e+00
2.219616461327106327e-01 1.233707169798603370e-01 -2.214991139394574926e+00
3.300705102476548802e-01 1.786797510859459148e-01 -2.505515223802332159e+00
3.402538826805511230e-01 -4.811189232732254045e-02 -2.166117045287654364e+00
4.795728700679415812e-01 1.583827217320562253e-01 -2.453860840009891131e+00
5.189675922301155708e-01 -1.183382361004525346e-01 -1.915616500720249027e+00
5.429817475402176630e-01 -1.153009070940922420e-01 -1.751856914584519309e+00
4.807892731921188934e-01 -1.289737519111787134e-01 -1.422134180209877030e+00
7.175644593492362944e-01 -4.218718412644582860e-02 -1.694569916226284612e+00
5.860048690675963012e-01 -1.607499477926627451e-01 -1.288739002708758186e+00
6.830219839275597504e-01 -1.747656957289162316e-01 -1.325994316067582446e+00
5.553735496034156727e-01 -2.830863517510459060e-01 -9.862281093935082454e-01
5.072681330166717295e-01 -2.579353445500732755e-01 -1.076637512184537959e+00
5.641697336934938800e-01 -1.721939099096360670e-01 -1.178679365089337461e+00
4.609560831213032617e-01 -2.005726472474331223e-01 -1.203962424480028215e+00
6.114188075613479212e-01 -9.888553385286898145e-02 -1.839993289297519707e+00
5.662742720461391155e-01 -8.245363439741937306e-02 -1.816761816104372818e+00
3.582879622328576374e-01 -1.845776028832519511e-01 -1.426361013522494448e+00
4.824296112432255867e-01 -1.499603751822005115e-01 -1.856193521494689858e+00
3.792292028768428080e-01 1.124290048792413871e-01 -2.443057824286668289e+00
2.659385958469011602e-01 -1.271549575880377980e-01 -1.454055364589424082e+00
2.385525678955002782e-01 -2.682373926040117484e-01 -1.539874088149880249e+00
9.917310279726333777e-02 7.554555837349735681e-02 -1.774172853376599246e+00
1.871211754646163739e-01 1.779744754985013860e-02 -1.586760607100012210e+00
3.364758876366700791e-01 -5.100567622644307242e-02 -1.720773598920885883e+00
2.817040816305378392e-01 -5.660817257629417731e-02 -1.442460419748826217e+00
3.786348782658737200e-01 6.113967756278482907e-02 -1.651847393413784282e+00
6.500926899886397825e-01 1.756877705752583896e-01 -2.212303907813272019e+00
3.675164406879170009e-01 -7.044687579072032857e-02 -1.328849942067863887e+00
5.300354027583487060e-01 -8.025046413690650748e-02 -1.466860901071005641e+00
7.162716950271995620e-01 8.013044820339997043e-02 -1.806105268499469174e+00
6.533764657740567250e-01 -8.112748350994682112e-02 -1.322974713774642819e+00
6.652481427069832920e-01 -1.862054287258729235e-01 -1.184525921148079419e+00
8.106229946541070319e-01 -1.058030905058250301e-02 -1.621735859406588931e+00
5.490964753120138875e-01 -1.656810079595350815e-01 -1.082995414851461113e+00
5.508262682496266605e-01 -7.243740585092291184e-02 -1.272102695958155616e+00
5.337718285017969411e-01 -7.609342188659966311e-02 -1.257496031944287607e+00
9.789593886529389666e-01 1.898863994991749626e-01 -2.319475862116475717e+00
4.745430077600359398e-01 -2.046673075932518501e-02 -1.403183841171496971e+00
3.109138805156063667e-01 -5.346807909541909792e-02 -1.382948179500471664e+00
3.260977341283380349e-01 -7.539653423612165117e-02 -1.474150806708930173e+00
3.854709006774290070e-01 1.250228052262134515e-01 -1.838357833323069013e+00
2.802888245577518367e-01 1.572607461273224372e-01 -1.887283593791425851e+00
1.735247057567986251e-01 4.021319835018156291e-02 -1.558779970753026767e+00
1.452677246703313052e-01 1.143426868754533893e-01 -1.651800195158786844e+00
8.090692866045534615e-02 1.005924947204595438e-01 -1.762742610833530899e+00
1.194645372431525632e-01 4.846325174968411226e-02 -1.607319870067536849e+00
3.731545275590557598e-01 2.700593763092408450e-02 -1.702632636323757609e+00
3.699833748206313722e-01 2.120730508707577011e-01 -1.937350820353727299e+00
4.363986913525749745e-01 1.301668458138962869e-01 -1.951001836661994782e+00
4.091982770221540555e-01 9.979099526644689966e-02 -1.796593872971036010e+00
4.212668859157836510e-01 1.667598097515869682e-02 -1.525679367569475531e+00
5.338224950012147030e-01 1.393904408217674223e-02 -1.619636040297147250e+00
5.167251002201286303e-01 -6.483698513925237328e-02 -1.309669214681753679e+00
5.239961080437761654e-01 -2.796510314672809305e-02 -1.353468862908221437e+00
5.361514188302713979e-01 -7.338348694357568758e-02 -1.245079841066419002e+00
5.952963545721315919e-01 -5.067345114415466867e-02 -1.180963526803693542e+00
5.777389483254332658e-01 -1.144391598647451908e-01 -1.128624261248212912e+00
5.778391388428469888e-01 -7.023950448340052222e-02 -1.262603242300786466e+00
8.315244580997378510e-01 1.594116073955234303e-01 -1.983418994240944144e+00
4.635927160696760585e-01 -9.108906473397420170e-03 -1.417480098407190248e+00
6.881280726414468196e-01 1.820191317100949835e-01 -1.994249523796803869e+00
5.669552375295419111e-01 1.397523365516957772e-01 -1.796950761554540588e+00
4.693694690252133150e-01 4.861386271443918217e-02 -1.790899051212506476e+00
3.628482806724604437e-01 1.838442470423512221e-01 -1.815470678321599474e+00
3.360984858846930989e-01 2.644372861148417200e-02 -1.713005641627054487e+00
2.865403092544648866e-01 1.180005455072316300e-01 -1.918033091403016810e+00
1.003057615667582864e-01 1.820549368119738776e-01 -2.151327375518607976e+00
1.489260694975991506e-01 5.039764936456631733e-02 -1.735894543799315626e+00
1.721927288545905821e-01 1.157933234627204003e-02 -1.660662749924296300e+00
2.521309122669401215e-01 -7.355355897587564917e-02 -1.534076544320096769e+00
2.749266317984814245e-01 -2.906498042761326492e-02 -1.554966965822500713e+00
4.613170496113357388e-01 4.942538114440239022e-02 -1.595090670387180998e+00
4.969851795813455264e-01 -5.243756240102528249e-02 -1.312229780553445968e+00
7.218116207713556332e-01 1.006590779415603432e-01 -1.629876285560214244e+00
7.296098920000627652e-01 4.275236681769483543e-02 -1.535066382432150878e+00
9.128165543193182963e-01 -1.164021535782977373e-01 -1.417391730394366167e+00
1.519865090395798646e+00 5.030737663604917254e-01 -2.750809357942646471e+00
9.473242597444311297e-01 1.268748792588042240e-01 -1.931098500961063280e+00
6.618093269174316617e-01 -2.633789862100993293e-02 -1.648711805916244444e+00
7.633981612038428510e-01 1.149392545450147185e-01 -2.125259239876489126e+00
7.155335253630107362e-01 1.715047425445667129e-01 -2.144307356016458055e+00
6.414237271758016501e-01 2.371086426585629348e-01 -2.592515981638137124e+00
6.919805831229920434e-01 2.468513958388424967e-01 -2.747461756856552917e+00
5.002656889586849509e-01 2.533858409816672208e-01 -2.572929857057775216e+00
3.486514426314184512e-01 1.586083276358904171e-01 -2.308808361001615239e+00
3.073315814518135514e-01 1.549893557828890545e-01 -2.238864845400491799e+00
2.769564709456970863e-01 1.189261316821456360e-01 -2.198940315286790792e+00
5.462071715536975097e-02 2.615354648600132226e-01 -2.362039030385226557e+00
3.201575516228045148e-01 6.789398293087376413e-01 -2.676085513591017317e+00
4.463294986946817478e-01 8.784462984834737753e-01 -2.878436062426156905e+00
4.628445691537440010e-01 2.468880345736564619e-01 -2.180948773473257774e+00
5.195350979680387615e-01 2.169523024850482096e-01 -2.181031975091903607e+00
5.479867611818654005e-01 5.422962006400753460e-02 -1.742362084029859037e+00
5.641878622319353997e-01 1.015386869973894240e-01 -1.772139523742308542e+00
8.158841830187506527e-01 3.139400320527491739e-01 -2.258314842645892551e+00
9.080367421560883168e-01 5.099737072535369675e-01 -2.385147258882857724e+00
1.088591814000456681e+00 6.994377102507444155e-01 -2.694552405427091291e+00
1.064915499303505486e+00 4.893444525007397128e-01 -2.302737446540605415e+00
1.347228794511441841e+00 5.938120207877971568e-01 -2.478728632709453539e+00
1.434034084125725306e+00 5.517889236541049236e-01 -2.438521572006949967e+00
7.949713078027891289e-01 2.089580888888422916e-01 -1.630989672355285469e+00
8.945335849502406012e-01 1.717155908066763659e-01 -1.753006897794006536e+00
8.598981153584634995e-01 5.812379955922546415e-01 -2.357262140385584015e+00
1.097689191162228184e+00 7.164905913205205090e-01 -2.443708602167858679e+00
9.788229192063175876e-01 7.165808347088777897e-01 -2.540817115835419138e+00
7.461121940683054232e-01 4.644506115538338253e-01 -2.383068341568038928e+00
4.511448090287085710e-01 1.749242304633389644e-01 -2.035808634323832855e+00
5.837982654290178042e-01 4.386405644166779250e-01 -2.504872316400240440e+00
3.469387957686978496e-01 7.911067732308091349e-01 -2.972990758426900193e+00
4.040422431470009901e-01 8.343321290320034889e-01 -2.970820584305358114e+00
3.380070757740196719e-01 1.603021677460738648e-01 -2.162948110667911816e+00
3.310631874641261074e-01 1.629466258383073241e-01 -2.157750760981176796e+00
4.037311445683455235e-01 1.119709215084371684e-01 -1.860478772416026105e+00
3.893007954492634926e-01 9.329278810769393859e-02 -1.777603748628528546e+00
6.242591160460330135e-01 1.011428537512520098e-01 -1.914773961078240383e+00
4.688194811755647118e-01 1.068732642458212860e-02 -1.533666241900445204e+00
4.954905648081011638e-01 -4.465157536712303921e-02 -1.345159078229224425e+00
1.069802409699693868e+00 4.332248097011249244e-01 -2.351749159670760481e+00
8.461722929950425964e-01 2.373202994954881906e-01 -1.757525982298816958e+00
6.387162985478544996e-01 8.491854086472726271e-02 -1.374159935703316959e+00
7.908056425199324613e-01 5.670653763072200371e-02 -1.571320506295664110e+00
9.027995017682309831e-01 2.856127541807954584e-01 -2.309595777723617349e+00
7.188582719647343966e-01 3.038311081244093881e-01 -2.200139457826743694e+00
5.254360583831542142e-01 2.091730803364021674e-01 -1.868932185024725134e+00
4.311065894702318935e-01 1.191321792386469264e-01 -1.814746258226239473e+00
3.404046548419616958e-01 1.550323089517839648e-01 -2.015542009487031549e+00
4.089404590685422614e-01 1.181523176328750785e-01 -1.912479013853780607e+00
2.606595685639851445e-01 1.670219878094962584e-01 -2.094042488107551225e+00
1.770733596967387358e-01 1.562475632831567263e-01 -1.919438325959248237e+00
3.880086873622008437e-01 1.516367713860378164e-01 -2.149061060775296017e+00
4.579971629246455400e-01 1.242118966173413330e-01 -2.096799951953473684e+00
3.958989622694587540e-01 2.495434616062536526e-01 -1.982461707321816480e+00
4.931693512462200779e-01 3.736222129044938778e-01 -2.369845695784924100e+00
6.027452990565120849e-01 7.026507087825607789e-02 -1.651238521632604206e+00
1.092624803914644671e+00 6.064173113621402766e-01 -2.686136636023184643e+00
1.285247054588492865e+00 8.244843753022081945e-01 -3.250810015799146857e+00
9.606902754507526954e-01 8.862001194233098955e-02 -1.713962189635681144e+00
8.757360870314774282e-01 -8.979456551995045055e-02 -9.848182755219501150e-01
1.035279440278291663e+00 2.071598145829795790e-01 -1.778214890262022285e+00
7.499006773656178293e-01 -5.910306938684505018e-02 -1.267567014023187832e+00
6.880418009241963118e-01 -1.084549035761889386e-02 -1.512161309608394566e+00
1.143490395894207756e+00 4.860425543855976804e-01 -2.994306158800642770e+00
7.190355006515696257e-01 9.686154109186305428e-02 -2.008341751317670454e+00
6.825962785253760767e-01 1.217989236398709929e-01 -2.153217465154911192e+00
6.379315911612789547e-01 1.388600126160311199e-01 -2.086730551467414152e+00
4.862513650502911511e-01 2.218768452240845457e-01 -2.059838707194301399e+00
4.324402908338896845e-01 1.256039052798219036e-01 -2.126760313645018385e+00
4.431095440500507632e-01 1.852260877439599607e-01 -2.356203031486678423e+00
3.469879047598563027e-01 5.485826270915328262e-01 -2.946154557965162457e+00
2.026755548137536000e-01 5.922607990433269992e-02 -1.765205526498545785e+00
7.803150723333507344e-02 9.742323008393908301e-01 -4.122628522174792032e+00
6.368918037771797297e-03 2.205748828004861217e-01 -2.145509365192429296e+00
-1.150227080176290939e-01 5.088494806947179150e-01 -3.276591035919749650e+00
4.708326966657595120e-02 4.146972978436987145e-02 -1.845420460043803113e+00
9.722460377596242598e-02 5.236079409647371730e-01 -2.998115028644967595e+00
2.968464751943235003e-01 2.158736034356537603e-01 -2.632035087836949394e+00
3.381117843975689485e-01 5.499854521888579706e-01 -2.829177454336280650e+00
3.324634090817543131e-01 4.981339954624751098e-01 -2.647596087975757850e+00
4.828717199695053419e-01 2.141585294819386420e-01 -2.196985985464593227e+00
5.211322750037549190e-01 3.890414337212148022e-01 -2.246205805316094484e+00
7.456921147107720138e-01 3.143283417777055777e-01 -2.436754693763688362e+00
7.696287235910850288e-01 2.078004593977606784e-01 -2.128113399559601771e+00
9.169931669264989038e-01 1.751763486380290835e-01 -2.109864970382055116e+00
6.045511218316613755e-01 -8.257458108427845334e-02 -1.137692793746479580e+00
2.234033446692010205e+00 1.079685166860974155e+00 -3.804378304139596434e+00
4.512622010817852747e+00 4.059575515299541415e+00 -8.777136972339663501e+00
2.899327950226339823e+00 2.669301204165835717e+00 -5.906340260011792687e+00
2.558691244299093004e+00 2.571103453541632167e+00 -5.733917881615840706e+00
-2.630324916585893735e+00 -3.027599686007389490e+00 5.258179761152068643e+00
2.878345596204215262e+00 2.409545161985118700e+00 -6.087319255901655346e+00
-1.048196773224653278e+01 -1.868212945483315579e+01 2.645447608393303796e+01
-2.263671742070958448e+00 -6.189257181662269680e+00 8.889679927817249805e+00
4.005643460342220408e+00 8.408514302956628939e+00 -1.553422518134147978e+01
1.360373689038688383e+00 3.035454471917862662e+00 -6.633430385205793200e+00
6.330591498124702454e-01 2.049841251858411706e+00 -4.957382608255214151e+00
8.181888375988817241e-01 3.113138658788722424e+00 -7.602959999461587515e+00
8.090803021266028683e-01 4.255380761981660598e+00 -9.625962559393503426e+00
3.480559467347973945e-01 6.673471323637739872e+00 -1.436640759226539998e+01
3.301988110953982952e-02 2.327859157436506177e+00 -5.875268878187083210e+00
-7.223847589216154663e-01 2.160109742754662498e+00 -5.421997698671239263e+00
-8.432619140406090175e-01 2.544797117427063160e+00 -5.871893445604183803e+00
-5.760407215603816633e-01 2.755979057852099956e+00 -6.454688173954760799e+00
-2.685771643111515838e-01 2.172291046094345646e+00 -4.878033356406831444e+00
1.911651888884687289e-01 1.749634657917978675e+00 -4.020165782577631575e+00
3.240862877983138324e-01 2.765897527780104337e+00 -5.696876712383471819e+00
4.940661264327194657e-01 2.737231856104545891e+00 -5.926343471195164803e+00
1.237703179703362855e+00 6.465242703732437590e+00 -1.130589894337991907e+01
9.723404652832071671e-01 2.634555877055190010e+00 -5.221662644880062487e+00
1.247642208364413197e+00 2.587452679575133363e+00 -5.243443339405593484e+00
7.143505546590147581e-01 1.831207715933218738e+00 -4.089220844157028800e+00
4.309122771725014123e-01 9.494336803498001354e-01 -2.797861469610762875e+00
1.042122380018200900e+00 2.009432130636529923e+00 -4.348691206014220434e+00
1.906025928944602876e+00 2.784619909251221159e+00 -5.361983662464220757e+00
5.971410444825764330e+00 8.997321520001571926e+00 -1.408700126621610949e+01
1.629134829953337471e+00 2.017410882888030166e+00 -4.254374178284362706e+00
5.572779769627904223e+00 5.684583680163195929e+00 -1.055506475289145918e+01
5.167972390788803771e+00 6.076229749666937963e+00 -1.061430708627140085e+01
2.404888387732415200e+00 2.638630477172812849e+00 -4.460379716385531879e+00
5.952666705344974218e+00 8.554385798491724202e+00 -1.278886707075561802e+01
1.681500183940374527e+01 2.783196500113034944e+01 -3.852723487103166633e+01
-1.152300077168184060e+02 -1.795796327854314427e+02 2.499541928002232396e+02
-1.800327475491219502e+02 -3.158901604977660327e+02 4.432156018438615206e+02
3.103623782245285678e+00 7.005374096531972405e+00 -1.050151624346728241e+01
1.664072278623698331e+00 3.909219036019339288e+00 -5.974756135026284554e+00
5.009184892459668248e+00 1.764227592248093401e+01 -2.433997423278103867e+01
1.372804156385381891e+00 4.896128363906138148e+00 -7.968941902963347701e+00
9.131975592614967052e-01 3.517060052417497751e+00 -5.936510347640068019e+00
5.004364862239769618e-01 2.244357408707819967e+00 -3.603832486067936269e+00
3.262265197779523063e-01 1.790021663831081966e+00 -2.710795406326345525e+00
-1.537818305404974224e-02 1.920896941295688443e+00 -3.054991317566290387e+00
-3.538585104538454207e-01 2.888999846622750667e+00 -5.668396233286308927e+00
1.305527545526451172e-01 1.258523212283630732e+00 -2.360472419273393463e+00
8.836339358968373081e-02 1.371740148532490933e+00 -3.550923416355713957e+00
3.017528666653339076e-01 1.694477056703398876e+00 -3.390123078278424185e+00
3.513151093929223201e-01 1.557016457444917457e+00 -3.657146667543939245e+00
6.007030907961364852e-01 1.053972849704579495e+00 -2.507413392438732291e+00
6.793480354623138151e-01 1.052043691210328591e+00 -2.945539239573828905e+00
7.718209204487845865e-01 9.779429626102369433e-01 -2.860400003556656134e+00
1.605778179619220092e+00 2.071080326550537087e+00 -4.611338790409342359e+00
1.275338612870169364e+00 1.245392247405153530e+00 -3.294440934795867193e+00
1.012592605731927886e+00 7.571175534682028641e-01 -2.367874838581751629e+00
4.706041895912691508e+00 4.358517501467736643e+00 -7.096527414762609176e+00
1.365225122963872328e+00 9.911615070657023852e-01 -2.881318183083012130e+00
1.202983118607118485e+00 1.876924309807850966e+00 -4.153425172468390159e+00
1.607328657987094234e+00 1.936416390109486629e+00 -3.959398995512827923e+00
1.345114894350015522e+00 1.829701258388430896e+00 -3.910162041256230125e+00
1.128011264009352477e+00 1.690399241074578063e+00 -3.782152831623929679e+00
6.167624536763109955e-01 9.064628422948177722e-01 -2.890106938533938408e+00
5.245682890411694776e-01 1.323466101980202536e+00 -3.658089633336575108e+00
5.450736121271981816e-01 1.400274434324637163e+00 -3.493095918305708647e+00
1.635370538976985144e-01 1.174400175682855485e+00 -3.198215103146751837e+00
3.975840103489357985e-02 1.276994268812307931e+00 -3.456317654754514468e+00
-3.568754288706968425e-02 7.236859445824783688e-01 -2.891361893663602078e+00
-1.661337869546501145e-01 2.398583915342396899e+00 -5.863995043732640688e+00
5.392474508944292144e-02 9.182468927912997847e-01 -3.461783035379357720e+00
2.939203963209426340e-01 1.489446513439445008e+00 -4.296104912940106324e+00
5.640857022952036059e-01 9.204687603453071132e-01 -3.248948453839706652e+00
8.436050856184670321e-01 1.474986089198998984e+00 -4.096903439128457336e+00
1.011234696895724650e+00 1.345500096918235799e+00 -3.856040441113207873e+00
2.596237813210868328e+00 3.710068805255108071e+00 -8.269296781441324740e+00
2.345898220582891103e+00 2.511049770000968628e+00 -5.990766174702488733e+00
2.263461557747030728e+00 2.630541331221270429e+00 -5.828436503999773421e+00
2.946301136605917748e+00 2.682645980950863596e+00 -6.389630478934100744e+00
1.515976520997126764e+00 1.069409094032047092e+00 -3.338383104128144208e+00
1.934535751679432991e+01 1.808266116719221372e+01 -3.782076840164568665e+01
2.260558323690772653e+01 2.137435658291562746e+01 -4.509589861115548359e+01
3.878214697779718279e+00 4.123965762193517293e+00 -9.237431446619687847e+00
3.502512036374222149e+00 4.484002762540188591e+00 -1.155038796309562876e+01
7.945098858460285518e-01 1.534776356044705192e+00 -4.155281727129746194e+00
2.067251814545958855e+00 4.571481015464557984e+00 -1.108843509301629204e+01
2.251385327704731321e+00 4.659770959287437009e+00 -1.122069372476193827e+01
1.636290137136849454e+00 3.786840085303032399e+00 -9.404149932415718283e+00
1.307632476588164172e+00 4.948736063277507036e+00 -1.301908150048791413e+01
3.155066955293119868e-01 1.046463947733231814e+00 -4.373977527215981098e+00
-2.577985067018414081e-02 1.059763938284635110e+00 -3.745813691056702144e+00
-1.777983320240464626e-01 1.173313676477805823e+00 -4.272666034409135172e+00
-9.189111682414158322e-02 9.044061826609458565e-01 -4.173829137904746744e+00
-5.772588392551166736e-01 2.930137948221445576e+00 -1.029804017108320835e+01
-3.652781249620382642e-01 5.087563938665731200e+00 -1.291131901427946005e+01
1.925110179720009029e-01 2.350585255751409619e+01 -6.604057761106037105e+01
-2.123657314157208020e+01 1.248618279763734620e+02 -3.006991269213963847e+02
-1.347386506614991264e+00 1.026670248923333872e+01 -2.385067182018168097e+01
1.654536560041800275e+00 -2.476519520059629897e+01 5.529821839357006041e+01
-1.176971624836741270e+01 1.026000699699084464e+02 -2.864060193068617650e+02
2.435299426819941548e-01 1.489893965628133587e+00 -5.860235271495511711e+00
7.552429851345494605e-01 2.152464492161482390e+00 -8.044151901696031004e+00
8.856520367788258685e-01 8.376006348757709663e-01 -4.326602652695306084e+00
1.445834192211016944e+00 1.301066755703010669e+00 -6.539220967397124440e+00
1.916218688293684247e+00 1.618586173325004873e+00 -7.922068789792380272e+00
1.444303359932921804e+00 5.694849985941270454e-01 -4.249610996123962536e+00
6.468978236918332403e-01 1.089804812484850283e-01 -2.002511007567301160e+00
