3.030866022187498898e-01 1.546107363313171668e+00 -2.622173860564644521e+00
2.926152823758991772e-01 1.153559065656764915e+00 -1.999937283571393554e+00
3.008873287562364163e-01 5.302432645846842929e-01 -9.105224801490909847e-01
6.694620036789248330e-01 1.206095771532426308e+00 -1.864742096349327305e+00
8.974480611613997461e-01 1.097042396620028448e+00 -1.688313915945673926e+00
1.335541596183981383e+00 1.199956794247510672e+00 -2.341312842644163172e+00
2.195150738684668035e+00 2.153468399625675378e+00 -3.698911932297036298e+00
1.791093271229584172e+00 1.258202042072501969e+00 -2.404837941607674612e+00
2.507559685641120861e+00 1.485565388136617981e+00 -3.066799205891705071e+00
4.039251623899888344e+00 2.171678093608693239e+00 -4.598452227866110853e+00
2.676185595154883412e+00 1.517161105505285157e+00 -2.739405018175404827e+00
3.143043481174282228e+00 2.071448894970014720e+00 -3.527716637088496032e+00
3.166428654425308409e+00 2.330784572486797934e+00 -3.946331763953174310e+00
2.407315139096972700e+00 1.540974540127441950e+00 -3.056367830700806199e+00
1.777229795610226537e+00 1.779852740618895535e+00 -2.905283087105974271e+00
1.048381402132249063e+00 1.011420206743567141e+00 -1.907394272641954158e+00
1.428671384840092040e+00 1.631864387543208617e+00 -3.177862261801200017e+00
9.090878553552814711e-01 9.550586319200402574e-01 -1.692187494769722411e+00
1.270477163448150204e+00 1.020706322843258018e+00 -1.850254733971653520e+00
1.794300848062182485e+00 1.308167422170441352e+00 -2.431207210482026593e+00
2.465310393944689427e+00 1.608220120871910908e+00 -3.029451134763861297e+00
2.367273735127405132e+00 1.436415576411535833e+00 -2.496733791585896256e+00
3.115710882872341436e+00 1.715526639446967705e+00 -3.280801010484142299e+00
2.643053387350569494e+00 1.589165041132890588e+00 -2.606908332361330682e+00
5.895982554278921484e+00 3.654879547837948994e+00 -6.414370101524017542e+00
2.939292546608185397e+00 1.276934450493466988e+00 -3.004651555914732874e+00
3.446841874874671419e+00 1.131240225627789142e+00 -3.457851848896908109e+00
3.274926645069479392e+00 8.139873714298040408e-01 -3.704765019468120979e+00
3.601623622138996783e+00 4.281958690965856351e-01 -3.879034002690129324e+00
4.003128548383284802e+00 3.598978752982046059e-02 -4.161992804186397166e+00
5.547551630520601407e+00 1.122231486340719703e-01 -6.075899327598019539e+00
6.432026915631829489e+00 -2.654775562746141682e-01 -7.537421982882259286e+00
3.638189028379724022e+00 -4.090661647091050623e-01 -5.192308065115352811e+00
4.427407064548243731e+00 -6.475412645291153124e-01 -7.218452215826359541e+00
3.589823483848248120e+00 -6.275709043638896256e-01 -6.838950340516531945e+00
-5.441496376161930826e+00 -1.015573513523400528e+00 1.781670053951441801e+01
1.982401095030570382e+00 1.859708935083188575e-01 -7.535391849676984499e+00
1.477444453647082545e+00 -1.093185987203323162e+00 -8.799599204517759787e+00
6.864274166212858130e-01 -6.361346217899769284e-01 -7.599935787412460897e+00
-8.670296516438508183e-01 -3.515458195147801446e-01 -2.304505893303221953e+01
4.822426126139621738e-01 -1.009408020568445252e+00 9.766432717671825969e+00
-1.852833936267183831e-02 -5.818588708073753057e-01 4.069156089131727327e+00
-4.462270336635084655e-01 -5.878979882853582195e-01 5.079047500087018108e+00
-8.549336821508431994e-01 -4.995396017713623071e-01 4.205184140697572737e+00
-2.422702427526587154e+00 -1.507011447143880911e+00 7.720599961999111471e+00
-4.461597211505075045e+00 -5.009458524819284664e-01 1.037212567766006011e+01
4.926807210318468577e+00 4.907627536918035549e-01 -8.752576989052329282e+00
6.609927538659123414e+00 1.250511534140256398e+00 -9.222318288244382600e+00
8.969365943285461995e+00 2.906913529924112449e+00 -1.146786637870899561e+01
1.836297829926075309e+01 3.961342075754224812e+00 -2.108568273129560566e+01
1.126882139116501591e+01 2.445071420559996156e+00 -1.139996775025728226e+01
7.493342409207184751e+00 1.754746087962004264e+00 -8.103236526612317192e+00
-2.427431078958040001e+00 -1.170424398231937335e+00 3.074139801853640996e+00
4.368042234706368099e+00 2.162156360783766829e+00 -7.364360292986498635e+00
1.389138212457882915e+01 5.515393585350839345e+00 -2.696368192410481868e+01
1.567597043267560553e+00 6.870255688150476159e-01 -3.262422077901700135e+00
-9.112187416059445155e+00 -9.175902482026966567e+00 3.455381690729527122e+01
1.394376350652529739e+00 1.151107840192356457e+00 -7.967878963752953680e+00
2.554679851986356720e+00 1.747128669756814023e+00 -1.727133184112724962e+01
2.356083589644998588e-01 2.419253916518268599e-01 -5.046293026485999533e+00
5.833993235890468920e-01 1.089566606863292403e-01 -2.946190575245464238e+00
1.122067526586610242e+00 -8.849947744701054664e-02 -3.662526109459034895e+00
2.481517925323055707e+00 1.701851555033068869e-02 -6.432437063608953842e+00
1.774203869145469792e+00 3.815723573122248302e-02 -3.489189409423104848e+00
2.121952475785480186e+00 -8.087329134497740074e-03 -3.233539325147908983e+00
2.442592671086347256e+00 1.308807464270999033e-01 -2.875142152415746555e+00
4.102521165919782220e+00 -5.400287696111120972e-02 -4.501644181032383507e+00
7.834102905486990842e+00 7.108412748328812869e-01 -8.324384657854457359e+00
3.543021727060487347e+00 2.113512727792472845e-01 -4.386105875278732746e+00
2.543024287050855037e+00 1.291623475766645948e-02 -3.418856534282908921e+00
2.147114352455795405e+00 -4.572522864191282954e-01 -3.593368571304753623e+00
2.853518063547911598e+00 -3.248365423733932666e-01 -5.211781259002828293e+00
1.513343969468882166e+00 5.896598104262986556e-02 -3.475914334888440926e+00
1.245885034266932534e+00 -2.452249112879400783e-01 -4.361493641524786469e+00
nan nan nan
2.940084085276745696e-01 5.442173757365369874e-02 -2.319683414652152553e+00
3.059143452810308972e-01 2.097783215944510060e-01 -1.466925011895582998e+00
1.862167284419239122e-01 1.715472904142511523e-01 -6.121920421268831625e-01
2.852293420372831734e-01 3.024358791234776356e-01 -6.758800591235271105e-01
8.236033269477290863e-01 3.077378015497840291e-01 -1.524508319352116281e+00
2.280972890675951437e+00 1.191918767989318173e+00 -4.165746241305858355e+00
1.657023566068896336e+00 5.989460915276660913e-01 -2.481932396084987502e+00
-1.750979718168081689e+01 -1.058679175871493605e+01 2.253472832410074034e+01
3.339642541087770589e+00 8.210179591414479283e-01 -3.814914215556436172e+00
3.362317238475846182e+00 9.478614171898250840e-01 -3.808658198964017139e+00
3.702321747024173604e+00 7.899595446262650533e-01 -3.775923587116138069e+00
4.898283599685310463e+00 4.799126978641078400e-01 -5.224779575080390259e+00
4.403602860524693519e+00 -1.366713845949401977e-03 -4.166335947423162267e+00
-4.124635839715221408e+00 -5.685265484224696353e-01 4.418275780886614434e+00
4.414820969932258699e+00 1.901347981564380785e-01 -5.813605819099079142e+00
3.157625256310094386e+00 4.199412253454507839e-03 -4.856368305168304644e+00
2.182102622159843186e+00 5.074665710171475351e-03 -3.917826181204691505e+00
1.988923503409696814e+00 -9.137920672595450933e-02 -4.523647252553812059e+00
1.528651606916741512e+00 -1.421355222908748661e-01 -4.750041656579637284e+00
1.033065544481631459e+00 -2.832541485937287717e-01 -4.400914690168572285e+00
4.140164457263474374e-01 -2.707868157105934315e-01 -3.311976453695288036e+00
-7.286409269809342171e-02 -4.618223568424896230e-01 -6.014567536634147338e+00
4.902302363279251729e+00 9.977242938892557644e-01 3.160942295610309571e+01
3.446410006423574757e+00 -1.126283079667602105e-01 1.785229630850965776e+01
3.607319602788068291e-01 -5.492870583588619349e-01 4.099434455805506694e+00
-2.135111287845187000e+00 -6.024072199273917683e-01 1.627797462413368734e+01
3.263112204365524072e+00 8.913204338012926664e-01 -1.249581562002576085e+01
7.909557497868108911e+00 2.099711453745057632e+00 -2.005100551518891550e+01
3.570467318174617155e+00 -1.972322860124592070e-01 -6.750541802918037071e+00
5.017909559349910786e+00 -1.536824772512087045e-01 -7.729330968735551366e+00
1.334524471079556207e+01 5.711940320688649875e-01 -1.647368022771670226e+01
9.950297206035225273e+00 4.808438657100738006e-02 -1.118196602010383955e+01
4.495494097827932301e+00 2.256149595591121493e-01 -4.216316371582520262e+00
6.256283184655254459e+00 8.799580937799905689e-01 -6.564807984656819251e+00
1.913466133153408189e+00 1.970170326310398123e-01 -1.677513769318612180e+00
4.568439707594213139e+00 -2.225429802147126657e-01 -6.548971647666505191e+00
4.071660998125743447e+00 -2.725818654237742167e-01 -6.693827206818468767e+00
1.878577093507839413e+00 -1.756750847224723411e-01 -4.033397992328226600e+00
1.258291318481699061e+00 2.217984047082710852e-01 -3.024583363124736302e+00
1.418943054316539554e+00 3.519989283217165865e-01 -2.910552529417764323e+00
6.091038360908236360e-01 4.118212720538279026e-01 -1.898210848571685538e+00
5.626732268440417517e-01 3.798018898828885992e-01 -2.074229923252976615e+00
5.837603839309780662e-01 4.753258074071610717e-01 -2.851484827973940650e+00
5.507546967967424933e-01 1.363342678140446740e-01 -2.300702018425891726e+00
1.732982484130004552e+00 2.959106909801886842e-01 -5.426875889296123745e+00
5.299969338675999175e+00 5.293929526344773873e-01 -1.252401732304952553e+01
2.325811125211167063e+00 -9.975211610188395792e-03 -5.390355724406685312e+00
1.075977158342433571e+00 -9.992460854638937628e-02 -4.292797282359269495e+00
1.081377745080005948e+00 -1.010279419914894700e-01 -5.034488517679508668e+00
2.564286219376137876e-01 3.983827267180010435e-03 -1.992017229801640976e+00
1.928522306165404987e-01 3.437183944832191140e-01 -2.480030561534420919e+00
1.845730274723620667e-01 4.402716761256715849e-01 -2.031352389146217519e+00
3.634326502253530378e-01 9.001028735537384140e-01 -3.158290242194307762e+00
6.104923099749699489e-01 1.007595942222887953e+00 -3.045352625129317925e+00
8.837535716020465948e-01 1.351873165961506862e+00 -3.948163370116843485e+00
1.736834768602853352e+00 1.561492628484095535e+00 -4.595581162162988953e+00
-9.541371429900649126e-01 -1.303718759003878347e+00 2.613466981492177599e+00
1.379993814046956091e+00 1.022673688239621903e+00 -2.077255024219327062e+00
4.132438277515554148e+00 2.184362939624589828e+00 -5.754235285180954840e+00
2.823167294751335543e+00 1.265608659642122547e+00 -3.354892029118034191e+00
nan nan nan
4.218167747878886154e+00 1.648490487730257970e+00 -4.549167714906879212e+00
5.149171885168335905e+00 1.464156037444284575e+00 -5.235871348797887848e+00
2.527716454301228932e+00 6.576486572882765946e-01 -2.673730832171678617e+00
3.110971903965071839e+00 8.277744937081960019e-01 -3.690436421707558701e+00
3.847230386368482158e+01 2.068818783843596165e+01 -6.004132499593821848e+01
4.753146856234924833e+00 3.090390764949892954e+00 -8.651058823738354775e+00
5.941476959184575968e+00 2.421579870901865661e+00 -1.115623530000926245e+01
-1.595689060016170799e+02 -1.415708078416353146e+02 7.136958717117092874e+02
8.631217817376368728e-01 1.305000165968017489e+00 -4.553569371954588441e+00
1.181163270249595332e+00 2.083982718136232926e+00 -1.013434410711174039e+01
3.641427202699346055e-02 3.461697902013664008e-01 -2.216042803989071164e+00
2.607603003707770761e-01 2.125636771980088102e-01 -1.449765273033389645e+00
4.981145292286962567e-01 2.034026252596874140e-01 -1.547119879876553084e+00
-1.392163768728081705e-03 -1.171624624646917801e-01 5.795560472808182206e-01
8.844245536525847662e-01 7.396195400517953100e-01 -2.637383846785752883e+00
1.554215557162976546e+00 8.960667965153659154e-01 -3.472145511744702429e+00
1.323163592404321909e+00 3.641525102831911775e-01 -3.201781314670593126e+00
2.319912385943474487e+00 1.374304555749161549e+00 -4.365503687417345624e+00
2.807476408965392523e+00 6.562878999026900972e-01 -4.632894284087816672e+00
1.898195138392552384e+00 8.607411209551243392e-01 -2.738809192805512271e+00
1.866331469147564315e+00 3.822236766927630813e-01 -2.172552940457374238e+00
1.655909202572810157e+00 4.469891226583454502e-01 -1.603800914831736923e+00
nan nan nan
3.518465911650070499e+00 1.578122402547662340e+00 -3.687440403603851724e+00
2.998068500486382071e+00 1.614058765243872706e+00 -2.974632750039985840e+00
3.456322531449614210e+00 1.676266971076176393e+00 -3.407922788763764199e+00
3.354181794610167078e+00 1.170165981493676233e+00 -3.433100942605003869e+00
3.772889487333380920e+00 1.045256275950555036e+00 -4.171221074938499918e+00
2.664939306479560788e+00 7.164277583725687792e-01 -2.932742397152414249e+00
1.745963395865118617e+00 8.768087757755208544e-01 -2.371970671585268420e+00
1.925707853794989211e+00 1.071302520369832756e+00 -2.958131724435002496e+00
2.966666682562453694e+00 2.183387253921679427e+00 -5.566671662483000382e+00
2.529531237227045981e+00 2.002870269152427607e+00 -5.786661880210422382e+00
9.096981522839437950e-01 6.403187945055061059e-01 -2.164287209837323811e+00
1.628447280527035135e+00 6.712576723574074089e-01 -3.992832349272997128e+00
1.312634266390762416e+00 5.161975313948350408e-01 -2.777951084769309631e+00
4.628347146553189795e+00 2.559838193747968393e+00 -8.290984016692897640e+00
1.747235902107205252e+00 4.494521461354418213e-01 -2.260406324450042970e+00
2.756202812913860711e+00 5.003010789016916204e-01 -3.015017484940236692e+00
3.060421991595079660e+00 7.384214316888726426e-01 -3.334659970862267730e+00
3.179942022242097099e+00 7.893640474392004114e-01 -3.480388973778118622e+00
2.538149437408276032e+00 4.201256600295358856e-01 -2.550349588755163044e+00
4.210936235058836630e+00 7.699406755470804553e-01 -4.597937257921628884e+00
2.938240480023328605e+00 2.820938375731533165e-01 -3.301191749488120664e+00
1.876269238607981782e+00 2.451727636999803325e-02 -2.555593516393734443e+00
4.781055622941495997e+00 6.236992218147128231e-01 -8.415510641315369966e+00
1.462158757061422287e+00 1.512940984586043092e-01 -2.830476386389302323e+00
1.342530816217778256e+00 2.204456616759765120e-01 -2.768894086357937656e+00
7.594466225225873224e-01 2.605633163606761449e-01 -2.884329170184253055e+00
4.315312841879928585e-01 -1.857011295709042401e-02 -1.537538326412851930e+00
nan nan nan
nan nan nan
9.941507236269885028e-02 2.714896264457293817e-01 -1.418907456950570856e+00
2.533321943133066134e-01 2.375695187651626628e-01 -8.570526012503580926e-01
3.026752100450929017e-01 2.802158345797245431e-01 -1.057971079898242905e+00
5.247623386405860790e-01 2.553943696771297511e-01 -1.347154578640457734e+00
1.164341319465859392e+00 3.722169503566455373e-01 -2.058137963986161001e+00
1.518053387034305146e+00 4.792330519270401323e-01 -2.689389380701951993e+00
1.853484083297705309e+00 6.022096858362165905e-01 -2.975128258043821194e+00
2.732692917562491441e+00 5.397159732235521368e-01 -3.556822612595999633e+00
2.498239130289432008e+00 3.949917914789873308e-01 -2.931805595247513274e+00
3.090081724337233826e+00 7.042438636222224657e-01 -3.439699994040937625e+00
3.015232104335570984e+00 8.394538908780977415e-01 -3.492800520504676154e+00
3.615914685294459474e+00 1.130247661152449901e+00 -4.478111568402383114e+00
3.150244937409612866e+00 1.713826833572735353e+00 -3.523733186589048660e+00
3.025367967812737646e+00 1.649136208449553553e+00 -3.086090198715234934e+00
2.677827847347213908e+00 1.258628910585371852e+00 -2.858850927124749752e+00
2.861381830405346438e+00 1.936688872207771750e+00 -3.784094609080805416e+00
6.130019731379013903e-01 2.339778944439760422e-01 -1.475668881194845961e-01
1.592398498467229473e+00 9.023076567865790931e-01 -2.393349362006553349e+00
1.258794603816682178e+00 9.854876904909217750e-01 -2.014357454789476254e+00
1.230284233033658969e+00 1.052366405504315594e+00 -2.047697385907982781e+00
2.050055484567574915e+00 2.360745489607412928e+00 -4.496171364973256424e+00
1.045912129847519134e+00 1.555983646270673537e+00 -2.958623676848856299e+00
7.814452909205428233e-01 1.225997103428828394e+00 -2.837892024299240035e+00
1.794974019812353161e-01 2.365567725471808269e-01 -5.900219264706424438e-01
2.538573971028579845e-01 9.127427421325364776e-01 -2.224463831587739637e+00
2.321187505978280705e-02 2.429495619990618416e-01 -3.958611012175476396e-01
3.952643083159334408e-02 5.149487540522450502e-01 -1.027443094623475162e+00
1.117508249650011748e-01 4.091196871749013253e-01 -7.255573349893090773e-01
2.142235397015284093e-01 5.631561089578195345e-01 -8.634453726320111544e-01
3.361790099438370372e-01 8.153759259466706322e-01 -1.175158338257042079e+00
4.792454618585751946e-01 7.504401505527221738e-01 -1.168011480117435497e+00
9.941692466768434766e-01 1.410594367268057203e+00 -2.303984537778436703e+00
2.056791996024469160e+00 3.817484731552621913e+00 -6.693696980717291467e+00
-1.187818287675434931e-01 -5.240257492128560513e-01 1.072392691979510593e+00
5.505416088794449214e-01 1.464821367490724002e+00 -2.925993994290705835e+00
9.846292272139818905e-04 -4.587521539922203018e-01 1.053067115639977791e+00
5.537885986198794880e-02 3.819790814643677090e-01 -7.694695190903142468e-01
1.208624768048128795e-01 6.399899897531877713e-01 -1.166721393071733281e+00
1.794980920588972462e-01 7.709954104440093214e-01 -1.468518128881918905e+00
6.016645119466500491e-01 1.533975583828049993e+00 -2.803891984993612585e+00
5.762298436259465362e-01 1.037891465275981195e+00 -1.876364994171693334e+00
7.106203053669563063e-01 1.099477683625762481e+00 -2.049496351718823828e+00
1.171676827010094790e+00 1.526326117626713330e+00 -2.677909613809201339e+00
8.867436355557530847e-01 7.686133105617938277e-01 -1.306621994688751620e+00
1.324273114272688234e+00 1.041258302366281807e+00 -1.813258125882993177e+00
1.765244350118517769e+00 1.189948218398729107e+00 -2.221443743757542499e+00
2.654559130439269055e+00 1.720406225955167789e+00 -3.198255892010498425e+00
3.332258795866714252e+00 1.804711461204726808e+00 -3.605743778815602596e+00
6.119475583314125444e+00 3.650327882323019413e+00 -6.181497896002991155e+00
3.019137569880486094e+00 1.977075505099408881e+00 -3.177773589812193489e+00
2.849380372444066278e+00 2.074293884430088664e+00 -3.079416044634146754e+00
3.558271872882924569e+00 2.803154077652636911e+00 -4.793779118856535071e+00
1.652114477181326313e+00 1.582666961357383828e+00 -2.541543606163456648e+00
1.874405165231416426e+00 1.928159559429922565e+00 -3.190861699997696643e+00
1.634938628392632154e+00 2.102056967376058516e+00 -3.200383195220603216e+00
7.321386851190007095e-01 1.174950995234060214e+00 -1.580983218635801490e+00
7.884805225423399122e-01 1.146322951249422406e+00 -2.022788202530562796e+00
3.878195945886674934e-01 9.075895390811431485e-01 -1.351877699143168909e+00
-2.932597400448803682e-01 -1.399271139035421996e+00 2.056181441292950218e+00
1.887157492047878138e-01 6.400750094135755353e-01 -1.047043036016380269e+00
4.455277512763795161e-02 3.795200624425121294e-01 -6.428108781859882548e-01
8.583068233269433578e-02 -5.339988726122018026e-01 1.086156484815895995e+00
4.091405648629048986e-01 1.134478255236759603e+00 -2.305270050112640856e+00
3.466169480197539343e+00 6.543504868242779438e+00 -1.469880801678321447e+01
6.851805340934303823e-01 8.637276877191196744e-01 -1.587151326964163944e+00
1.270983004738941213e+00 1.329015643334254371e+00 -2.981307084285368170e+00
1.965863455783469549e+00 1.770191129305503486e+00 -3.570001098006486906e+00
4.861346929926185223e-01 2.332056053081335845e-01 -1.710079155649495142e-01
2.949798823693522198e+00 2.422021858442379827e+00 -4.285446201758590590e+00
4.080955208898648934e+00 2.497664557818593423e+00 -5.194086811124512870e+00
4.700448443685792732e+00 2.587729320675446143e+00 -4.627124822929439496e+00
4.449509731647028232e+00 2.644083293862165007e+00 -4.366599459684592510e+00
5.089904103890883214e+00 2.386102379900764348e+00 -5.197043127520140082e+00
4.436372067156010957e+00 2.684348233721969290e+00 -4.471482333147989152e+00
3.384686391013310924e+00 2.371210898034256775e+00 -4.206506792731199873e+00
3.556387441404898819e+00 2.657158808421680618e+00 -4.729503638211600247e+00
2.919685216202295930e+00 2.170305471154953203e+00 -4.177392473699311992e+00
1.805808521910336362e+00 1.402232682326538749e+00 -3.041689908795089714e+00
1.253365944950682653e+00 1.155818359502448711e+00 -2.376862406629026037e+00
7.628038385416787470e+00 8.643241996025146534e+00 -2.234478531282981706e+01
8.889559338570759195e+00 1.457321946073768260e+01 -3.972533282051605141e+01
1.366414145704089922e+00 3.107656044888417846e+00 -6.695175364926168271e+00
-9.212626273008739375e-01 -6.201861620956829135e+00 1.652803248535586889e+01
-3.627537034454159093e-02 7.538873798732288467e-01 -1.244306908666788614e+00
-1.948317495222732787e-01 1.992125798548169069e+00 -3.573116162084976732e+00
5.691257087839175083e-02 4.346108545488314157e-01 -6.718159378509588331e-01
1.042480247170226304e-01 4.552282512178742468e-01 -6.680499654966890466e-01
2.554062758961213597e-01 9.617844974456740692e-01 -1.399244087394863723e+00
8.166165535356961769e-01 1.782501525008977517e+00 -3.006551157714706601e+00
9.775695672347749499e-01 1.496999553577610831e+00 -2.562199733707374083e+00
9.584889311166634451e-01 1.212848267918653855e+00 -1.968424019575090833e+00
8.890385586719040667e-01 1.034368289114996120e+00 -1.549384197563769661e+00
1.808224654085361705e+00 1.747388162185169458e+00 -2.706174117477153640e+00
2.234680688242530966e+00 1.991298889175661557e+00 -3.095592053801124344e+00
2.252760889020022361e+00 1.823771204644326405e+00 -2.946892883461165624e+00
3.067141817562122785e+00 1.974508654107355321e+00 -2.995514547047584575e+00
3.913164066704722721e+00 2.399683447982264184e+00 -3.825001781606436335e+00
4.191875907156906500e+00 2.442426681149639123e+00 -4.116909391827565656e+00
3.307031193744284003e+00 2.093119392369608533e+00 -3.394215133822727992e+00
3.189501522309253989e+00 2.121365040038007965e+00 -3.704805216679499136e+00
2.865679238816586594e+00 1.939997537572974551e+00 -3.432595288096481845e+00
2.458218796816296514e+00 1.939269829367228137e+00 -3.423819715458523039e+00
2.654364952099781405e+00 2.586945506779152915e+00 -4.901497495103155799e+00
4.792605124243676240e-01 5.358487241641815002e-01 -5.716721929403101310e-01
8.954379151488390809e-01 1.380908243723660611e+00 -2.066813047205899867e+00
1.730174854993839828e+00 4.171550520403209283e+00 -6.646014837373326323e+00
3.014362854840332839e-01 7.806712059503951862e-01 -1.126849795890524364e+00
4.041422365903084568e-01 1.387810186308153337e+00 -2.225013426937199501e+00
6.230557326104119859e-02 3.265550926692105671e-01 -5.214616383682570966e-01
4.640799094751903164e-02 -2.053670677927983967e-01 4.695504874441921994e-01
7.124842089466357220e-02 -2.596184376211971290e-01 6.117973888769731028e-01
1.147001657048367235e-01 1.260495883143768925e+00 -3.037464227568745567e+00
-2.311312151518459146e+00 -2.136740037891159627e+00 7.537905299435135653e+00
9.050261388991176048e+00 4.641866839182887006e+00 -2.032252240896122331e+01
7.241566175465377064e+00 4.096481395941166781e+00 -1.471013084591718822e+01
4.541119873863386225e+00 2.860984581976253605e+00 -7.088884613611123875e+00
5.811749580436707419e+00 1.881932547659167287e+00 -6.726475951531441844e+00
4.767070423585537675e+00 1.674719635078854241e+00 -4.739688543774346563e+00
9.937831806505645460e+00 2.819904525617508373e+00 -9.691065114380759127e+00
5.005917064770488700e+00 1.459966761257728285e+00 -4.918320086346100517e+00
3.736288396759675834e+00 1.280929630800966779e+00 -3.967690302674907077e+00
5.592046010482008889e+00 2.717609327602989566e+00 -6.812047988699625911e+00
4.670917872499659396e+00 2.944961922164832657e+00 -6.425549475891333628e+00
2.886569254884108648e+00 1.377876428671192421e+00 -4.686617147798021854e+00
-8.053609342338461374e+00 -4.281255825598250020e+00 1.804009078827535362e+01
7.984233339021731268e+00 1.068227495971158270e+01 -2.499484710967121259e+01
4.239255509018504675e+00 6.331518978472696624e+00 -1.750830545691662365e+01
-3.329858282496368505e-01 -1.009744234625810311e+00 2.644070514713651843e+00
5.114417072403931730e-02 -3.139761467227782377e-01 6.980996533530496873e-01
8.768377643815906952e-02 -3.414138508357521529e-01 8.757128920307410969e-01
-2.918428178169377510e-02 -4.502317096385357043e-01 1.789843707108611515e+00
2.217447152082771891e-02 -4.064954295967326825e-01 1.818431200364508005e+00
-3.139318826716762378e-02 -4.104292679495796792e-01 1.279360847184462857e+00
-7.029357122371988620e-01 -5.648475552677021394e-01 3.142643744797776861e+00
-2.677527531010708017e+01 -1.586098480036924130e+01 5.872668755363810078e+01
-1.065663565144632088e+02 -5.178809224508590603e+01 2.185864204800624861e+02
1.614151040634951428e+01 7.954150034901246613e+00 -2.561917344005216890e+01
4.208165255061344645e+00 1.468624610665247632e+00 -5.497116344003751820e+00
1.360810402321394896e+01 3.351947696765641194e+00 -1.772089449597781652e+01
6.898362741392794817e+00 2.105471455095028421e+00 -6.836922713024152110e+00
2.231636071246507314e+01 6.216145637613450958e+00 -2.082685312204547756e+01
8.249298663977191026e+00 1.016760885295152850e+00 -7.996612721680678604e+00
6.197996369819800400e+00 4.021691579721914378e-01 -5.686659420969901291e+00
1.706228909075673172e+01 3.932543136384313520e+00 -1.891310834367293481e+01
2.214436509820418308e+01 5.689720847406650961e+00 -2.636121395806989298e+01
-3.203250322679120643e+01 -5.631994455064381455e+00 4.995591940749350357e+01
-5.943839431553968211e+00 -1.779764121989865666e+00 1.113240378230424099e+01
-2.076034696255595691e+02 -4.691455172592620926e+01 3.799440750198559726e+02
-4.451953906708243203e+00 -9.553176541705984404e-01 1.192631067572621362e+01
3.220371373457664887e+00 1.655532181279139037e+00 -8.612408687136737129e+00
-7.515957602601294196e-01 -6.482088814786812758e-01 4.701854118094017210e+00
-1.491315659597031995e-01 -6.883835237978631616e-01 3.455578257156374011e+00
-3.618198696419118454e-02 -8.584663350264113424e-01 4.257913592970700378e+00
4.055109344003922089e-01 7.562837629691879782e-01 -4.192930072031164634e+00
7.219009116107433233e-01 1.362471617789681844e+00 -3.712887910784674173e+00
5.805773507842058034e-01 6.727479358585063407e-01 -2.482590302469743104e+00
2.361698485668382030e+00 2.110201924243471527e+00 -8.289489514954691884e+00
-1.464836623219702760e+00 -2.188035261454627456e+00 3.660488682255267801e+00
6.179513193103463031e-01 1.947360218896391770e-01 -3.154556929118872421e-01
4.847449924662211806e+00 4.773356283692254287e+00 -1.050868359343170155e+01
2.291132028222718553e+00 2.361056751552449651e+00 -6.594311891512372625e+00
-1.005152588556022586e+01 -1.339854738364493691e+01 4.310811768346835748e+01
3.558879729192244934e+00 1.340035732491348774e+00 -6.775348234828323157e+00
4.830521882681790835e+00 1.461134907530067473e+00 -6.886143588991673781e+00
4.265172954499828251e+00 2.687043373351651887e-01 -4.899101493410165098e+00
4.445536382265455444e+00 7.922689307991769292e-01 -4.906400519446346031e+00
1.101200446437183267e+01 2.009837575558118594e+00 -1.122044864401442865e+01
5.148326513854056152e+00 9.248033681308557297e-01 -5.005281013945523050e+00
8.599170765066570965e+00 1.632191444126348312e+00 -8.684783979055071157e+00
3.399277282979651460e+01 6.330645775514508244e+00 -3.808908737068580308e+01
3.096778578132470372e+01 8.858677236383634579e+00 -4.062463094198920999e+01
9.980417554182492879e+00 1.376610180095942271e+00 -1.226537963061827696e+01
3.904172217580464288e+00 2.920117941361419778e-01 -4.850838023856710812e+00
-2.711722625060682290e+00 -1.272340622589245740e+00 6.942309103786056923e+00
-8.058932614488883317e+00 -4.263856131286159368e+00 2.061642289226965374e+01
-1.182932779497011477e+00 -3.708092384771684569e-01 5.281275913554518198e+00
-5.780251326660955646e-01 -3.436654949024929850e-01 3.754475179431567611e+00
-1.186955074402153282e-01 -4.415451420408847971e-01 3.229902765476373006e+00
6.522364397676379266e-02 -4.360584488382548973e-01 3.082481574077394093e+00
2.011349683774274755e-01 -5.301522273441906519e-01 5.245527732152174494e+00
9.372781951656775634e-01 -9.530623527733196321e-01 9.644446935940525378e+00
3.995612995923142119e+00 5.548051650475553931e-01 2.097542918663738831e+01
-4.521363006030877374e-01 -5.481262628828844630e-01 -3.715816063860529983e+00
-6.227502905393210719e-01 -3.637018653952829972e+00 -2.428549651661582232e+01
4.326268143939815958e-01 -8.689053314657976257e-01 -4.891306908454152058e+00
9.662726089504679594e-01 -3.368542591331026292e-01 -3.650205616230097316e+00
3.729277594800196827e+00 -2.957296289396867950e-01 -1.359849151495991926e+01
-4.113644126506642351e+00 -3.415997456902294949e-01 1.295438913626166944e+01
2.455391030388805973e+01 -3.915835847782515255e+00 -5.429029344963387871e+01
4.765367952594566248e+00 -3.061228589555422541e-01 -8.350653300867715956e+00
5.255108816586105291e+00 -9.537030339961933834e-01 -7.077294875909364791e+00
4.577921903017339922e+00 -8.685066544488798668e-01 -5.417981967094959828e+00
7.716088072177968549e+00 -9.262915388567363184e-01 -7.639000834431254994e+00
6.002918946826096835e+00 -2.717070507037234184e-01 -5.635749008283188033e+00
4.479238140694935311e+00 -7.482938092902556571e-02 -4.430644342800667879e+00
3.496817422230562578e+00 -6.045820394569138001e-01 -3.116962134680402841e+00
2.454269076799265203e+00 -4.374192816866641631e-01 -2.300363714255854841e+00
3.740067394671371837e+00 -1.026213837111115801e+00 -4.439346885627525552e+00
2.472731578303729805e+00 -7.804864094648313877e-01 -3.018315389719210540e+00
2.013245741071183925e+00 -6.982463093337464288e-01 -3.289414260393407119e+00
1.965805519113327016e+00 -7.541733868453370793e-01 -3.868808697203597990e+00
8.983526703580859873e+01 -1.168246066725173371e+01 -2.611330681188593417e+02
2.687316515274475570e+00 -4.288328129219926566e-01 -1.110090245927865027e+01
1.089233304552629455e+00 -7.219036715693987194e-01 -4.896704138153931574e+00
1.247510767998527781e+00 -2.552329679185390443e+00 -3.507723125985947377e+01
-5.910387494998102786e-01 -3.060419564292550465e+00 -2.990257632631546869e+01
-3.752891398080573926e-01 2.916631752102658126e+00 5.750184432612660146e+01
-8.289497575951060293e-01 -9.431060710169153483e-02 5.575779886048382927e+00
-9.580283101060308448e-01 -2.629241307834954133e-01 4.954297712632473427e+00
2.570573161736659173e+00 -8.243490492735103814e-01 -8.223564025102030328e+00
1.511612580151450658e+01 -3.298075147526965178e+00 -4.217451732742982529e+01
2.401086087981474826e+00 -2.088502799967035528e-01 -3.683248951325068798e+00
2.251667772150839575e+00 1.364823055520882761e-02 -2.755896412968155129e+00
1.749933686598230453e+00 -2.488358520358893711e-01 -2.609241013823485389e+00
2.221665293100402394e+00 -5.608366189220966858e-01 -3.874453806893846775e+00
8.958900165157213991e+00 -2.441750923457759015e+00 -2.244425926871317500e+01
-3.736174915467756374e+00 -3.200155940849628428e-02 1.323076196162766927e+01
1.387499857717678475e+00 -2.110476007717922431e-01 -5.144679481639849783e+00
7.210346162951268845e-01 -7.944737164924625672e-01 -4.966293430038691170e+00
4.033548718932499222e-01 -3.479934732683717669e-01 -1.644772963014038636e+00
7.336063562419717909e-01 -1.117264974249554954e-01 -3.147814316795750411e+00
5.388056385436875706e-01 -1.750106023255710297e-01 -1.651978543206886973e+00
4.911294188565704655e-01 -2.301456502944755345e-01 -1.123582677461503199e+00
1.571361255507397692e+00 -4.726109656661486302e-01 -3.254918829938931779e+00
1.178190970038515362e+00 -3.613550500630928197e-01 -1.999501312948972487e+00
8.993892974597517131e-01 -2.761671083652837422e-01 -1.382901223203484520e+00
1.852020014113306967e+00 -3.029272355241218184e-01 -2.151841369074559029e+00
5.452858835505262070e-01 -1.327324562545952324e-01 -5.991759083609684566e-01
3.769132240544136980e+00 -4.678252355260036910e-01 -3.597348399991881163e+00
3.047577477876278973e+00 -3.558378209888382604e-01 -2.830047609170949663e+00
2.431772892896321814e+00 -3.646528230691397088e-01 -2.504024138939084487e+00
3.097178108605931901e-01 -9.182534918697081439e-02 -3.496018602830802124e-01
5.966827069953620777e-01 -1.522102391146548106e-01 -7.184208625583160535e-01
4.439100400863651430e-01 -1.345747412126728770e-01 -5.577461255872945278e-01
2.093599085667575965e-01 -6.086732141322902939e-02 -3.038736933952992381e-01
5.822219048996016832e-01 -1.025164125838276680e-01 -9.681182597154693870e-01
7.956839962595995130e-01 -3.589776372935875037e-01 -1.565602651307969717e+00
4.918123761636552516e-01 -2.126399917710795895e-01 -9.412852438797433274e-01
6.010914334253454339e-01 -2.622311984163359089e-01 -1.591221638589665810e+00
2.823611923612859842e-01 -1.943919715813881288e-01 -8.029153822128268780e-01
1.480823097574308356e-01 -1.279713175183913032e-01 -5.136887876947976439e-01
9.474149929193316499e-02 -6.144386544320946768e-03 -3.852054813677400769e-01
1.500944400263418410e-01 -5.215363031585914209e-03 -5.702410578436383215e-01
1.681243235730236485e-01 -5.334994259588381887e-02 -5.244487634941141785e-01
1.755379315235319204e-01 -2.386089574944595323e-02 -4.566235549136158922e-01
1.923537651848400420e-01 -7.856982630030047432e-02 -4.221144482600382997e-01
1.803070072882666797e-01 -5.648637877577172145e-02 -3.159210064180303368e-01
8.436576651086646894e-02 -3.297420938855707973e-02 -1.227085790855480113e-01
2.146135342604564566e-01 -2.505950288881307608e-02 -2.405274823376394866e-01
1.103529266993699548e-01 -3.548774179180761573e-02 -1.426710383806181759e-01
1.853462539852326341e-01 -3.320564178086156393e-02 -2.262059397143351969e-01
8.263161254998617478e-02 -3.569472773101365487e-02 -1.017642174344717126e-01
6.108375471599475359e-02 -3.931190947995747559e-02 -8.626222577294227756e-02
7.657579886927350088e-02 -2.832050106876017256e-02 -9.430759051249285041e-02
5.192810747443046132e-02 -3.237282628204350005e-02 -7.069332467788376484e-02
2.065136677314780567e-01 -6.710467027708258425e-02 -3.500542595767806020e-01
1.791192845994726279e-01 -6.060994987158599412e-02 -2.883361852075203013e-01
6.769083028504749300e-02 -3.664348346463248279e-02 -1.464443830702853444e-01
1.985453891155806727e-01 -7.115564947731105316e-02 -3.602466090346892469e-01
1.743555172144447551e-01 -2.966904442761940722e-02 -4.981768072048097240e-01
3.297855707032684713e-02 -1.858649120168453725e-02 -8.253094523861134735e-02
7.581793128096858680e-02 -6.883222707542129004e-02 -2.791263353537307701e-01
4.546429719574614572e-03 -1.180297511194435683e-02 -5.912866672582872685e-02
-3.048819226220466760e-03 -1.228526957766765300e-02 -1.041667747624400002e-02
8.769490015053844900e-02 -2.710266153663252672e-02 -1.867220794741595857e-01
6.806145872641956515e-03 -1.256717362783315965e-02 -2.573327683610982311e-02
4.860660957586891706e-02 -3.196587028818515528e-05 -9.389365951951549050e-02
2.485171335896053935e-01 3.180679632244525629e-02 -4.361431615362688086e-01
5.182229090282500228e-03 -8.668490250029877928e-03 -2.052815476911128145e-02
1.076915227670962455e-01 -1.784698887327639330e-02 -1.438910744079432147e-01
2.026496231790286262e-01 7.153770671885109449e-03 -2.694750691412770016e-01
1.409003211347952811e-01 1.015484863149182515e-02 -1.784376877485196744e-01
1.652498233086949486e-01 -1.454554154203671276e-02 -1.750716893578377620e-01
2.581288970824495155e-01 1.208431666368931651e-03 -2.854725777800756759e-01
6.102038758114448208e-02 3.769084068946359709e-03 -7.050137321101046517e-02
6.970750464786773515e-02 -3.611026201580510350e-03 -5.803475567424669357e-02
5.929488289630888143e-02 7.793750835373669007e-03 -8.220255851910523992e-02
4.388642634632292649e-01 6.683019406428157561e-02 -6.351154599648594079e-01
5.544719948416301780e-02 1.348518931285121701e-02 -8.998321273772334761e-02
3.842084900643415266e-03 -3.674573869214594821e-03 -1.287964523003137796e-02
3.819118562973433662e-02 -1.167266411307631667e-02 -8.283300638806767591e-02
7.498848211255154661e-02 1.190077311227686827e-02 -1.802242393361590533e-01
5.562917873984661588e-02 1.214313303958382967e-02 -1.423711742713013872e-01
1.769286416457735119e-04 2.692620819723945576e-03 7.672833173639479094e-03
2.860525170580736215e-03 6.164295402770296473e-03 1.667210649840233580e-02
5.394670608130535359e-03 1.041972156420125717e-03 -4.925544426927777608e-02
-3.158917922397256467e-03 -1.934642241196140406e-03 5.466074943048532080e-03
9.552013868794399787e-02 4.498959002056798079e-02 -2.752437180164563624e-01
8.273729384850037061e-02 5.276012764328047444e-02 -2.375140346714952888e-01
1.202262342006350099e-01 2.123669786560500317e-02 -2.851156283835626915e-01
7.927485462214324541e-02 9.133879231499429999e-03 -1.757482618968462251e-01
5.054385325199576423e-02 3.236391487294135085e-03 -8.489654984667792392e-02
1.186038366558091334e-01 6.262280881855093566e-03 -1.871300460257689091e-01
6.335044966901681729e-02 5.859149774055208947e-03 -8.346957022492178246e-02
6.392292604918650700e-02 1.237835676577461394e-02 -8.713198338371298812e-02
5.653166530748984092e-02 8.563307798775687124e-03 -7.401824225689843106e-02
5.023740767949493036e-02 3.561608391461782222e-03 -5.793032579168869156e-02
6.464657944803187117e-02 1.039670290054575154e-02 -7.384478918788447976e-02
8.262026667394554991e-02 1.298504254333458958e-02 -9.979792524311936752e-02
2.815459475100652864e-01 4.185049699352193925e-02 -3.698038695874637516e-01
4.310215908697172249e-02 1.149698501983253572e-03 -6.087540347558256792e-02
2.187435584191194382e-01 5.252554599150745934e-02 -3.658013024834353422e-01
1.337993402992724012e-01 4.143431667534874796e-02 -2.502468686803958065e-01
1.420620202905956142e-01 2.806748218114984636e-02 -2.915552818061038498e-01
5.318897439055780829e-02 3.189918783275311892e-02 -1.436224911225528200e-01
7.751193303735823270e-02 2.902987706243315494e-02 -2.349158057080897866e-01
7.645019424560867138e-02 3.159104351684571127e-02 -2.715163995617499437e-01
3.154616190524668629e-02 5.857322804776664456e-03 -2.695130525538663724e-01
1.827672423846533889e-02 4.471196299162791309e-04 -1.038089168682022195e-01
1.800626442771733823e-02 -1.301583986480945795e-03 -9.505823923930786790e-02
3.431337325306588887e-02 -1.266196335935441605e-02 -9.457845639025079520e-02
3.241313923642284017e-02 -2.278824406490584722e-03 -8.823552964479590421e-02
6.412503071418287903e-02 5.831924676700681216e-03 -1.149377568601929606e-01
4.605665090117454924e-02 5.461924073463788817e-03 -6.860027360802792296e-02
1.723224181198839133e-01 3.506688703939239010e-02 -1.992620176096810691e-01
1.651187613252851905e-01 1.549985916134295760e-02 -1.907502331693911868e-01
3.059495442426028999e-01 -3.764602902713786586e-02 -4.276529924762881296e-01
5.188325160760185462e-01 8.477205404256125953e-02 -5.897199814647248184e-01
2.820756640109925995e-01 1.428841595364083693e-02 -3.357308050395047538e-01
1.637736800998426667e-01 -1.809130270616989000e-02 -2.371957607849236038e-01
2.464595926329079811e-01 -6.480060061741092434e-03 -3.887987411323386988e-01
2.482369849520577043e-01 5.137892911635907889e-02 -4.945460032171143383e-01
2.823846675981123155e-01 4.146492699061404136e-02 -7.129279824057498383e-01
3.411716580982462332e-01 4.280279702627895477e-02 -8.588464233295185490e-01
2.262530652951297572e-01 6.009902556979802163e-02 -7.131539629460259544e-01
1.370691623805451731e-01 1.946434909644573219e-02 -5.246520378242164329e-01
1.065930446910145490e-01 3.828423819350715990e-02 -5.334845069946482221e-01
1.082383840306167105e-01 4.065301478158335480e-02 -5.583342959185935150e-01
2.937342044831537866e-02 2.437082782324491714e-01 -1.105064470169478730e+00
1.068517977059865870e-01 2.266626052555740511e-01 -6.881408956602755866e-01
1.361056339550641425e-01 2.169323833134463586e-01 -6.090940109412741332e-01
1.578203352560832717e-01 7.721534962606570185e-02 -4.554184112148085273e-01
1.634735791357760926e-01 4.935808102684100668e-02 -4.293383574492834476e-01
1.134669346093454545e-01 9.001669516349666486e-03 -2.171572885965698529e-01
8.531541036660686417e-02 -8.699991914589602637e-03 -1.561362089805435061e-01
2.227578782520955036e-01 3.386213110532699383e-02 -3.459244339730330187e-01
2.035121072234599149e-01 7.576067659986718272e-02 -2.818917391243286885e-01
1.892151179978296127e-01 2.881384261943629663e-02 -1.057801673338493731e-01
2.359249270759460615e-01 6.514913529178761875e-02 -3.061395995280840610e-01
3.471802099820710530e-01 1.005059677186639078e-01 -3.740030375905052384e-01
4.486904164086784608e-01 1.318557656090295349e-01 -4.577599471645443230e-01
6.941588114407894194e-02 -2.487248394564879270e-02 -7.187811884854432287e-02
2.251259860448677763e-01 5.688927401871538697e-02 -2.540189775042688280e-01
8.385068446521785901e-02 -7.574323074038658878e-03 -9.139038223795811766e-02
3.875653385739945556e-01 2.698043915644969259e-01 -5.485029866563256862e-01
3.264103271401056494e-01 2.099251799387214235e-01 -5.055910658178712769e-01
1.527864532386337126e-01 3.479810859800519518e-02 -2.711925017801528615e-01
9.239228426744131029e-02 -3.088767534731265852e-04 -2.218415401369140394e-01
2.368938890802460284e-01 1.547807603933964160e-01 -6.607932987419654625e-01
5.303460606901531926e-02 1.042391837923566655e-01 -4.126374940129347579e-01
1.153643289393664062e-01 1.481940635589268640e-01 -5.093867514043084466e-01
1.177677222580449379e-01 3.369418812165427685e-02 -4.283537202580903203e-01
1.101155775860598318e-01 3.095890466626064277e-02 -4.069769279225892711e-01
7.922638937770755396e-02 1.931204925942380662e-02 -2.311410480808734069e-01
5.395656842314015822e-02 -1.207910156192576120e-02 -1.411920701859836758e-01
1.905382884531933718e-01 2.260516492329484040e-02 -3.581889182849777864e-01
6.300507039528012443e-02 4.160904878763292160e-04 -1.086374568494474641e-01
4.060500880607911811e-02 -7.581431393160678947e-03 -6.132557116689154458e-02
3.379340818709415939e-01 8.802240594535329365e-02 -4.102135764538518692e-01
1.662974858168030645e-01 3.270545055497042775e-02 -1.973088989100908464e-01
4.773226915692460604e-02 -2.706532564641549437e-03 -5.542852817305032181e-02
1.991833689979844169e-01 2.275201647134451194e-02 -2.261614453344960030e-01
3.623860572854827322e-01 9.280387614224841486e-02 -5.667542192578449711e-01
2.398803259905033791e-01 7.456733181260376264e-02 -3.996239371819501063e-01
1.034953879448677755e-01 4.370326278983586998e-02 -1.930888293696828573e-01
1.242125700731464139e-01 7.077921327657170358e-02 -3.167462810161662534e-01
9.754030971953285556e-02 3.536012300698875011e-02 -3.221853509308106323e-01
1.397327907762939414e-01 7.200985385490067670e-02 -3.900659820768664354e-01
8.015148024949036998e-02 3.118248805633364040e-02 -3.353889479550096753e-01
3.233735246755551490e-02 1.018629048997856702e-02 -1.468371827287808240e-01
1.278821535905882156e-01 1.333274406988587020e-02 -3.726943381244905984e-01
1.366200153540090834e-01 -9.774912659012596414e-03 -3.372418733506408195e-01
7.105950612568773250e-02 3.215288947559228477e-02 -1.832579592447103889e-01
1.044201807585723035e-01 6.039265116237116544e-03 -2.422954348903359756e-01
1.063535017352505302e-01 2.132350718281106772e-03 -1.656226567637706371e-01
3.662576575121175293e-01 1.399500932827095756e-01 -5.453344805825355301e-01
3.648515950688256404e-01 8.643950451126027057e-02 -5.291525277925787085e-01
2.927432432899912951e-01 3.182074058232300245e-02 -3.313173381023263864e-01
2.303331298279473471e-01 2.689094752093842966e-02 -2.485634714320838212e-01
2.536501399292920289e-01 2.882500155380908480e-02 -2.835880979993835038e-01
1.426539224705920261e-01 -2.566669697843343423e-02 -1.477566046129640265e-01
1.429815020154960870e-01 -1.682227347480009724e-02 -1.403632689657412502e-01
3.750871033799021981e-01 1.449751120390309865e-02 -5.158030979332354216e-01
2.058942042234485625e-01 -3.147277687597795082e-02 -3.011465678318254735e-01
2.065757073531214738e-01 -3.370480978074684442e-02 -3.549621140946827569e-01
1.700601236097057656e-01 -2.471138470336606621e-02 -2.996397217563805393e-01
9.092082154319047760e-02 -1.241981934179549763e-03 -1.963759214356183280e-01
1.340583294050265994e-01 -1.097814621570441726e-02 -3.266560354935149069e-01
1.581773744960551786e-01 -2.278601944175902283e-03 -4.463581068662176854e-01
1.137407998437796469e-01 4.138636350900391780e-02 -5.001332291687280440e-01
2.410306009016396911e-02 -4.750898097866721706e-04 -1.308337517548866791e-01
4.153225665754288476e-02 1.968744422472442357e-01 -1.414690306001179732e+00
-1.586498285591345266e-03 -3.979725033702980440e-03 -1.773606190494974311e-01
-5.160445749056532562e-03 -9.237861934208032103e-03 -6.489348107379279140e-01
9.647315044020358596e-03 -6.815757884523607549e-03 -1.697502271337837099e-01
4.704230578657980083e-02 -7.147809010479986430e-03 -4.021583558977329664e-01
1.089428311946569472e-01 -4.509548780930312112e-02 -4.796827296527094164e-01
8.781211677425521112e-02 5.999355657132885052e-04 -3.117043808575663544e-01
7.190865033749947732e-02 3.272556397514904273e-04 -2.518165662099892121e-01
1.346390860993793848e-01 8.308681222263629429e-03 -3.235014176515015882e-01
8.029766632056065112e-02 1.542078979823923064e-03 -1.685237470726586029e-01
1.947638204188281152e-01 -1.882211247384860467e-02 -3.269573208079210036e-01
1.865197600178236936e-01 -2.584876865997051340e-02 -2.569122951028810498e-01
2.463728978839562211e-01 -4.429638906749327337e-02 -2.625402845393293716e-01
4.607777825337418254e-02 -2.372578925059268956e-02 -5.279150535911276976e-02
4.662368808504572248e-01 3.297617686556376937e-02 -5.030866346914395493e-01
3.932740584485349689e-01 6.657037322963621495e-02 -4.372634238089161962e-01
2.858230002333671527e-01 5.757799855573137587e-02 -3.337025833451432444e-01
2.356042377708726376e-01 3.886219286289839536e-02 -2.857437559401968530e-01
1.225028106155599428e+00 2.625553562190757750e-01 -1.391162927398802651e+00
3.220506737753289772e-01 8.322950244317905283e-03 -3.348138213911898697e-01
1.300143555617135349e-01 1.486347214617536605e-02 -1.256465118234757206e-01
2.572294395523279653e-01 8.513444549595118593e-02 -3.318352256173976444e-01
2.080407521046272468e-01 9.324422679755926813e-02 -3.420456179120965334e-01
1.419671112181315198e-01 6.793509216143850393e-02 -2.925473284004833641e-01
6.109086477632821172e-02 2.207235578056354272e-02 -1.896338169299790766e-01
1.218748225928567436e-01 4.560320963352607754e-02 -4.416391055928639564e-01
1.111406982445349162e-01 1.810238638887718132e-01 -7.091709641624214244e-01
1.091772199362330276e-01 1.169916623836925046e-01 -7.450760957045662325e-01
3.466020506894654241e-02 1.347829453642597208e-01 -5.787814791501365574e-01
-5.564267812044973449e-02 2.792945773767002357e-02 -2.475143259251760819e-01
2.010477010051469060e-01 -4.807818167572512902e-01 1.448495456914610013e+00
-1.574273795593091746e-02 1.882929237357299293e-02 -2.015085681304417953e-01
1.323321189069179629e-02 3.645873394264712714e-02 -9.942135646725085152e-02
3.291393479893246765e-02 9.107784801481498549e-02 -1.978736421462507222e-01
5.416820908565468662e-02 1.072920563731017407e-01 -2.893844767279403207e-01
6.749890194925595166e-02 5.405241972457319743e-02 -2.060200064824282140e-01
5.278632811913909484e-02 4.073167926112649523e-02 -1.475977897882815582e-01
3.749601969900233367e-02 6.487662836791469392e-03 -4.619331118011747034e-02
8.463293537405709721e-02 5.127583297755703567e-02 -1.596090563627749759e-01
6.636100967245948945e-02 6.401433672271485131e-02 -1.508580868630856331e-01
-3.860208081078700133e-03 -1.804200585798271250e-02 8.069230440279647962e-03
9.647320693115143952e-02 6.663188057665445085e-02 -1.815517146739521193e-01
1.839920215771509160e-01 1.169494770390939187e-01 -2.650410453572658587e-01
2.530988769256897197e-01 1.546686879231721490e-01 -3.368383439096642173e-01
1.834184505083118200e-01 9.725104538193354853e-02 -2.365661759229146510e-01
5.502781905936465767e-01 2.399670298209647668e-01 -5.869895232502703175e-01
3.963549171389325054e-01 1.842101143534382590e-01 -4.141318178700849062e-01
5.440664526969319903e-01 4.261110799088686507e-01 -5.943247772868948120e-01
3.104977535054206372e-01 2.035283082989462478e-01 -3.211281153496109986e-01
1.812559090565542264e-01 1.159395337569618517e-01 -1.795215596014840542e-01
4.042963851434762668e-01 2.799193110555011077e-01 -4.363518187758012590e-01
3.565882531208536821e-01 2.658622237621666162e-01 -4.304602223261860261e-01
1.655959541200408558e-01 1.766226167048287332e-01 -2.516315614376696264e-01
1.434852871130619656e-01 2.180027708076957560e-01 -2.715599502068679061e-01
2.066282425650884658e-01 2.729999113405424116e-01 -3.216559587654835295e-01
1.139801293826263884e-01 1.620065336672820155e-01 -2.765286731603615600e-01
1.264918216798249506e-01 2.996550951455397849e-01 -4.921178124035434642e-01
1.858123072807436604e-01 1.004766353989851702e+00 -1.496973488497091553e+00
7.685498964721124149e-02 3.866186872046756040e+00 -5.461552987384060920e+00
-1.237026306538298315e-01 1.237757200931043355e+00 -1.791311330690143588e+00
-2.564751417321649123e-03 -9.199827775577056055e-02 2.103585868149446259e-01
2.213578048824722116e-02 -2.615248402432834407e+00 4.576099361866232229e+00
8.724093513811658623e-03 2.877334788349992026e-02 -7.969082125122148308e-02
4.156913963429598180e-02 1.754098518821767538e-01 -2.445522802969021525e-01
3.511821615690705750e-02 8.683189141976578596e-02 -1.680109374961110402e-01
4.454895272196039424e-01 8.225369631937128334e-01 -1.362142267279547792e+00
9.716646300405919201e-02 7.241305212344362197e-02 -1.884839969780204016e-01
1.250447011358700178e-01 8.399435113002835795e-02 -2.051048680160834914e-01
3.965092814286713119e-01 2.868912505557607573e-01 -6.407814200494632573e-01
2.613226241209119505e-01 1.474625353985742904e-01 -3.468746711768439517e-01
1.198475279719714987e-01 5.143430961626430098e-02 -1.543109341311778016e-01
3.327711098758242003e-01 1.711527276827871646e-01 -3.941862011715289715e-01
3.027822604084305369e-01 1.469218320879197293e-01 -3.684056610010040256e-01
6.234169615046189494e-02 8.199435470340408691e-03 -6.662891117817021369e-02
4.195782492101611805e-01 3.613887007679734698e-01 -6.072409752968773722e-01
3.552703107573042529e-01 3.358136378578633341e-01 -5.996991180613069350e-01
2.495681403724304415e-01 2.538494414719221770e-01 -4.788759295073758970e-01
1.343957445681205343e-01 1.188354295743384720e-01 -2.877402868856298035e-01
6.905989330520076463e-02 6.737214788241462082e-02 -2.224593501369584170e-01
1.958658128486905070e-01 4.042582955784860266e-01 -9.552995394372091331e-01
7.117976393141043842e-03 1.711388844407081208e-02 -4.491389904567890529e-02
-2.774415564565797018e-03 -2.383854152508517801e-02 3.781686751047284162e-02
-9.278033583865637896e-03 -1.134208546721792929e-02 -8.935828667770820410e-02
5.271871435748014950e-03 2.212109304269439802e-02 -2.444877185347369697e-01
1.918375797939042907e-02 9.523526716140765652e-03 -2.517115928867865726e-01
2.206893266309578952e-02 -2.013434106655754424e-02 -1.077134473760042871e-01
1.023592306823325193e-01 4.600109705727940118e-02 -2.713424330306195564e-01
1.114319458047331457e-01 3.506500071247929673e-02 -2.142196031078247298e-01
1.544128009286180048e-01 6.123360140026729709e-02 -2.923234387954620761e-01
4.235520762436855158e-01 2.177634897133823022e-01 -7.278536899035442653e-01
3.270146434095410615e-01 9.875239448468080272e-02 -2.923165768061681269e-01
2.527402170876755227e-01 8.228202877928610104e-02 -3.188046814714557975e-01
4.505707002553547280e-01 1.424835672897984407e-01 -5.585877377255850096e-01
2.352056164395510129e-01 2.347403833244126811e-02 -2.657525992352590127e-01
5.103627690617335011e-01 7.033367085262748342e-02 -5.092531754804099364e-01
5.911145671274868896e-01 1.230401704798858575e-01 -6.571387597404388936e-01
3.007396918809424058e-01 2.323554053213487333e-02 -3.821179655159794852e-01
3.450174773943021078e-01 3.279724828398466324e-02 -5.032337131516820827e-01
1.873474050899861035e-02 -5.490442288703158147e-02 -2.009630170931619997e-02
2.480725520364707448e-01 9.230184413310273117e-02 -6.198640372427161038e-01
4.192544593632506200e-01 3.269154767343322443e-01 -1.313506059824741445e+00
3.540702313919207311e-01 2.905366611556281509e-01 -1.157804839329435564e+00
5.308491319582906431e-01 5.975050574685616400e-01 -3.175528005649817853e+00
1.231834426198596399e-01 3.867071041342568655e-02 -7.085293554433389485e-01
3.757522613020869862e-04 -3.430975689250416460e-02 -1.133003717893624474e-01
-1.544562051491234038e-02 2.791440894985657006e-02 -5.275945696117465555e-01
2.200132323644506810e-02 -3.751160151291861589e-02 -5.330585235822894452e-01
-1.201689086141060903e-01 3.844048591748007726e-01 -4.367122835349561250e+00
-3.662790374869739386e-03 1.326018540888647401e-01 -1.285074655564476087e+00
2.269575365627148622e-01 1.175052857587029903e-01 -2.118106787657812795e+00
4.825329283252798029e-02 2.392157604386820902e-01 -2.175817387805310865e+00
7.657732285199049527e-02 -1.029310710382705274e+00 3.898686738833231580e+00
1.013275518894704227e-02 -7.602567079975424136e-01 2.928113161508196338e+00
2.065840921559803645e-01 7.540648449320094260e-01 -7.184409104201280094e+00
1.314624125357157225e-01 7.644972105024866287e-03 -8.643521445307821294e-01
2.182927271186526630e-01 -3.935904997484190870e-02 -9.244694820374015354e-01
3.011221505057429249e-01 -3.409756802559928135e-03 -7.348726449451423726e-01
4.426710315361547243e-01 -5.460726751226168546e-02 -1.074427675365042356e+00
5.180016419086848067e-01 -7.011560537503815083e-02 -1.094697094984309116e+00
4.473283481812475593e-01 -8.939887655288157597e-02 -7.501045968211764725e-01
1.065017760316802620e-01 -7.271621439744949122e-02 -1.768131531903643083e-01
