nan nan
3.215108444011210054e+02 1.835330815157792017e+02
2.758002198909707090e+02 1.065249896926107454e+02
nan nan
nan nan
2.217887180149909625e+02 1.968910571207030102e+02
1.302769309813324128e+02 2.129986299023805429e+02
1.551438576349024174e+02 2.069150401836969024e+02
1.212816451346893842e+02 2.229679310976727038e+02
1.075689666662223942e+02 2.282664436417918523e+02
8.101655845789923660e+01 1.996799536967134827e+02
1.063557793764988020e+02 1.996309832134292606e+02
1.337513686378665625e+02 1.879659060111659130e+02
1.542951262291812498e+02 2.101392432896802518e+02
1.917126839523475894e+02 1.860007007708479421e+02
2.267819544291458556e+02 1.925135859632021322e+02
2.564462901439645748e+02 1.892305446491492944e+02
2.340087958687790604e+02 1.781934730010678720e+02
2.022708006279434869e+02 1.896161695447409841e+02
1.592981758975632545e+02 1.993296630515771142e+02
1.390028890078869210e+02 2.041973714655930507e+02
9.357979442090704936e+01 1.962208221569463547e+02
9.451754647918568253e+01 2.201714802522119783e+02
6.368219415790996152e+01 1.765282849705967294e+02
1.055191863672585413e+02 2.192951206554831458e+02
8.678542469085749644e+01 2.517048449219541908e+02
9.689176964703982264e+01 2.812940392536951890e+02
nan nan
1.423036186544539703e+02 3.505955621492614114e+02
1.399291320454593119e+02 3.826707060982161011e+02
1.438594392689597043e+02 3.726763901549680895e+02
1.890926206414854391e+02 3.957920234180642183e+02
2.361438881802721141e+02 3.810070897108843724e+02
2.611390835367294017e+02 3.874627785213762650e+02
2.897576170907795472e+02 3.752602364838448921e+02
3.225145687818893521e+02 3.422113934710457102e+02
3.456531977697605953e+02 3.297299114463758656e+02
3.848941097693320330e+02 3.542625320372209217e+02
4.054286888164562015e+02 3.397918321509764610e+02
4.394571122503634797e+02 3.112603871757594334e+02
4.312494806924101454e+02 2.748169906790945447e+02
4.145892551795442955e+02 2.718899537386832321e+02
3.917273763990594944e+02 2.849638727120131989e+02
3.595230372145308024e+02 2.917359373151106183e+02
3.174586955212494672e+02 2.675973641418906936e+02
2.883539121240601730e+02 3.125718984962405784e+02
2.432602873359347200e+02 3.030427456544874190e+02
2.132782787688688586e+02 3.061734953930601932e+02
1.757050256826855446e+02 2.696297969925448115e+02
1.526156705702160252e+02 2.996670881329972076e+02
1.123304483524751021e+02 2.998739522964251591e+02
1.533993615654867710e+02 2.920815609534963073e+02
2.001967142959035755e+02 2.905735241672808797e+02
2.387357137885431939e+02 2.571837080346163589e+02
2.691211785190615728e+02 2.763973836143695166e+02
nan nan
3.257330053218194621e+02 2.456662566522743134e+02
3.599402282005652864e+02 2.754902822847971038e+02
3.792537582564042395e+02 2.879306560043903573e+02
nan nan
3.667804794373686832e+02 3.104124104807238496e+02
3.383281560805471599e+02 3.359845227390392211e+02
3.064006092565454651e+02 3.379920188931070015e+02
2.743500978999500717e+02 3.392632932775367749e+02
2.374133767055363649e+02 3.572034931436583065e+02
2.004454548449803895e+02 3.587490692234193261e+02
1.630363534675615256e+02 3.816401317424807189e+02
1.715721909567242278e+02 3.705746167281195653e+02
2.024513352460825502e+02 3.597223570955638934e+02
2.227361134094544752e+02 3.620500854983727663e+02
2.598547378547378344e+02 3.892551707551707523e+02
nan nan
2.989298315691365246e+02 3.465528260435390280e+02
3.465349738394664882e+02 3.484137282932882727e+02
3.688627549374529622e+02 3.474076669414674257e+02
nan nan
nan nan
2.561079001367988894e+02 9.405078659370724381e+01
nan nan
2.612733485193621732e+02 3.182281158477058511e+02
2.437124120478953273e+02 2.750719201333168940e+02
2.080021774632553218e+02 2.920000000000000000e+02
1.610963466736419889e+02 2.660145609904961361e+02
nan nan
1.363027378918694410e+02 2.949645412992289835e+02
1.164251122514432382e+02 3.307589801154586553e+02
1.329570775823291342e+02 3.632395179810127956e+02
1.103495109983644369e+02 3.960860175573283755e+02
1.646862841282104739e+02 3.826449276250975799e+02
2.035419326436275469e+02 3.644405458947831562e+02
2.372068702490859948e+02 3.590576553828349233e+02
2.694778384380493890e+02 3.480561056105610760e+02
2.998066728452270695e+02 3.421590361445782946e+02
3.327691611939124527e+02 3.419294506272366334e+02
3.648847360912981230e+02 3.442339514978601756e+02
nan nan
4.345186476124085289e+02 3.328907284768212094e+02
4.700268325879836766e+02 3.106930455635491626e+02
4.850197483440447286e+02 2.904419492255792647e+02
4.401146135673304229e+02 2.734577455281809080e+02
3.880266285880501869e+02 3.101776407123874719e+02
3.314768749173317133e+02 2.994999338653498739e+02
2.954794654180079760e+02 3.085296068676226469e+02
2.738300930590954749e+02 3.383491197913579640e+02
2.384767555688742391e+02 3.504190989911097631e+02
1.936698059822150242e+02 3.587737772837510306e+02
1.525992261543369182e+02 3.655613365302489228e+02
9.681029531017705381e+01 3.624826327882146302e+02
1.383816048606746278e+02 3.332164047768698651e+02
1.875936374302104070e+02 3.276398061515060363e+02
2.269091801259765759e+02 3.644279483265128192e+02
2.538046318700311019e+02 3.645746629796059324e+02
2.824259329779131917e+02 3.453068354912414293e+02
3.021409919420864298e+02 3.180241737406817037e+02
2.761681182904598018e+02 3.090938626696374172e+02
nan nan
3.336236215902495701e+02 2.732894176823369889e+02
3.652724875773247959e+02 2.813293783591927877e+02
nan nan
3.300150111344094057e+02 3.165555176281270064e+02
2.852500421108356932e+02 3.430467791226508325e+02
nan nan
3.590792951036106047e+02 3.289470294472188812e+02
3.691121914734480356e+02 3.233777112939416725e+02
nan nan
nan nan
3.820048019207683296e+02 2.325060024009603978e+02
3.611633342992369080e+02 2.232776006954505874e+02
3.414904503654798305e+02 2.150265374804398562e+02
3.068101981026785552e+02 2.195281808035714164e+02
nan nan
2.150004207868714445e+02 1.883429413002314448e+02
nan nan
1.722323743823083362e+02 2.390594777957173278e+02
1.321899097441289825e+02 2.422655757097791707e+02
7.431787156544460515e+01 2.249497505740755514e+02
1.115033366564261144e+02 2.609549042745824181e+02
1.124046871499031397e+02 2.815702547783346290e+02
nan nan
1.845090737226435351e+02 2.911098082792758532e+02
2.229993325268032152e+02 2.803389095156647386e+02
2.446606633784334122e+02 2.408921218154667656e+02
2.822877291960507478e+02 3.247136812411847586e+02
3.187505559315479218e+02 2.569644203809339729e+02
3.509367352127896424e+02 2.266935289069701014e+02
3.785325662597602445e+02 2.527857005388760570e+02
nan nan
nan nan
3.401078810759792077e+02 2.817184521000472159e+02
nan nan
nan nan
nan nan
2.936184110818101658e+02 3.000019399230093313e+02
nan nan
nan nan
2.045029175784099209e+02 2.709969000729394679e+02
1.752429774730656220e+02 3.107610773751224542e+02
1.582734896723093527e+02 2.740886783662059543e+02
1.042930106268433121e+02 2.969603951125883441e+02
9.830963016397080878e+01 2.459793209962174672e+02
7.633353060999779416e+01 2.105017066725390862e+02
8.215015271838728950e+01 2.539711667684789234e+02
nan nan
1.390000000000000000e+02 3.355012406947890895e+02
1.344017644253695778e+02 3.283023366714353983e+02
1.954186970796613139e+02 2.596859339899775136e+02
nan nan
2.460352182539682531e+02 2.580757826278659763e+02
2.855024752475247283e+02 2.540000000000000000e+02
2.858711992445703345e+02 2.712195467422096158e+02
2.920720206400614529e+02 2.947547894823516685e+02
2.627226076055160888e+02 2.734559130798161277e+02
2.304422076453291197e+02 2.724263175752092252e+02
1.996146628299762256e+02 3.074492055548604981e+02
1.471897707216002686e+02 3.230358966925588788e+02
nan nan
nan nan
1.197397105970019879e+02 3.607894463218091801e+02
1.781645182176702633e+02 3.496146918594384374e+02
1.944956349206349273e+02 3.601275793650793844e+02
nan nan
2.614532947605271715e+02 3.438495660559305520e+02
2.707358965860125863e+02 3.332111368909512521e+02
2.839165570896340114e+02 3.171994849879465050e+02
nan nan
3.544728950403691101e+02 3.339501415539477875e+02
nan nan
nan nan
3.763852004640969540e+02 2.558549697047827749e+02
nan nan
nan nan
nan nan
nan nan
2.500602082090047134e+02 3.035192626483654976e+02
2.298934135009565409e+02 3.238272752118065227e+02
1.972251591230551639e+02 3.137427510608203534e+02
1.662437470725995183e+02 3.184397658079625444e+02
1.282391428245753957e+02 3.352924883164254197e+02
1.527377731836975840e+02 3.015888954518605942e+02
1.675047547767896390e+02 2.909399929558862254e+02
1.240696400225305922e+02 2.121561011828562755e+02
nan nan
1.048375641417745641e+02 2.507672205797396998e+02
1.355514599211295206e+02 2.172046954496230171e+02
1.489848169356237975e+02 2.542153392330383497e+02
2.012673176685993326e+02 2.400323466585291499e+02
2.233046867706096634e+02 2.195706283260199712e+02
2.209409117200491721e+02 2.056378606029932712e+02
2.373975878986099701e+02 2.016223426001635346e+02
2.768254525171830664e+02 1.748439670373169292e+02
nan nan
nan nan
3.903099192618223583e+02 2.175696655132641411e+02
3.949701545567596099e+02 1.727065198081364485e+02
3.747494121692580507e+02 1.799503991672785048e+02
3.392067420109119098e+02 1.695542478565861302e+02
2.569529371052859119e+02 9.396729820918764631e+01
2.861141773513345470e+02 1.313798081005349445e+02
2.586616559582979562e+02 1.658370711601406242e+02
2.618154610908005679e+02 1.606606356785794105e+02
2.941314409429877514e+02 1.641038489295164879e+02
3.127354358821779101e+02 1.979758405236536873e+02
3.343809050772626961e+02 1.969603200883002216e+02
3.741358782767379125e+02 1.843306206998594234e+02
3.835205364626990558e+02 1.706836983855096719e+02
3.525187487640893664e+02 1.681160767253312258e+02
3.415746389014064448e+02 1.751920404145814985e+02
2.955990538257301523e+02 1.584908327299058612e+02
2.865341403583617534e+02 1.815537436006825942e+02
2.646340008900756402e+02 1.542294615042278565e+02
2.411935919790758476e+02 1.790069747166521381e+02
2.022658551645056093e+02 1.929377260298138879e+02
1.816371575427915559e+02 1.958323020110783830e+02
1.454909232720789873e+02 1.977050620543060973e+02
1.178145600263137851e+02 2.039620816770223826e+02
9.790973238811125157e+01 2.238510617300195804e+02
3.397594436873187362e+01 1.835619806408778061e+02
1.071131453076035029e+02 2.065915800758700414e+02
9.366414811789530859e+01 1.553372132598189239e+02
1.568932137848977959e+02 1.959300981600305818e+02
1.875375774973585976e+02 1.634607977991746850e+02
2.098006536187444055e+02 1.637142490353438404e+02
2.396429402315404502e+02 1.176683099761812485e+02
2.777901394993311897e+02 9.404085610548442276e+01
2.737684300531618078e+02 1.759605933306070824e+02
2.941304146397961290e+02 9.789940931202224306e+01
3.236100876817181984e+02 1.813766315368577295e+02
3.222130943102104652e+02 1.099420109119251805e+02
3.950752706078268375e+02 1.726188176519567037e+02
4.030000000000000000e+02 1.580000000000000000e+02
3.483952991452991341e+02 1.598850312625480399e+02
3.192231070690368142e+02 1.746947498966515013e+02
2.848015415201700193e+02 1.492374469918810576e+02
2.658977044887270154e+02 1.871154302549204260e+02
2.465867268319371135e+02 1.715597779439740123e+02
2.012290691844919763e+02 1.585408171791443976e+02
1.660844352010687146e+02 1.581898349855024151e+02
1.484990846648408649e+02 2.070677055110499225e+02
8.763159484072284044e+01 1.775468772281048189e+02
6.733375790383477977e+01 1.718953395805849880e+02
9.282120287105024659e+01 2.079564887385529346e+02
9.600260386304456972e+01 1.653017760677781780e+02
1.542775051274538498e+02 1.634727268287918776e+02
1.738868376481974281e+02 1.600871400919428993e+02
2.001039629112155467e+02 1.806145687793725472e+02
2.539392114431114180e+02 1.783281571406489547e+02
2.809897295988677683e+02 1.573766527617415818e+02
3.091951509200899295e+02 2.011524799670604580e+02
3.363905988342658588e+02 1.894190282086897810e+02
3.421667016831244155e+02 1.430154305857086285e+02
3.880166686850163273e+02 1.807838606992716564e+02
4.032419745337159043e+02 1.424632352941176521e+02
4.028135807343071519e+02 1.559012238452427823e+02
3.709848160299341089e+02 1.328979149155391610e+02
3.275070179059807174e+02 1.080761262191031591e+02
3.391797371398729410e+02 1.509811123683523419e+02
2.924071064976544676e+02 1.190302425391755605e+02
2.698919498253413849e+02 1.610072245157192867e+02
2.629524104737536163e+02 1.463258281952726065e+02
2.094483775811209512e+02 1.425219069928856470e+02
1.716950608034119057e+02 1.475199988473286794e+02
1.683685265793328369e+02 1.442054457245556307e+02
1.298318870623709813e+02 1.809040664056811352e+02
6.674946059577516166e+01 1.551031221484065270e+02
1.280000000000000000e+02 2.500000000000000000e+02
7.064637124311050798e+01 1.739870901653479791e+02
1.201143296949342272e+02 1.621695913797929052e+02
1.289471848530144484e+02 1.742819080586368727e+02
1.512912858965346743e+02 1.763435132390845865e+02
1.938298094325561465e+02 1.684192270839987202e+02
2.334994506397667635e+02 1.633184040003806672e+02
2.616607290803645469e+02 1.282897093995716773e+02
2.780579093054803934e+02 1.289009072588549998e+02
3.218903250688705384e+02 1.136746776859504138e+02
3.180611695290791090e+02 1.160497484423008672e+02
3.735006180469715673e+02 1.360012360939431346e+02
3.857047222864185869e+02 1.524492720129420036e+02
4.165012406947890895e+02 1.750000000000000000e+02
4.308028380807522240e+02 1.841643563329646156e+02
4.040040301944728753e+02 1.877922850562947872e+02
3.091293969500282515e+02 2.249283756631882909e+02
2.780379785651860516e+02 2.556186862104741238e+02
2.459885639214334958e+02 2.249613628532046903e+02
2.081286606480809098e+02 2.058485747265263797e+02
1.566555029737828022e+02 2.412093765298576216e+02
1.059549836388724628e+02 2.366284738813325532e+02
7.809209827677752003e+01 2.702323534617303267e+02
9.347175286221870749e+01 2.464499605211211986e+02
1.472152147190610378e+02 2.320400293429557053e+02
1.677733784321528105e+02 1.929097116049175895e+02
1.985598093348287421e+02 1.882784164437925938e+02
2.533251268093529518e+02 2.341778512221416975e+02
2.837795132787790635e+02 2.446108050102916707e+02
3.142564812827965852e+02 1.858357879952402243e+02
3.418460328831268953e+02 2.036389146121992439e+02
3.913492769964195759e+02 1.817288192589955145e+02
4.215955490544352529e+02 2.015922578622923425e+02
4.583137973811164443e+02 2.155504893177119357e+02
3.923883542245765170e+02 2.402327581685634925e+02
4.173701746819064056e+02 2.504579792969592518e+02
3.757480314960629926e+02 2.322742892432563622e+02
3.471364300090768893e+02 2.717577410316113742e+02
2.844985894242990980e+02 2.406409697320422936e+02
2.657615362410479634e+02 2.678522453916892232e+02
2.257305700410372253e+02 2.539596079063849743e+02
1.904470352334574557e+02 2.624335032941850727e+02
1.723640135565369178e+02 2.987436171305330390e+02
1.004031484875043105e+02 2.626160930071973212e+02
6.118613642834295518e+01 2.738725979873532879e+02
9.638948713268844415e+01 3.221141110213021079e+02
9.977399792315679861e+01 3.363428452751817304e+02
1.461648861108512847e+02 2.887030667311923366e+02
1.784913728237461328e+02 2.781793760756942788e+02
2.344843918191603791e+02 3.109676050694176865e+02
2.575306033527043041e+02 2.900366080037951519e+02
2.708641321639322541e+02 2.984418691207280290e+02
3.128787539418231063e+02 2.975049364887565844e+02
3.072496498730556027e+02 2.616753518120473814e+02
3.698640843789780206e+02 2.770087409832090657e+02
3.983233003526646030e+02 2.510572835031347836e+02
4.030868805138837843e+02 2.384521892913770102e+02
3.794257565095003315e+02 2.382843068261787494e+02
3.474610582471008797e+02 2.076352131060706370e+02
3.326201780415429994e+02 2.293820474777448055e+02
3.097296602682515640e+02 2.438551923540277926e+02
2.665012406947890895e+02 2.180000000000000000e+02
2.240546921797005098e+02 2.266143261231281087e+02
2.732695775671301703e+02 2.101650097433695521e+02
3.052326037602768452e+02 2.279848795433004796e+02
3.280496779613553713e+02 2.311462335480257764e+02
2.610850199797168898e+02 2.764714129690465825e+02
2.098490980918306548e+02 2.920957438878950256e+02
1.799016754224052193e+02 3.162557148942212280e+02
1.609675999174520200e+02 2.926791635137923890e+02
1.246839136060611111e+02 3.061508413014305461e+02
5.803176123370404582e+01 3.307520278326134076e+02
1.264788376417589859e+02 3.032909955213326043e+02
1.483976494911924533e+02 3.055255537124232887e+02
1.815393601769549150e+02 2.771491336582968188e+02
2.151660473558623892e+02 3.289735443476841965e+02
2.372628752409804349e+02 3.130222390526025720e+02
2.937346237487342364e+02 2.836588671790700573e+02
2.954454606911361338e+02 2.764003658488090309e+02
3.610244817243993225e+02 3.074781187172472983e+02
3.840739321648630380e+02 3.009612435808255100e+02
4.138037401621421054e+02 2.810045390317258693e+02
4.264158195816427224e+02 2.778240500461177476e+02
4.388348963294014311e+02 2.798563997362444411e+02
4.598976339625835976e+02 2.815449928045374008e+02
4.920075561152677892e+02 3.042617082746870096e+02
4.747608539325842685e+02 3.418995955056179810e+02
4.528151674478522182e+02 3.496194500509833460e+02
4.225431929796312716e+02 3.688310925046292823e+02
3.800623317675621706e+02 3.630027444978096582e+02
3.499604069896040528e+02 3.488556419249849796e+02
3.250991720726855760e+02 3.567566395469696658e+02
2.974600350110187037e+02 3.734262236084452979e+02
2.588225352663045555e+02 3.658193505529287677e+02
2.283660337811335523e+02 4.008079556040399893e+02
1.985822201935856413e+02 4.274360643853455031e+02
1.601275054791791206e+02 4.313569336521219384e+02
1.200107969310728890e+02 4.040520665759188432e+02
1.193249537892791068e+02 3.967508934072704960e+02
1.171372775496235477e+02 4.738950633127994365e+02
1.492690894380204156e+02 4.588989987526548475e+02
2.059441482715535301e+02 4.445970595585172873e+02
2.336492121634978787e+02 4.394671899529042207e+02
2.761034734739611167e+02 4.242754908169727628e+02
3.077888412574694712e+02 4.106093574088507694e+02
3.350980861244019025e+02 3.643641754835231268e+02
3.685201848921043961e+02 3.593799582987916779e+02
4.041371147357330642e+02 3.806033261759645825e+02
4.299457910786468915e+02 3.375241472236011759e+02
4.501657380474414936e+02 3.437889507968372413e+02
4.355127257799671838e+02 3.257095420543696491e+02
3.914805765801891653e+02 3.260579122240442302e+02
3.706852976611891677e+02 3.219329097887245439e+02
3.496262132066780168e+02 3.663547249535367882e+02
3.360436537639007497e+02 3.610525556030795542e+02
2.631635659967408856e+02 3.694479223248234803e+02
1.977034656232532086e+02 3.750417481833426336e+02
2.394620632754736107e+02 3.887175451401009241e+02
2.810699515424842616e+02 3.956648035311615672e+02
3.243492515301991830e+02 3.706750666481031544e+02
3.438945383238858540e+02 3.601793984333979779e+02
3.598606293065408295e+02 3.560247445775771098e+02
4.110256219452383561e+02 3.680086590336383097e+02
4.056170156871575614e+02 3.938701493657584365e+02
3.759038020763111945e+02 3.540212574715743017e+02
3.484167793097233243e+02 3.822213210777687777e+02
3.347628253783988725e+02 4.076762066348171629e+02
3.016178266803138968e+02 3.889796940748322527e+02
2.661916294189354062e+02 4.103921170255993616e+02
2.552905592643909927e+02 4.291404458999874123e+02
2.111815030809859195e+02 4.119769705472417627e+02
1.850244660028933765e+02 4.452606161177772037e+02
1.441655066579666027e+02 4.446856416700903196e+02
1.157248471102267473e+02 4.335681029144721492e+02
1.478795252225519334e+02 4.531353115727002887e+02
1.736897177138073687e+02 4.523997116681393322e+02
2.006645323741007303e+02 4.366285611510791114e+02
2.250971086371550598e+02 4.372178722805536495e+02
2.463383217530732168e+02 4.221079636557990398e+02
2.661273312703855254e+02 3.938067659111817420e+02
3.034213132341209871e+02 4.188872789040794373e+02
3.080000000000000000e+02 4.155012406947890895e+02
3.385337034375651797e+02 3.870915486428223744e+02
3.740982684864534349e+02 4.108096149928702516e+02
3.920000000000000000e+02 3.860000000000000000e+02
3.782539053656327610e+02 3.374439664930948766e+02
3.525028258660343567e+02 3.357150243363226423e+02
nan nan
nan nan
nan nan
2.645000000000000000e+02 3.914975490196078454e+02
nan nan
nan nan
1.782294703895889825e+02 3.951746149411086435e+02
1.481523350630096445e+02 4.052309117865085000e+02
1.437335302494857388e+02 4.255235508201909624e+02
1.743520777071173313e+02 4.201705723495077791e+02
1.748224799811587502e+02 3.913689354686763977e+02
2.138657398310080566e+02 4.139121143643151868e+02
2.507207386459850227e+02 3.911494564297083798e+02
2.561117108359766803e+02 3.898102169241788602e+02
2.877421002838221398e+02 3.931701671397035511e+02
2.992508450271432707e+02 3.881655741063197524e+02
3.332623941534029086e+02 3.532481992902568209e+02
nan nan
3.607313763052100626e+02 3.943914415994387923e+02
nan nan
nan nan
nan nan
nan nan
2.801405525999657016e+02 3.160761970139008099e+02
2.587371020714267047e+02 3.320726421681450233e+02
nan nan
nan nan
2.002773277190412955e+02 3.502522464796252848e+02
1.613546380090497792e+02 3.658340874811462982e+02
1.445822959024085037e+02 4.027630278385987026e+02
1.573395916052183736e+02 3.732423331442616927e+02
nan nan
1.760990971185701994e+02 3.698375160540109050e+02
nan nan
2.189831272539927909e+02 3.444127082260003476e+02
nan nan
2.769991769547324907e+02 3.485020576131687449e+02
nan nan
3.030681795998048074e+02 3.237969497315763761e+02
nan nan
3.616867717614804860e+02 3.336498029472241456e+02
nan nan
nan nan
3.653141604429086442e+02 3.174189053617211016e+02
3.347330976579761455e+02 2.793636765355722673e+02
nan nan
3.052104321145487233e+02 3.280467911020199381e+02
2.788644707065627131e+02 3.217531640264856492e+02
2.476606630803137534e+02 3.406613266345949000e+02
nan nan
2.018871412803532053e+02 3.517335816777041941e+02
nan nan
nan nan
1.383694944119212380e+02 2.694174560936668286e+02
1.453013383881900040e+02 2.514184617152047849e+02
nan nan
1.957331645676433993e+02 3.321957808577516289e+02
2.268019704433497452e+02 3.213999999999999773e+02
2.374347856412163935e+02 3.173541337301218164e+02
2.592869841269841231e+02 3.040752380952380918e+02
2.868591852722287285e+02 3.316605953779866809e+02
nan nan
nan nan
3.353652404058226466e+02 2.789117776797529586e+02
3.874026759356251546e+02 3.026046566993619535e+02
3.678675772681954186e+02 3.208518045862412578e+02
nan nan
3.396626367299942331e+02 3.559866802742450318e+02
3.130503048780487916e+02 3.322090955284552933e+02
2.390553624773024524e+02 3.254503778042446811e+02
2.050000000000000000e+02 3.320000000000000000e+02
1.750093710066732910e+02 3.225169955984665648e+02
1.534819070590323804e+02 3.420356777736285494e+02
nan nan
1.434977480858729848e+02 3.234661462242906396e+02
1.550852729947218052e+02 2.755180410141040284e+02
2.016041581736648993e+02 3.349206685690990639e+02
2.284988576696460711e+02 3.315328770692212288e+02
2.583089502117097140e+02 3.022842750766535005e+02
nan nan
3.013676616510776967e+02 3.188953883692557838e+02
3.217299417679330418e+02 2.991772426835433407e+02
nan nan
nan nan
3.643147195689443834e+02 2.897842272838599342e+02
3.929580565116465323e+02 2.170808452733530771e+02
3.515089540984636756e+02 2.359545226051713769e+02
3.331185534190755106e+02 2.358223396578802067e+02
nan nan
nan nan
nan nan
nan nan
2.124979880502377796e+02 2.849828069747591712e+02
1.431876086848511989e+02 2.304611715605902589e+02
1.626145127476837899e+02 2.547020355717860411e+02
nan nan
nan nan
9.601793861146457232e+01 2.890581918624499735e+02
1.249441451170057604e+02 2.556501200500878781e+02
1.289181991122384261e+02 2.588678881258516640e+02
1.765928654068646324e+02 2.506234863092942646e+02
1.946290058924159041e+02 2.315448393841475081e+02
2.198814243027888438e+02 2.611810424966799360e+02
nan nan
nan nan
nan nan
3.209271684169584091e+02 2.348920653442240507e+02
nan nan
3.328625197630790353e+02 2.874242631616206722e+02
3.252113617574111117e+02 2.929362229833471361e+02
nan nan
nan nan
2.516524424638989217e+02 3.203693027978339387e+02
2.284941843971631101e+02 3.200208510638298094e+02
2.040477220890110459e+02 3.273905491549213593e+02
nan nan
nan nan
1.298296571132107999e+02 2.227317590831197833e+02
1.523887175277829442e+02 3.343622267396002599e+02
2.235814748939663446e+02 3.090739499247503090e+02
nan nan
2.642869139258222617e+02 2.870000000000000000e+02
nan nan
3.246746141761390163e+02 2.977610387210054341e+02
3.307763237610565739e+02 2.799515327759602314e+02
nan nan
3.584055797784586161e+02 3.008003476313928672e+02
nan nan
3.080598631698973691e+02 3.261835803876853106e+02
nan nan
2.774783060864712638e+02 3.094743110073940784e+02
nan nan
nan nan
1.979065371354812441e+02 3.100223848910477500e+02
1.500815744946121697e+02 3.265117107489535897e+02
nan nan
1.370372784922657559e+02 3.268005294454651448e+02
1.289808274971439914e+02 3.760106789847513937e+02
1.700207192541068650e+02 3.531518425336687983e+02
2.078308940702843302e+02 3.413581523106600457e+02
2.176818236209165889e+02 3.602948426468828416e+02
2.452357006673021829e+02 3.547935335239911296e+02
nan nan
2.740889663805436385e+02 3.126473235574630394e+02
3.040109903096195012e+02 3.310057905932403628e+02
nan nan
3.554022901209324345e+02 2.886801425483437242e+02
nan nan
3.912877909462487196e+02 2.868587638739247154e+02
nan nan
4.196611019131714215e+02 3.079942972774098848e+02
4.034571606282071343e+02 3.458819779194526518e+02
3.875145220361664542e+02 3.219944183262021511e+02
3.566397807740809185e+02 3.518760015520418847e+02
nan nan
3.293344751972469453e+02 3.278032724106093951e+02
nan nan
2.627348300192430770e+02 3.292158434894162724e+02
2.408914676683659764e+02 3.580512476522672500e+02
2.094736347401071441e+02 3.666806560766989378e+02
1.568207162770748369e+02 3.943254521409679114e+02
1.228465369741005446e+02 3.743658150709011920e+02
1.345074018597466079e+02 3.419140667340921027e+02
1.350593784683684930e+02 3.136985448267357128e+02
1.327372607562220139e+02 2.916676544640270663e+02
1.564301042305334022e+02 2.904472716125076772e+02
1.602318645510281101e+02 2.964330699192181555e+02
1.189304153601649432e+02 3.510964735191787440e+02
8.807489666414390683e+01 2.638271622906599987e+02
2.130604176736278816e+02 2.425656260937682305e+02
2.309251864853005713e+02 2.330672444054409880e+02
2.656279036625338676e+02 2.363136668091777040e+02
3.104398849770731204e+02 2.568392010569674540e+02
3.356998338180307542e+02 2.543053593685085048e+02
3.654086202885062562e+02 2.171199727447982468e+02
3.813203172972092148e+02 2.646081404528878807e+02
4.004729747725943412e+02 2.187168589940304173e+02
4.428244363136004154e+02 2.332653782406104312e+02
4.473263414250923233e+02 2.088532092073218678e+02
4.198652441082065252e+02 2.253146998579534284e+02
nan nan
nan nan
3.474897028769061649e+02 2.110952680396163998e+02
3.030063895520291908e+02 2.206738519870804680e+02
2.789782506859398836e+02 2.018109650003346189e+02
2.238158099400044421e+02 2.288565846974298097e+02
2.607497720826580121e+02 2.145140042544570633e+02
nan nan
2.543200180453594612e+02 2.373429848665053612e+02
2.270108951152136854e+02 2.222834788874972105e+02
1.854133723113232861e+02 2.143403690393176930e+02
1.630135250039857624e+02 2.156933490992187785e+02
1.468587721503079138e+02 2.370499874324494272e+02
1.023869444971509779e+02 2.451491077263937086e+02
9.622278203723986678e+01 2.143749787026895319e+02
8.461047830493750155e+01 1.924142815772962081e+02
7.743827611395178678e+01 1.848917701485269163e+02
7.131484806170622903e+01 1.463569386262384455e+02
1.062282730646414137e+02 1.543647334656655516e+02
1.419817739140679009e+02 1.511922255656075151e+02
1.805992224622030164e+02 1.346703239740820663e+02
2.060168722249630093e+02 1.337240256536753691e+02
2.553856903131914748e+02 1.258960186518956306e+02
2.659273426061493524e+02 1.633529465592972088e+02
3.067959305878039800e+02 1.478773066112672723e+02
3.327922709163346440e+02 1.386866363118952847e+02
3.545178031575411524e+02 1.147313150822976127e+02
3.708663646082574132e+02 1.243756554497785487e+02
4.041968800098655947e+02 1.610574361820199840e+02
nan nan
3.674606624539962354e+02 1.920120824942712261e+02
3.315567017746357124e+02 1.706486798441783321e+02
nan nan
2.849616276328198410e+02 1.880439982185895360e+02
nan nan
nan nan
2.168995753028706304e+02 2.211079168971022568e+02
1.895389081344624174e+02 2.370603027970233541e+02
1.410230148601587814e+02 2.435653565789189088e+02
1.264186778593913942e+02 2.360316100754605202e+02
1.577796958400406595e+02 2.530737524358214046e+02
1.866657319337602701e+02 1.959328508090492278e+02
2.024319229540371623e+02 1.898576840567803288e+02
2.344305020367719976e+02 2.062629637784872898e+02
2.531247012318440852e+02 2.084074738003309335e+02
2.870029041626331150e+02 2.352013552758954518e+02
3.142724272099326868e+02 1.965016394159307538e+02
3.422790826312653962e+02 2.132510850140413652e+02
nan nan
3.816120776856160433e+02 2.103856969451749990e+02
3.932431850789096188e+02 2.574992274583379412e+02
3.777399475042460040e+02 2.405777841498114071e+02
3.757489021043001003e+02 2.642851326623970749e+02
3.314609980942250331e+02 2.396317422328590965e+02
nan nan
nan nan
nan nan
2.329897812190510535e+02 2.552734986945169737e+02
1.940022617124394060e+02 2.631298869143780053e+02
1.671023010669752011e+02 2.620775421005270687e+02
1.523813702637231984e+02 2.761112482288953061e+02
1.323240552620885921e+02 3.033409183258837629e+02
1.101203500506086499e+02 3.080938991947402883e+02
1.536737044145873199e+02 2.921353166986564247e+02
1.916240659425313879e+02 3.082962021415915501e+02
2.449951117318435649e+02 2.810055865921787586e+02
2.451046448106815774e+02 2.755971139315942082e+02
nan nan
3.051548282265552530e+02 2.422397864438254373e+02
3.197224755700326000e+02 2.520916938110749186e+02
3.608127745508296584e+02 2.689149751212707997e+02
3.629583311272303945e+02 2.796420818552443279e+02
nan nan
nan nan
3.972412188881135080e+02 3.164230635031402699e+02
nan nan
nan nan
3.853578590660105760e+02 2.938214186240832078e+02
4.111312588706634870e+02 2.543151039327356671e+02
4.016753865360606710e+02 2.264746566791510531e+02
3.989435313416827285e+02 2.420209975078078060e+02
3.975763016157989114e+02 2.781915292965562116e+02
3.649258697898725359e+02 3.009951085084395572e+02
3.451002974118838438e+02 3.164691830665063321e+02
3.010541773595666086e+02 3.222355289421157636e+02
2.943254151344190177e+02 3.410312921130170594e+02
2.735945789180145198e+02 3.498132738427216850e+02
2.338632187818986097e+02 3.609197005784280350e+02
2.066994444444444525e+02 3.707083333333333144e+02
