1.094522166056058454e+00 -9.919555330666747217e-01 -6.190262207635368163e+00
1.235319256621299155e+00 -8.582041592952053266e-01 -5.293307758052912426e+00
1.924293368004305060e+00 -1.194764221734573750e+00 -7.517216704399652727e+00
2.181444600206122075e+00 -1.155069334890892252e+00 -7.330211065721187857e+00
2.358316774566896701e+00 -1.127042350371348478e+00 -7.334963702985328737e+00
2.215313829135013624e+00 -7.861986067879275231e-01 -5.943122664706289804e+00
3.024473067097667833e+00 -9.687622328004986683e-01 -7.472524689378537310e+00
1.592210513418995355e+01 -2.594176475044547292e+00 -3.821959059916869705e+01
-1.318701464403166668e+01 1.087255666026812673e+00 3.365869197098793819e+01
-3.928323974119304118e+00 1.540315426943482391e-01 1.144756567954492432e+01
-1.518584160115979742e+00 4.644534258400973697e-02 5.871206965901841102e+00
-1.642404471385489506e+00 1.493686516003636944e-01 6.611456117237709762e+00
nan nan nan
-1.792858608796351838e+00 1.560955417175161931e-02 8.415871052235200267e+00
-1.641011857202742785e+00 2.739964963355651650e-01 1.041326994271053863e+01
-1.518634325672100882e+00 4.390780425258338227e-01 1.251157161620757741e+01
-1.175414459788234556e+00 3.681883046297965145e-01 1.317079693571187171e+01
-3.140475851984061428e-01 -1.439342373974431509e-02 7.233002474093858325e+00
-1.500518537922807850e-02 4.114521713341403458e-02 6.597736474346669766e+00
nan nan nan
4.041359881232720608e-01 1.138019048704683178e-01 5.890401087302626237e+00
7.307780771394470909e-01 5.869967883649399032e-02 6.341378896433387702e+00
1.205621196833141395e+00 2.786082941311551764e-01 8.350536627801741218e+00
nan nan nan
1.463200488601997140e+00 1.172203267504754315e-01 6.223324311189220026e+00
nan nan nan
3.362805603010595501e+00 3.594499063436721875e-01 1.154204032345804798e+01
2.022318574649113465e+00 -6.079373244519920005e-02 7.560594307053441376e+00
2.328701464047668868e+00 -1.917417616319525009e-01 9.201341971318388602e+00
3.337917087712539921e+00 -4.064082797837197947e-01 1.273803467906793330e+01
2.423673843878237033e+00 -5.615279277086838716e-01 8.745406894817579158e+00
3.128562393433022670e+00 -8.326901593763677001e-01 9.657440411696297744e+00
2.950346964353001589e+00 -9.417864153515292935e-01 1.136890817795825015e+01
2.156087895004694222e+00 -9.198465458134131856e-01 9.456045711666227760e+00
2.318062522603100195e+00 -1.034728604452891387e+00 1.304782305023305078e+01
1.757409679479324804e+00 -9.771956377912772718e-01 1.369545574527237264e+01
7.620836574410685405e-01 -7.337098373174025800e-01 9.196591740766782763e+00
4.021960048207595673e-01 -9.812789587484274101e-01 9.986251899305123914e+00
5.626076770161025919e-02 -1.041242795020365541e+00 1.097371359419523884e+01
-3.351883392952945129e-01 -8.413641048802257272e-01 6.731614528752254856e+00
-5.269437675494270668e-01 -6.860540358561328933e-01 6.549257275775047127e+00
-8.627260741465655469e-01 -7.468902770930128110e-01 6.868659545998011318e+00
-1.608187118025317108e+00 -9.120979407243648973e-01 8.991163457289191641e+00
-2.654953233718815753e+00 -9.728398988150582793e-01 1.115765967478212239e+01
-3.515924997877434954e+00 -6.959099163097486329e-01 1.437643704841250170e+01
3.713718979593668479e+00 -8.569549794220339411e-02 -1.411501162750968064e+01
1.893566399375358422e+00 -3.494658847215436626e-01 -8.617021409734398674e+00
1.350688055167615254e+00 -4.050539958189304235e-01 -7.354510682324923998e+00
9.067200116463439707e-01 -2.853866084500386036e-01 -6.674334278453167180e+00
7.887047490637717484e-01 -2.628883298311150973e-01 -8.214435018430911839e+00
-1.102131942760964656e-01 -3.816797952990838017e-01 -5.075916894395477996e+00
-3.050856002790273691e-01 -4.506679746200970005e-01 -4.762084364093864153e+00
-5.257936429629325170e-01 -4.445369641352343582e-01 -4.354648297168910887e+00
-8.241624843975962067e-01 -5.310925861319761854e-01 -4.857952844312588780e+00
-1.245344540259907928e+00 -4.257935972880323994e-01 -6.119804437900797645e+00
-1.007005058590326296e+00 -4.677717608279080563e-01 -3.976287961882523536e+00
-1.241591133432109251e+00 -4.836934283950132252e-01 -4.604054680778602915e+00
-1.250109998556419910e+00 -6.456950887491684776e-01 -4.945813445525931051e+00
-1.203295673880488748e+00 -6.330061962621543747e-01 -5.410593017979216768e+00
-6.841876000253723777e-01 -5.312114595512562598e-01 -3.903594368720346708e+00
-5.132154379663108612e-01 -5.642072596089319214e-01 -4.153569581176094871e+00
-3.388745395149359019e-01 -4.963448210277397465e-01 -4.657205350019117951e+00
-1.086406730556363637e-01 -4.811232597903327135e-01 -4.807572567565069122e+00
1.157151162329065480e-01 -4.778078710553304020e-01 -5.563556329238692477e+00
3.407410036212884519e-01 -4.992155690152910719e-01 -4.703623973019190885e+00
7.703176315323667644e-01 -4.685096128799566273e-01 -6.429584567686753793e+00
9.200462226713707059e-01 -5.835912440526503930e-01 -6.058058711797531082e+00
1.216354829164584039e+00 -4.572895581892111316e-01 -6.108642478879742654e+00
1.738632371049273928e+00 -5.674368677573420339e-01 -7.561736674972847183e+00
3.625663237018993179e+00 -5.133672770713617606e-01 -1.365397713610840214e+01
-1.249906016757317850e+01 1.281840785416922923e+00 5.576396614764077952e+01
-2.204145355707955112e+00 -1.810023093785596005e-01 1.099580949985272582e+01
-1.495143499160231704e+00 -2.534279161336492892e-01 9.251768849084252011e+00
nan nan nan
nan nan nan
-1.505805465232972484e-01 -3.281182495657542497e-01 5.622295379787833447e+00
1.037263547781546030e-01 -1.668472964461240604e-01 7.372351924374356713e+00
4.447917952602892244e-01 -1.656633249344614811e-01 6.740335301937004253e+00
6.919455749882058582e-01 -1.821687468667435306e-01 7.023786992051787692e+00
1.514721782092462998e+00 -3.707372152808723759e-02 1.039757328437977968e+01
2.214072293837981764e+00 1.856993390698930546e-01 1.189432137197362138e+01
2.165387309740960831e+00 -7.868193205694572201e-02 9.121602378163538916e+00
2.235266244354325860e+00 4.616243875013747132e-03 7.759469083170110082e+00
1.460622266647019662e+00 -2.735899682544774558e-01 5.699787773187974693e+00
2.030490946719055501e+00 -3.175062886346297075e-01 7.589278121460834470e+00
6.825263126602854946e+00 -4.707283322834512895e-01 2.425235548346290670e+01
3.862300811769782793e+00 -8.897747974974042906e-01 1.190633435540459395e+01
4.869682607507642480e+00 -1.167648160586605588e+00 1.654381403652879357e+01
2.548812249960009879e+00 -7.091410657413571572e-01 1.182423399451639412e+01
1.678876345871052056e+00 -7.537515132443304289e-01 1.018338954708088373e+01
1.151163487261163354e+00 -7.699082901716938210e-01 9.740600350375432370e+00
7.523380588024006776e-01 -7.757083713168553274e-01 1.013063171079438440e+01
2.580027423410342080e-01 -8.815734283404421667e-01 9.662613307457583289e+00
-3.012582276481343135e-01 -9.945758034146098270e-01 1.106206324152203102e+01
-7.876880394150320708e-01 -1.133052649773695464e+00 1.252471324700003485e+01
-1.933825295031216029e+00 -1.182977295993521416e+00 1.484147851094177994e+01
-3.859497599546415358e+00 -1.698233999590961663e+00 2.249502092874946513e+01
3.550075821313083413e+00 3.407545258626131779e-01 -1.669408717000167641e+01
2.415820314201932550e+00 -1.839950980671733460e-01 -1.132134643119054473e+01
2.886341214448393533e+00 -1.385074153715157574e-01 -2.028614344454683760e+01
4.103671779278955656e-01 -2.908664415665052627e-01 -8.208278142244536113e+00
-3.199467016362677607e-01 -1.110306790458163440e-01 -3.134229110028888599e+01
-1.677059226882047671e+00 -1.419740387806296411e-01 -2.727953541875540822e+01
-2.775757746358699318e+00 3.718768323909013573e-01 -2.845487091461261286e+01
-2.650051269151966871e+00 4.852742872827146142e-02 -1.804292825105034481e+01
-3.107469596727131744e+00 -4.801182032286394757e-02 -1.521178342795770178e+01
-4.710891892258144864e+00 8.115132662478687087e-02 -1.826488023166858454e+01
-7.611531905345658267e+00 -2.613860629653890211e-01 -2.450330884726783509e+01
-1.181276428517458577e+01 -5.413971999150364312e-01 -4.858293622300071490e+01
-2.218864602575438827e+00 -3.051225633565822215e-01 -1.083055395225361295e+01
-3.439819455073110266e+00 6.583160824306819037e-02 -2.292832166741384370e+01
1.375499068461014929e+01 -2.836378956800654549e+00 1.276280947444218725e+02
1.380042882013523631e+01 -6.571219097576763701e+00 2.833702459729352654e+02
-5.189907368693732481e-01 7.386678511205251318e-01 -4.227935915861049665e+01
4.424264537186872737e+00 1.654039717630443329e+00 -8.208878867073144647e+01
4.147813401157340429e+00 5.629352897277002388e-01 -3.626363275744338921e+01
-2.549970212536398719e+02 -4.406002927870795105e+01 1.692359669460391615e+03
-5.255763757743248554e+00 -1.082163908441071909e+00 2.810725947593519791e+01
-5.345333028079283011e+00 -8.836580882611808629e-01 2.455760157509520170e+01
6.035668622197666977e+00 -8.000721177777529378e-03 -2.122042805156705469e+01
-8.226548203431352846e+00 -1.127243601956806840e+00 2.725452067829074210e+01
-5.535682415303745607e+00 -7.469853892340052592e-01 1.641348973423319890e+01
2.032227709501523094e+01 -4.497064448393403024e-01 -5.632114399858715359e+01
nan nan nan
1.037392318343813358e+01 -9.589522181968285208e-01 -2.956011245765809647e+01
-1.984664106918929249e+01 2.174799360952158089e+00 6.712440272988973788e+01
-1.586187195180322078e+02 2.719663615010869151e+01 6.058516337035105153e+02
4.544444171724086878e+00 -1.308293807236455830e+00 -1.966012448365037812e+01
3.911008749260797668e+00 -1.254462254763382578e+00 -1.955670011445382173e+01
4.873925899985957599e+00 -2.070052471538345262e+00 -2.984287387191620766e+01
-9.728346454329052762e+00 2.420791122609816881e+00 7.562326013973370209e+01
1.263611404945691019e+00 -1.266915920621769276e+00 -1.638501327617252556e+01
1.279292171029477121e+00 -1.477893034041151799e+00 -2.351528722014704442e+01
nan nan nan
-6.447278280903415704e-01 -1.734424826142850318e+00 -1.939788677385215010e+01
-2.307993207236536115e+00 -1.760231552413611178e+00 -2.525997281395447303e+01
1.481339570450263565e+01 6.921755599724424890e+00 1.205867841284650694e+02
-8.133855928284036807e+00 -3.277749479409715505e+00 -5.163877833069383172e+01
-1.232073365091404149e+01 -5.228751882229582648e+00 -6.145619845227666644e+01
-3.753836005890521132e+00 -1.759524802501422069e+00 -1.688103063250324354e+01
nan nan nan
-8.241664851115070078e+00 -2.614629470634345143e+00 -3.309590861300748799e+01
-1.359728673359314222e+01 -1.925176040297748470e+00 -4.787351156773526384e+01
-5.158513187288613189e+00 -1.093904464053525816e+00 -2.414847151397620095e+01
-2.171967966930198770e+02 -5.306267107904125879e+01 -1.318098974127547763e+03
-2.623586927050844508e+00 -1.077866357046156409e+00 -1.846372920979493770e+01
-2.259163965609650049e+00 -1.398291663041952848e+00 -2.563776051218670915e+01
-1.078660753900677172e+00 -7.935640283469620471e-01 -2.496315924548282439e+01
6.256996880906199321e-01 -6.216280971623687535e+00 -2.116296063586127900e+02
-1.457034064631481485e+01 5.475057073957895426e+00 2.929345842043320545e+02
-5.278856440545176554e+00 5.822359665076573716e-03 3.600327133877450336e+01
2.788284494743989317e+00 -4.802999254380315719e-01 -1.409727425871790985e+01
-6.756940447373868786e+00 -1.145756931821450136e-01 3.472914385222759392e+01
4.496007701742369633e+00 -7.060837991330491947e-01 -1.746112923972519937e+01
-2.125180821180070367e+01 -1.243132135974746699e+00 7.617370504614270033e+01
1.206908107864099300e+01 -8.789381794450318308e-01 -3.840337584036996788e+01
-3.819461348655899258e+01 -2.337507225842831105e+00 1.076691673842461938e+02
-1.921449148504208537e+01 -4.057443053643619048e-03 5.578286358926284549e+01
-2.654578763363641514e+00 -4.939433166813951837e-01 8.800036457717414606e+00
-2.983227904431309696e+00 -5.740416374187559123e-01 1.126519383022088938e+01
-1.720799251425903842e+00 -4.258280153142242064e-01 7.679353010262306434e+00
-1.346726651380111717e+00 -4.442128896971886398e-01 7.023674674429433828e+00
-1.037610539694516776e+00 -3.100845093923290663e-01 7.107566959013115415e+00
-7.898337053779311834e-01 -4.732024438128171195e-01 7.599462747501875448e+00
-5.977467590075490333e-01 -3.074444569009811001e-01 7.532473846582513843e+00
-2.427853756436446353e-01 -4.738453709361210575e-01 8.474940799517971968e+00
7.196836902623651722e-02 -3.709876602696243753e-01 6.137679407470918669e+00
2.557022738250690486e-01 -3.997937814603386153e-01 7.242137740423928882e+00
5.616559997340336841e-01 -3.128716861046558773e-01 6.739417280213110040e+00
8.010637475015162101e-01 -3.950384313502068312e-01 6.854352271972534716e+00
9.952199961035271825e-01 -2.605629572356475965e-01 6.319817519673303963e+00
nan nan nan
2.055448419249136904e+00 -1.485237832634723476e-01 8.500513542412692303e+00
1.594280616901195380e+00 -3.249322432937540306e-01 5.930309707466285829e+00
1.210437651327139763e+00 -4.270191308046087375e-01 4.215147485385404735e+00
1.019647041688181099e+00 -4.390935929162265161e-01 3.717795846631780865e+00
8.759848623459239869e-01 -4.472819653508887661e-01 3.723438484571929497e+00
6.821873355634562319e-01 -4.453421684594034424e-01 3.688433801428164571e+00
5.641380419638993837e-01 -4.609025867170639668e-01 4.470629407802593214e+00
3.623640108558481843e-01 -4.528559902741007837e-01 3.416883569873054860e+00
2.355490527735209783e-01 -4.601516178803980450e-01 3.441292984899929408e+00
4.436982244429059363e-02 -4.839551246038599208e-01 3.823823577592517786e+00
-4.280551302873433078e-02 -4.931653828273246387e-01 4.256429113646960971e+00
-1.293884299035267804e-01 -4.365784498631750665e-01 3.674441345763901356e+00
-4.820816084404482282e-01 -4.566560781904940303e-01 4.615068368762392126e+00
-5.651156781719954836e-01 -4.962485633589889811e-01 4.049798087987351636e+00
-6.498112487920985059e-01 -3.711117566330019990e-01 4.824765029062529464e+00
-3.398218128846234309e-01 -2.884085875203107885e-01 5.028503736758973552e+00
-2.879895686506502295e-01 -3.354181407563608941e-01 6.696406834697651966e+00
-4.944831283262422078e-02 -2.383330415744826514e-01 5.434652838176800671e+00
7.224335448439982155e-02 -2.329883796225537818e-01 6.704881622997275414e+00
2.837217899205707328e-01 -3.364381507914375735e-01 4.262507539477614849e+00
5.954326298565066899e-01 -1.843373214932254867e-01 5.610451057443963663e+00
5.920773048694650820e-01 -2.542459525870469084e-01 4.363627968663117862e+00
8.193092978535787552e-01 -2.052974529456332298e-01 4.852734044823775683e+00
nan nan nan
nan nan nan
1.447557752135293363e+00 -2.537026354127659977e-01 4.917169638762295847e+00
nan nan nan
1.152281483421854658e+00 -2.756490392403691536e-01 4.757152303198560972e+00
