-6.922725492053197760e-01 6.327006228244916874e-01 3.062118745679037080e+00
-7.533088414807497246e-01 5.986635541745147782e-01 3.122989440734559530e+00
-8.601025867242888534e-01 6.876718142591173866e-01 3.222799660550067724e+00
-9.726055496984360449e-01 6.718985353801740779e-01 3.214012103316725710e+00
-1.042982812631724876e+00 6.705588090202361240e-01 3.305216914191337452e+00
-1.037312796574601625e+00 4.847969168543564411e-01 2.972778461363221769e+00
nan nan nan
nan nan nan
nan nan nan
-1.007725479881154573e+00 1.736072922796803031e-01 3.327544701391995208e+00
-6.396864916308091509e-01 2.168534014351003181e-01 3.722754029163048983e+00
-5.588060939039424246e-01 2.144538696901227837e-01 3.391727754540458495e+00
-5.431992815741175651e-01 2.232206516524384288e-01 3.407194126132941481e+00
-6.251715670859185892e-01 2.005144674477798705e-01 3.146484488125839363e+00
-4.506192631001149085e-01 2.963305378426114300e-01 3.139132482532669410e+00
-3.774999728358549578e-01 2.674412466324233573e-01 3.053455381973961380e+00
-3.070354352060392644e-01 2.071726524605250197e-01 2.954707878286778833e+00
-1.508018760713306095e-01 1.073727237942037893e-01 2.984558619958814774e+00
-2.148503323052691760e-02 1.725842849514865607e-01 2.946858263275580203e+00
1.015175068806787595e-01 2.297048764063831794e-01 2.842943252140861521e+00
3.467749697819770272e-01 2.292242587327479042e-01 3.197010808179878261e+00
2.896241168570319879e-01 1.315749720582808646e-01 2.808246443235784984e+00
3.727673701829988251e-01 2.169285228051025527e-01 2.761178797369439053e+00
4.771146663297023416e-01 3.798412861829386644e-02 2.652902097131350612e+00
7.265092394342078652e-01 1.301084409930571284e-01 2.794408208869051169e+00
7.970356116514462075e-01 1.352079078010768043e-01 2.599809473763690981e+00
6.793411340244287500e-01 1.312376281608161610e-01 2.473314923845170377e+00
5.298643264650785278e-01 -3.428284287287778481e-02 2.360526952216069230e+00
4.797548656458778815e-01 -4.789581226228428051e-02 2.299189901655636081e+00
4.509233063324701862e-01 -6.349558519190549866e-02 2.212643783139845333e+00
4.400949002111555486e-01 -1.608376343686304666e-01 2.145078624653501631e+00
3.917856609475036667e-01 -1.046126332745883347e-01 1.982569688008679387e+00
2.589065905582584870e-01 -1.103950304102983143e-01 2.067465597147171597e+00
1.940451860119233041e-01 -1.541585358779534731e-01 2.105320482536713111e+00
1.042070728771565535e-01 -1.132308411879891924e-01 2.181412289329631271e+00
1.389619529708660192e-02 -2.067734074173213990e-02 2.243742679196679912e+00
-6.094411439335692404e-02 -4.732193430194880923e-02 2.362569679988085980e+00
-2.386039430912893222e-01 -1.127373204844535903e-01 2.655289125542050765e+00
-2.993915460743900581e-01 -9.071687040107301314e-02 2.485257711669647929e+00
-3.943818919142358381e-01 -1.434876932176589182e-01 2.438922924549074445e+00
-4.041750848953081787e-01 -1.189360675425072261e-01 2.606914165276509543e+00
-4.950482245452844654e-01 -1.436635765975028123e-01 2.634831117233380038e+00
-6.701631192301852336e-01 -6.350624148698465893e-03 2.599962655049871785e+00
-7.977611392874628393e-01 1.067528817024834265e-01 2.636626263702538164e+00
-7.214992484616614687e-01 2.717942115486633448e-01 2.691203089109724722e+00
-7.125034683290311088e-01 2.778440218533785311e-01 2.502989363904599696e+00
-6.072292952523512533e-01 2.928931337110404209e-01 2.396165947897533233e+00
-5.280572739259525861e-01 3.230434160400464938e-01 2.384743864841507577e+00
-3.999750634409018346e-01 2.039939182011868413e-01 2.311993418584666671e+00
-3.440601298758741433e-01 1.652630600846561881e-01 2.399297762535719691e+00
-1.154219511911788454e-01 3.098914562785525240e-01 2.202932117918054988e+00
1.227713283799285085e-04 3.323759523408078564e-01 2.191898128925474865e+00
1.178205773584528326e-01 3.447632748191519214e-01 2.130703236544766010e+00
2.946721830556835453e-01 3.095024680286367347e-01 2.186472128510170698e+00
3.083384257292758335e-01 2.304128279053717643e-01 2.094170818325220562e+00
4.066801303467836304e-01 3.356565655024295602e-01 1.998283730102925926e+00
4.723911842840337050e-01 2.912358896195052504e-01 2.028812874429755997e+00
4.624439495858184146e-01 4.117718674466424589e-01 2.198710433042867951e+00
3.928403631405509300e-01 3.254229749036923192e-01 2.170917211725912566e+00
2.432913836637797811e-01 3.365537519582716963e-01 2.146446457453096812e+00
1.321791143272603164e-01 3.735001537428105367e-01 2.192803947223161298e+00
7.847218796471459520e-03 2.615295780017228844e-01 2.252532049149238436e+00
-8.606436851697524260e-02 3.024460127755352334e-01 2.377171149719565779e+00
-1.983176288981842172e-01 2.580071292079114120e-01 2.376624668523414030e+00
-3.193468999237107364e-01 3.332211864975204163e-01 2.479958757184727247e+00
-4.057266408948791980e-01 2.574276660617078605e-01 2.565485430005851164e+00
-4.717833619842268789e-01 3.538234732080177136e-01 2.663173700112284159e+00
-5.271512785057365091e-01 2.181136321992851734e-01 2.673463513070821307e+00
-6.496865278668475518e-01 3.127569277284900084e-01 2.700663244320791634e+00
-7.491169822114377430e-01 2.364377878723968873e-01 2.784844466863668710e+00
-7.395472995893872525e-01 2.503942161401510602e-01 2.836673143592357782e+00
-6.664047017430846376e-01 1.299819098810060247e-01 2.908193607007241166e+00
-5.905450171196140463e-01 7.571001566822269102e-02 2.825553568283998729e+00
-4.091219265979706421e-01 1.990296893200651507e-01 2.844396272219926303e+00
-2.963302326182820634e-01 7.947690183871465586e-02 2.906359111035937470e+00
-2.044294624048344777e-01 3.502224971818559962e-02 2.830249660506039877e+00
-8.987577094631352126e-02 6.387536495089143375e-03 2.704420992801151780e+00
3.531857071356925976e-02 8.441637222544090893e-03 2.608522808705082241e+00
1.180293403078149506e-01 3.018945237677976914e-02 3.157020732215268577e+00
2.070595527244505629e-01 7.813403662590982790e-02 2.548312369314361003e+00
3.684208807222585369e-01 1.528305028181538849e-01 2.560499972123474688e+00
4.663028636170680197e-01 8.016170419225564225e-02 2.458583153861605197e+00
7.542011487090466426e-01 -2.336985921171061062e-02 2.624362004179246810e+00
5.535060527011707032e-01 -5.114994462784430707e-02 2.414819361927926344e+00
4.810071368372657585e-01 -6.659162496438325585e-02 2.283838638683174160e+00
4.745084015194381832e-01 -1.050510123718675914e-02 2.165003132134877273e+00
4.701732302516994366e-01 -1.513326245862495478e-01 1.963813828182223276e+00
4.054878962886128146e-01 -1.541173228055816857e-01 1.964460995769110818e+00
3.127827610406879177e-01 -8.067610823230955686e-02 2.201314750392173725e+00
1.929528808114576166e-01 -1.494097900663616252e-01 2.288325547369732593e+00
8.025020530586073064e-02 -1.527342630040273985e-01 2.266411475901301653e+00
-1.607627016140601023e-02 -1.232715943344784154e-01 2.327695990485726174e+00
-1.379297403478764172e-01 -1.563299340385758407e-01 2.362400597323479623e+00
-2.623493155881195804e-01 -1.577998494299314713e-01 2.362923556662185121e+00
-3.501572514343389009e-01 -1.604047832851656918e-01 2.352606183142723850e+00
-5.175250868403912241e-01 -1.513809354061805001e-01 2.461524498284871409e+00
-5.838645095509586991e-01 -1.253033869524868282e-01 2.556298284344020733e+00
-6.998007253801092897e-01 4.570911385393782583e-02 2.507340709564537473e+00
-6.803773972603768261e-01 1.181028791097875341e-01 2.525155664848907300e+00
-4.886097459546204780e-01 1.474196819210492337e-01 2.534490695112685099e+00
-3.289358099384483425e-01 7.687130283119024410e-02 2.299955481611034358e+00
-1.164681420761881636e-01 1.482484074719596645e-01 2.350772734167995370e+00
2.007059035424404569e-03 1.046868659216784042e-01 2.282021339825477391e+00
4.580429672205275221e-02 -2.797246044405632751e-02 2.215917740661884405e+00
1.354031370599588502e-01 -1.547410356550242040e-02 2.142127019267380472e+00
2.618586440173794050e-01 2.040108935604969392e-02 2.059244187221105804e+00
3.689111794597669802e-01 1.617043865447394604e-02 2.008914461438975341e+00
5.165679920996917307e-01 3.261174606661765285e-02 2.010959451827224242e+00
4.332037122753947256e-01 8.385380872207795488e-02 2.169627208364630633e+00
2.813502889808319196e-01 1.075077046961043920e-01 2.096554654438087972e+00
1.552900003170758769e-01 5.331708758764268537e-03 2.154875513778525153e+00
8.193406468506589380e-02 -1.330351695655263879e-02 2.251872731601998190e+00
-6.653774806290853328e-02 1.652896739682400973e-02 2.387968689876539763e+00
-1.486697338285088432e-01 5.163276079845936783e-02 2.414890808731404270e+00
-2.945592298005353937e-01 8.706464728242536977e-02 2.346420470143879999e+00
-4.312319011877699948e-01 1.260231108621574503e-01 2.399950817145627635e+00
-5.150497053058340491e-01 9.824811059356182430e-02 2.450934316747944930e+00
-6.037218697433625048e-01 5.315757278447075934e-02 2.560228000531949100e+00
-6.561202915542823089e-01 6.303431573794658627e-02 2.613975794704928468e+00
-8.018582066248814977e-01 2.009124703264883183e-01 2.702086467116732393e+00
-8.685366354000172429e-01 9.813426147679168987e-02 2.713307258284335610e+00
-9.603608122745056486e-01 8.309926175310514140e-02 2.826063315563924760e+00
-9.692580146254187179e-01 2.256908042005817683e-01 2.847068088292493915e+00
-9.789444092976725686e-01 1.887886019380018432e-01 3.092484036175132456e+00
-9.088202993932121831e-01 2.869316245615183836e-01 2.970127389471543200e+00
-8.509060353235217145e-01 3.028325683375855393e-01 3.119896551150143527e+00
-7.580159267368600240e-01 3.517005960812910614e-01 3.098523043790816889e+00
-6.351865516138734957e-01 3.379360790786657964e-01 3.003941206784995988e+00
-5.759958149360253632e-01 3.108348491593739826e-01 2.873426360320044282e+00
-4.682761739267349843e-01 3.872260463699315758e-01 2.900515820701257574e+00
-3.792645342191414692e-01 2.451315147550637841e-01 2.916834062158787155e+00
-2.871399924817819582e-01 3.043015684816178790e-01 2.592906278638806850e+00
-2.144539241618218517e-01 2.604527413215340093e-01 2.652686429244624833e+00
-4.033658257669085062e-02 2.574794718435202134e-01 2.668971529052618585e+00
6.420510902226016225e-02 3.843292987186123222e-01 2.741895511132252494e+00
1.672671457746006118e-01 2.868332211143811428e-01 2.504025908361582342e+00
2.657677293555985587e-01 2.241929682409838642e-01 2.524906915479341318e+00
3.345791745763458391e-01 2.513534418125347725e-01 2.447109548549191604e+00
5.305144330499004246e-01 2.909037142503497764e-01 2.567906771274150124e+00
5.664338673719714334e-01 3.726099837690041716e-01 2.507746121645099358e+00
7.664190423292309706e-01 3.206460443798127558e-01 2.500986072822599660e+00
5.516199635543493907e-01 2.679975436960833624e-01 2.388423046988344289e+00
5.489612701853207044e-01 1.389834729382000422e-01 2.180821960867667109e+00
3.791493325060901198e-01 1.721873190849161905e-01 2.240146043748750593e+00
3.216424086524342640e-01 1.636773829618496379e-01 2.410386121352309896e+00
2.389254783053483822e-01 2.317041677506631314e-01 2.361434986909414668e+00
1.236239853640249409e-01 2.431541042394213814e-01 2.497373207362087566e+00
-4.589783289584830478e-02 1.897710687725684131e-01 2.398271744231716962e+00
-1.326248133299196275e-01 1.567942144667525961e-01 2.519498220778827235e+00
-2.202131374445379375e-01 1.314266597285952409e-01 2.558070789562957970e+00
-4.522146110505970706e-01 1.692725523749631922e-01 2.513079166140590015e+00
-5.435852287085731760e-01 2.424776360769822225e-01 2.707846609363670165e+00
-5.837783723252861767e-01 1.439590058882187218e-01 2.652868987499867881e+00
-7.170172238944577670e-01 2.369856684717187578e-01 2.863967398335554915e+00
-7.971233497066988472e-01 1.498780156323661628e-01 2.719107499646501669e+00
-8.444604960445165620e-01 2.398840731299944351e-01 2.919200265420564655e+00
-9.797492189033386589e-01 1.641717432472338811e-01 2.832699613164436858e+00
-9.989181402919597996e-01 2.230562811951078694e-01 2.944655067699758266e+00
-9.267902036511376229e-01 6.426573827985757048e-02 2.914988974811211442e+00
-8.495560906632482201e-01 4.652496492340674195e-02 2.843395961379553416e+00
-7.307184698047982652e-01 1.797593817788087703e-02 2.859647160195463389e+00
-6.478802163011978532e-01 -8.102992348899657263e-03 2.793585742396923699e+00
-5.054511252370295082e-01 4.831364416208919210e-02 2.949691007327878811e+00
-4.397063599910607246e-01 -9.639794676944896112e-02 2.695685413534743891e+00
-3.415812115819417127e-01 3.979085257725775704e-02 2.793520245856208284e+00
-2.726813165002405781e-01 -2.611701145890763312e-02 2.637833943130874381e+00
-1.409155187883202043e-01 -8.708253726255714422e-02 2.641130075944812194e+00
-1.141966692537268874e-01 -5.305666361667183556e-02 2.914290101537666544e+00
5.943011238380117855e-02 -6.807171137655508575e-02 2.593203092220932593e+00
1.068805361068828480e-01 -8.275015368368598967e-02 2.454397374950251010e+00
2.502011345164116829e-01 -7.850909811381259762e-02 2.508798783846020175e+00
4.147842638164767615e-01 -8.170183118931352573e-02 2.474459373088249592e+00
4.750073718499048248e-01 1.156715556520950157e-02 2.445241843771399637e+00
5.002522446077686258e-01 -9.088747040725810022e-02 2.341453428906272283e+00
4.954311145483659140e-01 -2.198570693328858183e-01 2.296997969131804318e+00
4.823873777186710732e-01 -3.176822623892751052e-01 2.316931706414527170e+00
3.813050089343678062e-01 -2.958900044389770612e-01 2.331007715180256845e+00
3.399829702916349339e-01 -3.258461793554776054e-01 3.281528856815755457e+00
1.178479736443373976e-01 -2.067913332885044364e-01 2.555999521145974285e+00
7.034808577897040671e-02 -3.080020152779633369e-01 2.719327261878868640e+00
-3.532359661999037725e-02 -2.716927147471317472e-01 2.498972822683797279e+00
-1.749715173146307035e-01 -2.248712928764390884e-01 2.566065919051056188e+00
-2.059320338925175464e-01 -1.884387244336309664e-01 2.608427852019841175e+00
-2.191176953337540534e-01 -2.855116009759993689e-01 2.853916005924942212e+00
-4.383007483989058151e-01 -1.555679908991991489e-01 2.744408975963794628e+00
-5.226107052398211161e-01 -2.359593533786308317e-01 2.815654369354883890e+00
-5.427350574184025556e-01 -1.371940602820524990e-01 2.892239271619307051e+00
-3.096914354538954917e-01 -5.141552921718263447e-02 2.923657439623339460e+00
-2.980784947704570031e-01 -2.611225810405135364e-03 2.754236920379408371e+00
-1.710719139489407237e-01 -2.775606344647770646e-02 2.841318906818890877e+00
-1.636005534542645801e-01 -4.684869050280588212e-03 2.713643538700135860e+00
-3.301693105158223090e-02 -1.554130727836258719e-01 2.713194601803619932e+00
1.668493577673222650e-01 -4.846169762018824601e-02 2.778127231195436142e+00
2.052309810465482443e-01 -1.663743185498009758e-01 2.658068767546211131e+00
2.994683488962918694e-01 -1.250137989745078726e-01 2.701243028782758682e+00
3.754270699800246192e-01 -1.685635831401997298e-01 2.525879969820224780e+00
5.134910022770108329e-01 -1.850196079715463737e-01 2.557393851290347353e+00
5.135413992353317081e-01 -8.311792222731478885e-02 2.322998768532503089e+00
4.878182874522754009e-01 -8.616854693820596989e-02 2.398598331441870624e+00
5.133731767710500993e-01 -9.322242122266594100e-02 2.564071135710902283e+00
8.153195850343356588e-01 1.266319588069416031e-02 2.805832180497271455e+00
7.582890728967263128e-01 3.794981273414717304e-02 2.744279107482310298e+00
6.858542781571124181e-01 -3.722983677824040494e-02 2.699639218365615267e+00
6.112442005089173680e-01 6.142813687845626036e-02 2.989373482212415389e+00
5.011147720580444442e-01 -5.366010502533434534e-02 2.905165931925048461e+00
3.783050819535204723e-01 -4.805944193902821071e-02 3.000496819447744823e+00
2.793047190069852248e-01 5.864074259133673916e-02 3.024038559256350123e+00
3.353257872359741709e-01 7.742930003691102236e-02 3.091149533323282572e+00
1.784561317019277560e-01 -2.658300890686772153e-02 3.146907409014716883e+00
4.724468338088579772e-02 9.201944269002565457e-02 3.059005872845758311e+00
-9.760498354610434857e-02 -2.912008149179647065e-02 3.029418707337943495e+00
-1.605968134910802092e-01 -1.231839597712612450e-01 3.231986238651121557e+00
-1.879195117029018591e-01 -8.307915688906906959e-02 3.266795895892425250e+00
-3.314464548442767611e-01 4.079475561390810689e-02 3.401533042937544771e+00
-4.860241100461601960e-01 3.460293256820046875e-02 3.289373227128139732e+00
-5.002104830839579908e-01 1.443279783093857627e-01 3.408777709691928948e+00
-5.572349643533696106e-01 1.218555790424099700e-01 3.491280345397625773e+00
-7.702939101995338600e-01 3.702789492960063128e-02 3.449308935054533620e+00
-8.416396145925428840e-01 1.277988231484376569e-01 3.460063545102920024e+00
-8.310298321095946905e-01 2.422101601997217468e-01 3.351068929444361633e+00
-7.439191403013287740e-01 2.841809309530565208e-01 3.180078152311936357e+00
-5.325873858720026055e-01 2.116538010788207580e-01 3.429692705034448785e+00
-4.846882094463176860e-01 2.227164241986250848e-01 3.400262145181648155e+00
-4.243035525272789155e-01 2.961603953101494824e-01 3.237877052706513936e+00
-3.606336119309829780e-01 3.445659230800829920e-01 3.076580852956697143e+00
-2.276349539963474500e-01 -5.620241058458877448e-02 3.596927792643164423e+00
-1.665385174682512681e-01 1.475484988082156612e-01 2.949326144178480380e+00
-6.192582620633511892e-02 2.395715748222605190e-01 2.936860569488149775e+00
4.408729429449763371e-02 1.884454713900986234e-01 2.905317941074330168e+00
5.401324903994603882e-02 2.708934075684576448e-01 2.854202208776121630e+00
2.160699909379844852e-01 1.827732734519005309e-01 2.853414182380556774e+00
3.068028169215499257e-01 2.897413272097408843e-01 2.766280898265369270e+00
3.909334139964382171e-01 2.791624670756472915e-01 2.739355371714378151e+00
5.474587467669140839e-01 2.976187945401239099e-01 2.752240420763795825e+00
6.363780981985883711e-01 2.974158109565999686e-01 2.724691011431398024e+00
7.563481706639701985e-01 3.370514600220739787e-01 2.697673654596081771e+00
7.797543612123877255e-01 2.949748562390866469e-01 2.527513205928784146e+00
8.459538722047407200e-01 3.389770874944284529e-01 2.715577891580253755e+00
7.688562908549323449e-01 3.556788401226161356e-01 2.604885210116224314e+00
6.562939659328458353e-01 3.004441141388022873e-01 2.837466679952041826e+00
5.504747544519090763e-01 3.300449296101816699e-01 2.890456946408554995e+00
nan nan nan
3.940841180192137250e-01 3.662803306165093309e-01 2.845095906045626233e+00
nan nan nan
2.447973651974731102e-01 2.442872669218459081e-01 2.940177959411347075e+00
1.366373010393637233e-01 4.012585566760759614e-01 2.955181411025621152e+00
4.417225471560332073e-02 2.540370696019543240e-01 2.921705978637274104e+00
2.231013256067532896e-02 3.656686377907358287e-01 3.044345993795375183e+00
-1.298801866771668312e-01 2.802494781482330333e-01 3.020647280857466033e+00
-1.966860727309454326e-01 2.506424596931209892e-01 3.076028143336356546e+00
-4.602868548340476318e-01 2.612527172043865864e-01 3.402340376317232629e+00
-5.733256171444014448e-01 2.608287459419716958e-01 3.399988534395792072e+00
-7.504382946756179562e-01 4.264768555606853750e-01 3.170121720743088289e+00
-6.449308842366798800e-01 1.870589380455056350e-01 3.150595789562206317e+00
-9.411363913775762091e-01 3.210606284261648957e-01 3.305438980573549568e+00
-9.840121904400701558e-01 3.383718760008080917e-01 3.359261500246714771e+00
-9.593775898276686309e-01 3.939971877653184462e-01 3.140221767772273687e+00
-8.687365710553274223e-01 3.442310474611514071e-01 3.219371956788647626e+00
-7.845277715941368912e-01 3.673916373926485734e-01 3.007065375348248804e+00
-7.420183672763291938e-01 4.378862863386628335e-01 3.129494341280488978e+00
-6.447026504487284315e-01 3.374668989994933366e-01 3.036511366830604075e+00
-6.410691217235969797e-01 4.319144826580038066e-01 2.926044346236268634e+00
-5.489794583496296898e-01 3.995589393972441283e-01 2.814094163357593548e+00
-4.867898246909524440e-01 4.631146992794032413e-01 2.896732187514621248e+00
-4.155957533574191065e-01 3.298774919683087892e-01 2.853006277507983857e+00
-2.712624556119745955e-01 5.118148673646766289e-01 2.811581219554342148e+00
-2.083461782041572397e-01 4.570407699286802572e-01 2.731520947821277634e+00
-6.051757325288330963e-02 5.175819495057835118e-01 2.903509474570328042e+00
2.593397859198341010e-02 4.427888017160400147e-01 2.821883800337792181e+00
5.113245700824024451e-03 2.833427467237481512e-01 2.596048607034458833e+00
1.509633956999866244e-01 4.566329640795340761e-01 2.637484649216604193e+00
2.344769733569418146e-01 3.546374140350976867e-01 2.509288709922101290e+00
3.391881677218417379e-01 4.630236489041247294e-01 2.558921501788057107e+00
3.907151239948785104e-01 3.598435075186364185e-01 2.468113467053766996e+00
nan nan nan
5.703936351244355274e-01 4.334308765959102860e-01 2.472987453895059584e+00
7.796992947429716159e-01 3.502404124056728851e-01 2.506563524976703317e+00
6.825269228545651767e-01 3.428869042702912817e-01 2.339252822234579643e+00
nan nan nan
nan nan nan
nan nan nan
5.105100743823332010e-01 5.081695688888843154e-01 2.380700261058653400e+00
3.152219811830825336e-01 4.765337456823868223e-01 2.268858219435737400e+00
2.544102457417293239e-01 5.636678387363038834e-01 2.511398658085372659e+00
1.456165137186691549e-01 5.124594106773253666e-01 2.361393307034029387e+00
9.073236114603469571e-02 4.537548010377885910e-01 2.486346713447310730e+00
-4.220849370736930867e-02 5.207414930980306389e-01 2.609690897115794606e+00
-4.690256959871724751e-02 4.883931853250526589e-01 2.572505585406937190e+00
-1.064350897894787706e-01 5.512761063480956514e-01 2.650433342009656190e+00
-2.369400608136919828e-01 4.879490981210908851e-01 2.630990557826569987e+00
-3.647032237254508868e-01 4.942404226855324767e-01 2.586698693367972091e+00
-4.497022915575352164e-01 6.487305355202687140e-01 2.645989190530554591e+00
-4.484980283419411351e-01 6.438677425499899076e-01 2.680362530477144123e+00
-6.476217275209217306e-01 5.559144712669866761e-01 2.734301630938481331e+00
-6.744780491297384106e-01 5.545325519983583806e-01 2.707667129028245689e+00
-6.030289871618229602e-01 4.230428800242715393e-01 2.566943866132199492e+00
-5.027836019137271739e-01 3.972874343879558845e-01 2.598077498825971166e+00
-3.425958313278654743e-01 5.273628497026823236e-01 2.565995256786501422e+00
-3.116345354940084356e-01 3.833748469788427760e-01 2.527772761244523103e+00
-2.750725251804613802e-01 5.098405023278257397e-01 2.486258941351998875e+00
2.363083226723241420e-02 3.458990689286330356e-01 2.220723923905548958e+00
1.708564832910371145e-01 3.727403095106525122e-01 2.328373514665969424e+00
2.386864315336955367e-01 4.824466256182993740e-01 2.285337749280903719e+00
2.887218532035109586e-01 4.143616990127505506e-01 2.103038180247697841e+00
4.532222071546389008e-01 3.711730232723348677e-01 2.114334324235742635e+00
nan nan nan
nan nan nan
4.049529836779034442e-01 4.114559251687929242e-01 2.078685111280824671e+00
3.240807874817827616e-01 4.613185646427379605e-01 2.162010808780408411e+00
3.092360073009776666e-01 5.363741593441051503e-01 2.299469895065382907e+00
2.143265838706003568e-01 5.230217251113327137e-01 2.260061217311829296e+00
6.625052369962865229e-02 3.767871289346640951e-01 2.216346763385671270e+00
1.083797333037985894e-01 4.303598014817309747e-01 2.239256796022589757e+00
1.405171330672366770e-01 3.685952575331898906e-01 2.012861893419428228e+00
2.434856204020975357e-01 3.302045084436693867e-01 2.046951089670593582e+00
3.339776232166201120e-01 3.378702797362624355e-01 1.933523799306292146e+00
4.606310229060386896e-01 3.056651906201700575e-01 1.929449145887337957e+00
5.578245545356016466e-01 3.536637363407194590e-01 1.903651236742931019e+00
4.391327279332856159e-01 3.502430014187994933e-01 1.932949702998979946e+00
4.451528429828365829e-01 2.356274652600722774e-01 1.921403374422156585e+00
3.706447271248764497e-01 3.445174513240661374e-01 1.977862203969456889e+00
1.855341550021108454e-01 2.886556427480856946e-01 1.955056116061598237e+00
8.963604289327987973e-02 3.086279701219045712e-01 2.103859545937325048e+00
3.913123507826785086e-02 3.767132590934535452e-01 2.053048402109953763e+00
-5.040389492964635759e-02 3.740435024149865728e-01 2.102805410938612507e+00
-1.399971525999478272e-01 3.885622516251321934e-01 2.119737830985810589e+00
-2.141119543201245867e-01 3.377559270594848173e-01 2.096173933511964904e+00
-2.892874458747268229e-01 2.621949370056440021e-01 2.361893927549285621e+00
-3.800964554774328152e-01 2.004593817657419619e-01 2.256143900300371374e+00
-4.711471682927940163e-01 2.771495249757833235e-01 2.326922607433620005e+00
-4.754538109172006810e-01 2.404170407899954287e-01 2.342666757463050864e+00
-6.118906245220727680e-01 3.814954942325950449e-01 2.311569465004667201e+00
-6.725325866789115814e-01 2.457008790725579706e-01 2.385077339611379799e+00
-8.457598344146012304e-01 3.155852157117586820e-01 2.328200673671650733e+00
-8.100271064226048923e-01 2.547277547856521829e-01 2.462666417616093728e+00
-7.696921679600227106e-01 2.033651629847537390e-01 2.441569984889436107e+00
-7.227898465078415047e-01 1.503179293896891588e-01 2.304581235258563954e+00
-5.997496487475233451e-01 2.674274942541842170e-01 2.259918650138471374e+00
-4.863154250216218943e-01 9.909581798791904095e-02 2.264486429932488054e+00
-3.259252325206367651e-01 1.131578756870189884e-01 2.344065116921995706e+00
-2.497208267051345409e-01 1.161310960253329472e-01 2.313610593330904575e+00
-1.845089433250064193e-01 5.761222777297456132e-02 2.180021261714148118e+00
-1.409937435880391499e-01 1.627146278659297451e-01 2.016431295514637956e+00
-5.887870927650080272e-02 2.090458337884623652e-01 2.184889881503681686e+00
3.209110521033382152e-02 1.269567398068687514e-01 2.107561337034977722e+00
1.214773245463653950e-01 1.457705946025823485e-01 1.930311225932423547e+00
1.988333674041354304e-01 7.038078556242917394e-02 1.917190689432751061e+00
3.528747918757732527e-01 6.359405889310042193e-02 2.039986763828783189e+00
4.541040461888118385e-01 2.160673959738340921e-01 1.988755753098705004e+00
5.014556703679040606e-01 1.487087618352372076e-01 1.880467104814275814e+00
2.103285011019937478e-01 8.066009725749120896e-02 1.860776866356206982e+00
1.649777280043535355e-01 3.466902491811000436e-02 2.014529884989455066e+00
2.127056825267088433e-02 4.843805943273857967e-02 2.022203145283153702e+00
-1.213657533147272614e-02 2.671432845718017812e-02 2.027884780475281978e+00
-1.147161554701342373e-01 1.716870728468999630e-01 1.999956199612871632e+00
-1.831668436814246348e-01 1.398300572438130641e-02 2.156080383007253243e+00
-3.216812980793923860e-01 1.618266627742032115e-01 2.083613195844431498e+00
-3.751313814749268616e-01 3.254023032188295417e-02 2.206463927886987531e+00
-4.721389137553619886e-01 8.501240661551366651e-02 2.143682267706371825e+00
-4.454604933658724564e-01 2.248770623208808106e-01 2.253938282665861159e+00
-5.801786006511764349e-01 6.852647992793110820e-02 2.211191385913954033e+00
-6.546409807295769934e-01 1.551403700133356101e-01 2.394885460866106985e+00
-6.966319976324512053e-01 1.032055048119831370e-01 2.472114271231305782e+00
-8.362865282513393117e-01 1.797706573628826410e-01 2.322304786571756541e+00
-9.009070897739764883e-01 9.104366833705339335e-02 2.366903280894682826e+00
-7.623096717513925258e-01 -8.075680187616318673e-02 2.464225115104919706e+00
-7.275562962751535023e-01 -7.372725292681156506e-02 2.413680136984510227e+00
-5.375706694275276254e-01 3.408934071619695860e-02 2.420684655378528394e+00
-5.253732902005634475e-01 2.634491268920233567e-02 2.427615604649219438e+00
-4.889404331057934372e-01 -4.806562854927579065e-02 2.273529026498966488e+00
-3.361493554373460313e-01 -5.879658521143718564e-02 2.360932254590497603e+00
-2.555589948194194050e-01 -6.257747445588136836e-02 2.395887272727117434e+00
-1.202560650268005848e-01 -8.820669895820187900e-02 2.238562104406448761e+00
1.634772060389719575e-02 -9.220054771942222394e-02 2.177009719147855460e+00
9.546672220730613445e-02 -5.944750546271312247e-02 2.169366151256461261e+00
1.850872633954863400e-01 1.740322186730154305e-02 2.062422568680030377e+00
2.780512213933423182e-01 2.951955050417980411e-02 1.959240763235141625e+00
3.892928739772391067e-01 1.228017484579153884e-02 2.030146820364322036e+00
4.884320918986800875e-01 -2.256717186357497240e-02 1.874311177525386451e+00
4.285934559070009864e-01 -1.346066117497296266e-01 1.893154321987736477e+00
4.399514020487155230e-01 -1.101292989426336105e-01 1.890236233256000986e+00
3.752143037772097678e-01 -2.095717034026444159e-01 1.829865884057453318e+00
2.758732981627245451e-01 -1.594305905200638640e-01 1.879088686847002032e+00
2.013757199206084036e-01 -1.176321391348621737e-01 1.958021308424447771e+00
1.042656822878196693e-01 -1.305771946785006798e-01 1.989174944425812885e+00
-2.388642796206671623e-02 -2.353087101111727419e-01 2.291277871568656810e+00
-5.980113154801248304e-02 -2.500184037651094204e-01 2.208058281141785262e+00
-1.991365005966533597e-01 -2.279478966432789966e-01 2.274412987999820057e+00
-3.131833627729176395e-01 -2.348352422896405056e-01 2.272199847984197163e+00
-4.555054585113631482e-01 -1.361673247670569797e-01 2.241753927864084783e+00
-5.314878366421723621e-01 -1.296498331530958337e-01 2.400375096630495531e+00
-6.306980058244104903e-01 -2.094608118734711255e-01 2.317545940988936071e+00
-7.325787352679534736e-01 -8.636890469917171687e-02 2.426660126559314179e+00
-8.102266029179714391e-01 -2.139979891785234456e-01 2.468067934526200435e+00
-8.411320009152855048e-01 -1.846020144242409289e-01 2.447375421467289147e+00
nan nan nan
nan nan nan
-8.542845581435195568e-01 -2.326889003735666261e-01 2.724473552313643410e+00
-8.250054666949728777e-01 -3.150443978504605114e-01 2.655610143527106448e+00
-6.552477722786624881e-01 -2.002889758038254309e-01 2.602862069560768266e+00
-4.110667134899763098e-01 -2.016310285631408017e-01 2.493025053720005602e+00
-3.208614225040234968e-01 -2.014359933047936979e-01 2.359433559877953890e+00
-2.346501937460237774e-01 -2.671724383522646740e-01 2.312098078620235420e+00
-1.422953396448786156e-01 -3.719552158759512617e-01 2.557375750764173006e+00
-2.356832932830381366e-02 -3.814554736665400902e-01 2.997022581985966827e+00
9.270518669088063934e-02 -2.350596115657168639e-01 2.279698509860820455e+00
2.133356051375756846e-01 -3.602774750446493535e-01 2.240414918897147167e+00
2.434219428231896576e-01 -3.750299498908604701e-01 2.125084002876623135e+00
3.408575159575953917e-01 -2.866623403346064691e-01 2.013157054812350299e+00
4.743598165075911255e-01 -2.792589489766258981e-01 2.105941555717759428e+00
4.276615440686996616e-01 -3.867262391648802478e-01 1.997203654209930068e+00
3.695406178530031283e-01 -4.521222130935493855e-01 2.071705013934121098e+00
2.456131940933897473e-01 -3.297902436501901069e-01 2.121020597276142006e+00
1.871874103630787045e-01 -4.210609631185499580e-01 2.091962163309053935e+00
1.335926411515659107e-01 -4.107218145506207341e-01 2.290474612242207275e+00
-2.973623410665012651e-02 -4.104523292984917915e-01 2.237946438656321479e+00
-7.591850044773595929e-02 -3.944865796912215283e-01 2.363104268957385123e+00
-1.469084869715764075e-01 -3.092671675439981338e-01 2.397762745805276374e+00
-2.636031900217187807e-01 -4.426700947338809145e-01 2.390925793446137426e+00
-3.298306374816339925e-01 -4.267746140518760001e-01 2.433856107552237802e+00
-4.183126874939027684e-01 -3.577035679563765891e-01 2.412475823670551023e+00
-4.188385539433671090e-01 -3.590365934277611193e-01 2.553419271754031605e+00
-3.071648562215595346e-01 -3.675218333156810568e-01 2.439381013582192281e+00
-2.278023688895295384e-01 -2.298261056022039006e-01 2.539334519199055951e+00
-1.171945630197240434e-01 -4.150635978947008753e-01 2.522471437901032232e+00
-1.574868322906255169e-01 -4.145265821977169307e-01 3.372290983861736091e+00
4.143674384887637702e-02 -4.025415769980890124e-01 2.900872770931326006e+00
1.522292495776482735e-01 -4.272474147772439834e-01 2.419386001895126537e+00
2.518656314693559772e-01 -4.157819583322332480e-01 2.287509514663082388e+00
3.861688831029373437e-01 -4.566997458157706080e-01 2.301263888542076863e+00
4.837885412132955643e-01 -4.196322629149588090e-01 2.296932622734281448e+00
4.874060646595571589e-01 -3.668757627791562337e-01 2.171286776784801198e+00
4.672027814971744797e-01 -4.014241249797572131e-01 2.303104531297079927e+00
3.450490451971215400e-01 -4.185678260865970945e-01 2.224356457885170890e+00
2.461581242567026095e-01 -4.376906542089487040e-01 2.307351851727417191e+00
1.607637621472065848e-01 -3.928894562923973544e-01 2.363012711250438880e+00
8.958764657484957761e-02 -3.548699028356979146e-01 2.501925417623350967e+00
-1.001903067908359660e-02 -3.790381168069826279e-01 2.853421346029763939e+00
-9.253606703981437365e-02 -3.372992918490525516e-01 2.498292348260165774e+00
-2.311939934206776737e-01 -4.828582093930095520e-01 2.683929451939259359e+00
-3.121724141205104441e-01 -4.685427140870938034e-01 2.540533002214122149e+00
-2.576427173290952721e-01 -4.869320993005983311e-01 2.652423002406100849e+00
-4.250868141690732904e-01 -4.640799846463683487e-01 2.589468278130029333e+00
-5.548859081090601331e-01 -4.161536481089415651e-01 2.692310470061530125e+00
-5.712474925835546724e-01 -4.405971803022455391e-01 2.705295839921521672e+00
-6.570232052352374952e-01 -5.038055035217290367e-01 2.876241672611667521e+00
-6.976473774453472165e-01 -4.899420249109086578e-01 2.838405436718120178e+00
-7.825008566669967580e-01 -3.101803432798564963e-01 2.867189514498439618e+00
-7.286933340118840752e-01 -3.922550005625584091e-01 2.878931240829224247e+00
-5.775138027856011602e-01 -4.217348543236109082e-01 2.956324219596835334e+00
-3.592389839916753091e-01 -3.238883951042086373e-01 2.700426904738603806e+00
-1.946908913436889987e-01 -4.637607239429337169e-01 3.003053403825052925e+00
-1.324938061363849506e-01 -4.198060244615647862e-01 2.577464723193092500e+00
-5.199256055255007530e-02 -4.654503226906452906e-01 2.694821953542921644e+00
3.820353800427764984e-02 -3.680112173159711952e-01 2.647220761842381531e+00
1.582585117235214001e-01 -3.429593914293594947e-01 3.149164776338008842e+00
1.847971041657210933e-01 -4.420337131995276669e-01 2.623576221344313453e+00
2.655087481961814766e-01 -3.712956095827723013e-01 2.537751102263682057e+00
4.683909183194966408e-01 -3.895971812046115645e-01 3.494461716065730972e+00
4.724861623415151923e-01 -4.518553131796521072e-01 2.439135750573190986e+00
4.917514534423917394e-01 -4.096613609356471453e-01 2.264405432444064115e+00
4.776649347517918365e-01 -4.139465164500183425e-01 2.405875329609139079e+00
nan nan nan
4.900306052156555570e-01 -3.166400610729352971e-01 2.507384045616864121e+00
4.282134839925393899e-01 -4.611390104169703075e-01 2.562458940778197913e+00
3.654433847474884423e-01 -3.330013915526949253e-01 2.650012827523523740e+00
2.565778447035576004e-01 -4.626682686661336974e-01 2.620518633816424803e+00
9.780853956540720706e-02 -4.351668492405100230e-01 3.207201108230621767e+00
1.876195000861903854e-03 -4.175208466160628684e-01 2.803124060195765210e+00
nan nan nan
-1.983516878940964900e-01 -5.230514268671710987e-01 3.059990866460833292e+00
-2.382053586038347381e-01 -2.911573171239638103e-01 2.804322541361668364e+00
-2.258714481241244909e-01 -5.139187511466766223e-01 3.065248510214000355e+00
-2.988504302960194314e-01 -3.196392679731419606e-01 2.793976098793915064e+00
-3.953315190410691127e-01 -5.422012550279715626e-01 2.945865217144300718e+00
-5.740762000848769198e-01 -3.409738718713035133e-01 2.906008809977025820e+00
-5.950638748600451944e-01 -3.020961212380572358e-01 2.996383305278153220e+00
-7.760465674375243150e-01 -5.588707194074337137e-01 3.260463036650802504e+00
-8.086785905495416094e-01 -5.324235100827113820e-01 3.248781202250228262e+00
-8.040816682108773428e-01 -2.319486212698360361e-01 3.252421356519156426e+00
-7.899027026664044993e-01 -2.718294962702915707e-01 3.356778158322098360e+00
-6.042631928087444093e-01 -1.859427376960713085e-01 3.051075329616554033e+00
-6.233134911866222705e-01 -3.328492772607403727e-01 2.981366033132275550e+00
-5.611251037023915478e-01 -3.256394395295347799e-01 3.043303152114579024e+00
-3.490272127414413283e-01 -3.607819055492755833e-01 3.173180896124759620e+00
-3.574541316556061887e-01 -4.249741198967254552e-01 3.047644736763818418e+00
-1.422267143442242088e-01 -4.761433618341590068e-01 3.831979275261589546e+00
-2.190023734195139515e-01 -2.372002578906650672e-01 2.864269390268623816e+00
-3.233051609002336735e-02 -3.428160650621265293e-01 2.943337644953488486e+00
-8.168519475493381254e-02 -3.208291690244901018e-01 2.794581272497854929e+00
nan nan nan
1.055029397025778193e-01 -2.474937547658901393e-01 2.724097793968826231e+00
2.937170540459138612e-01 -4.005769247052874404e-01 3.364455566905898198e+00
3.632760870757419380e-01 -3.296123939178838280e-01 2.789536926604938127e+00
5.321603198198755491e-01 -3.203682056944944789e-01 3.154950144514882648e+00
5.238037054348022581e-01 -3.859488925048146779e-01 2.768210889140738651e+00
5.168303967280954980e-01 -2.446481374630953831e-01 2.508489457921720955e+00
7.624963674086316923e-01 -3.085465160162158549e-01 2.595793511411244481e+00
6.799731222041192069e-01 -2.031089490756403937e-01 2.538377218436054239e+00
5.145258485521676528e-01 -1.759589490709018988e-01 2.498023709012271443e+00
3.097831495000337720e-01 -2.988548618341666518e-01 3.282570593040344153e+00
1.828136142435229927e-01 -1.585360567113365815e-01 2.821497736020260216e+00
2.872130137824773985e-02 -2.663657520774846965e-01 2.780858669815897244e+00
-6.159205977030279833e-02 -2.935011397162715641e-01 2.800785689318253890e+00
-1.636869282875748899e-01 -2.928290288836575828e-01 2.844383742457458730e+00
-1.871754843240449606e-01 -3.060211052643005969e-01 3.210763310141520055e+00
-2.643240020106639165e-01 -4.612461812779179993e-01 3.023213811045076138e+00
-4.273580358919117916e-01 -2.933524056713976980e-01 2.893874689329940519e+00
-5.086936130830066460e-01 -1.729290920353285244e-01 2.858012961393736173e+00
-5.815830397882701952e-01 -1.310160745053869924e-01 3.191724804255827497e+00
-7.868339609995845807e-01 -2.636901687751980750e-01 3.278097334660569739e+00
-7.913123094048699624e-01 -2.608486090860327455e-01 3.372822974846617416e+00
-5.751004573979218160e-01 1.739263501526879668e-02 3.297719532903718775e+00
-4.886107688830855222e-01 -1.847050776574225561e-01 3.292391685937057222e+00
-4.140211729562910392e-01 -1.276311323490597616e-01 3.349066092047271237e+00
-3.921483548632880844e-01 -1.956919979638547524e-01 3.063263445794890849e+00
-2.959845078839306032e-01 -2.519445595771495072e-01 3.043542785540048978e+00
-1.508709480827560290e-01 -2.177802852578820947e-01 3.226543569847353687e+00
-1.013048735716879506e-01 -2.045310580801377176e-01 3.289040585613139722e+00
7.515874131586361244e-03 -5.817972315046460174e-02 2.998666124909575625e+00
9.774231230090411893e-02 -7.919323713931998576e-02 2.957347349486885602e+00
1.870778589223445754e-01 -1.608455450896210948e-01 2.844922499875618183e+00
2.843764139978547933e-01 -1.823743330152833020e-01 2.760999656255895829e+00
3.794542111599408796e-01 -1.026875410151088380e-01 2.826180876615330018e+00
4.725517352736390841e-01 -2.080438814077261722e-01 2.872185062753102258e+00
5.873465992127636648e-01 -3.206570310495996529e-02 3.041569919186427384e+00
6.029364970749352404e-01 -2.335766040441167313e-01 2.751322617784827340e+00
7.017748283429832146e-01 -1.362033503143658675e-01 2.634372669687279345e+00
7.486332388272224359e-01 -1.560100093310118896e-01 2.580241919788157201e+00
7.767162309685021748e-01 -1.311206620072024806e-02 2.871201283412902594e+00
nan nan nan
5.046947016140836961e-01 -4.213342267861577839e-02 2.859910400237060113e+00
4.294121166781207366e-01 -6.226244135155241388e-02 2.844322625017618122e+00
3.327396273966432005e-01 -1.493590169993033734e-01 2.751101902453981118e+00
3.382501091744484212e-01 -1.235748576119715808e-01 3.094780515750727989e+00
1.787160192194276465e-01 -1.689178102490868916e-01 2.928509509660154553e+00
6.847195578954022588e-02 -1.440864811361551867e-01 3.006143181098836159e+00
-1.799503077290803554e-01 -2.823148762816649615e-01 3.187853276399422953e+00
-1.644685837536449535e-01 -2.597623810682989087e-01 3.054920429970777729e+00
-2.665059443279076401e-01 -6.201491805183030614e-02 2.963768014360065983e+00
-2.855876867603724389e-01 -9.543763620405645853e-02 2.952971118382248683e+00
-3.916846033278109096e-01 -1.610625604686680796e-03 3.284576666451590299e+00
-4.275558438828587215e-01 2.190627264619768658e-02 3.301941351581093809e+00
-4.547521100127136506e-01 -1.465136151147374000e-01 2.991475390383567579e+00
-4.035426179606860786e-01 -1.816935770264504202e-01 2.840476483017116305e+00
-3.105863892259865255e-01 -2.561340117058819588e-01 2.808766867227278752e+00
-2.031210778110910109e-01 -9.304626912861652110e-02 2.849600343880127173e+00
-9.390390889304825461e-02 -1.357205406586247387e-01 2.825166941249741548e+00
-3.738494303682372844e-02 -1.402296499976729005e-01 2.857781977994116485e+00
2.466294332929214531e-02 -1.236034117571321034e-01 2.611806014832097400e+00
3.136782895102107060e-01 -1.800587406336123797e-01 2.574752707271014351e+00
4.072239766560047936e-01 -2.446917865982232987e-01 2.501858099137465263e+00
5.114457756490481399e-01 -2.620578986782888808e-01 2.513591380225706384e+00
6.663408075167300826e-01 -1.978062269047089483e-01 2.480721833464301085e+00
4.619281754892323733e-01 -2.229478592185416275e-01 2.371574856791228481e+00
6.421255509151486685e-01 -1.894743788359683212e-01 2.345663225142050390e+00
4.725682641514524773e-01 -2.477859330135570304e-01 2.175489216550985372e+00
3.774267958833579795e-01 -1.976555229301567573e-01 2.241142055539980582e+00
2.536635105031548321e-01 -1.840311513976101987e-01 2.325870376531031347e+00
2.084604725940676084e-01 -1.933099367525573653e-01 2.365916226739857908e+00
2.429183324873756544e-01 -1.812082447483033543e-01 2.577683622306901956e+00
2.152832304037645972e-01 -2.021823461424265556e-01 2.676308402161338584e+00
-7.015282806829220563e-02 -2.551617463009813180e-01 2.479424829481069903e+00
-1.374564236514940474e-01 -2.473661809924818100e-01 2.500641401293650645e+00
-1.684846892707322907e-01 -1.815374580474317379e-01 2.513389366982936135e+00
-2.991144174337765360e-01 -2.155162497573638036e-01 2.729964525214349624e+00
-2.799661562405885706e-01 -2.275079561576299758e-01 2.880989828393898389e+00
-3.759915180781256416e-01 -2.649162576029652216e-01 2.663353322927568989e+00
-5.182888690245602836e-01 -2.867465740934531104e-01 2.780927093852647136e+00
-5.937794151578976720e-01 -1.617170615936971145e-01 2.838360682615812092e+00
-7.523835125861344508e-01 -1.782423525008229592e-01 2.799162994316716002e+00
-6.793827786452237838e-01 -1.272760799686441791e-01 2.658639575357390594e+00
-8.169038442989540183e-01 -2.810329967837305043e-01 3.228811148634311845e+00
-8.269746230063412806e-01 -1.706144231447167259e-01 2.917104230394607978e+00
nan nan nan
nan nan nan
nan nan nan
-7.845456267434025577e-01 -1.216902852822949743e-01 2.810654383749157770e+00
-7.567589014838389527e-01 -2.560527262754195843e-01 2.723919685257086609e+00
-6.300047425078147967e-01 -1.362180098015207952e-01 2.799454250853896653e+00
-6.290936441982843963e-01 -2.160720054015665692e-01 2.622187996978476487e+00
-4.503392062062029910e-01 -1.295658547594256138e-01 2.699821974364552624e+00
-4.316730487029032393e-01 -1.897070273478555502e-01 2.516689567911615910e+00
-3.168908152265524913e-01 -1.059128213421511450e-01 2.631149207891404718e+00
-2.343812637312500669e-01 -1.468134734389121288e-01 2.460245164954258712e+00
-1.301707636865907236e-01 -1.891236094526162481e-01 2.628707732807525232e+00
-9.507836212702261425e-02 -8.602849321032052243e-02 2.509812846992599322e+00
1.197367562844519305e-02 -2.423916586025594844e-01 2.511700839723340462e+00
1.365270423312931469e-01 -1.917232181166192706e-01 2.540732555182129371e+00
1.602740248689938363e-01 -1.579314661817962928e-01 2.370540931232559156e+00
2.615874599484306895e-01 -1.906118214918734732e-01 2.281540992004958746e+00
3.954390143131764068e-01 -2.122118269288487125e-01 2.212734456895553148e+00
5.197819278815009048e-01 -2.061743968515760694e-01 2.190184600071559018e+00
5.068854664584675485e-01 -7.600531434332048752e-02 2.174018341586229752e+00
4.663580668181177002e-01 5.991391635860279785e-02 2.211889916468050110e+00
4.904190136742946349e-01 1.324778051889487773e-01 2.252575954896699706e+00
4.485415285034610178e-01 1.821959194733162868e-01 2.149232233728785246e+00
5.329122435936738400e-01 3.523940347385116634e-01 2.123481766893506428e+00
4.472063943456515700e-01 3.123462068935431435e-01 2.241575707411577412e+00
3.901508041783886549e-01 3.032490702946514238e-01 2.332171998486734843e+00
5.428116007649363972e-02 2.588539125307437461e-01 2.419518964870928102e+00
-5.409961038638762265e-02 2.254192873307749589e-01 2.350318260262056924e+00
-1.709191710405847109e-01 2.914011265723597810e-01 2.424915244881741483e+00
-2.766398393324510652e-01 3.218944775788098456e-01 2.461247125757277221e+00
-3.238965699197191017e-01 3.439348421688882551e-01 2.561399837979584593e+00
-3.662205996522353013e-01 1.902546436502040028e-01 2.655698965752566476e+00
-4.666015134071456738e-01 3.306934932534327798e-01 2.671062044868416141e+00
-5.414801617654378951e-01 1.877700370512262185e-01 2.610693975253656873e+00
-6.654105844544948578e-01 2.346230947502406239e-01 2.854333383968132853e+00
-6.759407031106050567e-01 2.252587779057694251e-01 2.878500723774448655e+00
-7.944057411107636746e-01 1.559822911668731771e-01 2.698801154346617714e+00
-9.273521618751835449e-01 2.885740990582740251e-01 2.931452757418146149e+00
nan nan nan
-8.448648671662839504e-01 2.394580548624081484e-01 2.944826247282104070e+00
-6.973903156513451274e-01 1.479494602529813074e-01 2.969831312027628289e+00
-6.154131434250494914e-01 2.936147011963776143e-01 2.951526428964551307e+00
-4.656270436278664437e-01 2.938437109357364685e-01 2.874007930312080905e+00
-4.228755459023777474e-01 2.445870619306133031e-01 2.855160393372338401e+00
-2.708721861096618500e-01 2.888077106985045828e-01 2.758564610358956060e+00
-1.965385657727391211e-01 1.852772235576401472e-01 2.835673116126138371e+00
-1.091265914185457486e-01 2.824281819937162208e-01 2.728740635497258538e+00
5.908832692041869616e-02 2.740929090647781785e-01 2.750210224835512030e+00
1.152872924321636100e-01 2.835292740661961575e-01 2.694287327497682405e+00
1.562334251297344268e-01 1.658868929176531559e-01 2.689164640101257664e+00
2.821736608862800977e-01 2.937212691259324382e-01 2.553346959748775902e+00
4.132401105328257218e-01 2.530692699926869182e-01 2.628080488845687679e+00
4.773575167659592777e-01 2.708120375572133365e-01 2.569700979829267151e+00
5.351561263920910916e-01 2.157315235802776954e-01 2.618607698896757263e+00
nan nan nan
6.677889357077047006e-01 2.786422250301560100e-01 2.456984755349775451e+00
7.604444132700269865e-01 3.798242618448782748e-01 2.527121709839132535e+00
nan nan nan
nan nan nan
5.982535953707824872e-01 4.730289793570718881e-01 2.677258405099308014e+00
4.879374585334518843e-01 3.685912688283657368e-01 2.579725471227914291e+00
3.747760353800034250e-01 4.673669148218607683e-01 2.618105196857137607e+00
2.924420744581897047e-01 4.805808927924366536e-01 2.703855627536141171e+00
2.138122827740801257e-01 4.221911818603025224e-01 2.882784957494514799e+00
1.091955787937732153e-01 3.354392108281141205e-01 2.844429827469599825e+00
-2.143152290440866400e-02 5.865062807384221477e-01 2.963186183578788491e+00
-1.397975522853421582e-01 3.608308612375621394e-01 2.731379102972262718e+00
-1.715523664569293671e-01 5.368374155335977616e-01 3.017269391224671082e+00
-2.665338998715108820e-01 3.387189306280126155e-01 2.964234823044344935e+00
nan nan nan
-4.914198259243405809e-01 4.162532890117736084e-01 2.994134276573134912e+00
-6.513504641912898352e-01 6.327730815035880196e-01 3.368327618724713535e+00
-6.731024104840082067e-01 6.488257539432824572e-01 3.413000709015060696e+00
-7.615597041074783080e-01 4.543457462301897509e-01 3.106209785067515217e+00
-7.594383500464222392e-01 5.728645615251501955e-01 3.309683202370916177e+00
-9.857717566919736996e-01 3.567479941093840146e-01 3.382919233952750737e+00
nan nan nan
nan nan nan
-9.324543432275268495e-01 8.176003891746613794e-02 3.033155844644744192e+00
-9.433086506230315971e-01 1.596506792364899285e-01 3.054042486206065554e+00
-8.736351413007001909e-01 1.486800857087875738e-01 3.060588005411392309e+00
-8.085621497330797158e-01 1.113495059968455381e-01 3.003009877647906389e+00
-6.457306883902892425e-01 3.232399730154691952e-02 3.084625358495685532e+00
-6.056720256617400544e-01 1.175061418935644253e-01 2.810559064744322821e+00
-4.621863145981416343e-01 1.601795338696363202e-01 2.902712526601742837e+00
-3.665747476160919893e-01 5.928407942997615532e-02 2.806119173168201364e+00
-3.554724044854828402e-01 2.183947819188193987e-02 2.918430495544240610e+00
-1.663066310312357743e-01 -2.767349477157484555e-02 2.750089251670453816e+00
-7.925590278264206534e-02 1.182660741333543125e-01 2.700558302096136565e+00
-9.788132985962716415e-02 5.665310170604146572e-02 2.851140508349616187e+00
9.812425524058970838e-02 1.167190815380095559e-01 2.660541083635043158e+00
1.531736041201222365e-01 4.061590621009754376e-03 2.667905375080637409e+00
nan nan nan
3.366526864181821344e-01 3.207339382163772439e-03 2.549115628758867658e+00
4.398162501264702429e-01 2.842383998250244334e-02 2.550073396242881429e+00
5.954065108267891926e-01 -8.061132331710510468e-02 2.520374472975800195e+00
7.188662407707978597e-01 -3.235940788496757814e-02 2.555221374429824888e+00
5.672095680761731762e-01 -1.068212165112208262e-02 2.289843217364607941e+00
5.130077709227566229e-01 5.997405975064573277e-03 2.250003050041551766e+00
4.288164696001631193e-01 8.513722364162140677e-02 2.264895450547862232e+00
3.440223484063926196e-01 1.305914091810013444e-01 2.226168112145244127e+00
2.527603787075138886e-01 5.890729457526534818e-02 2.311856183046367530e+00
1.255730615133519856e-01 1.409250989842153468e-01 2.346707778975217984e+00
1.293414124234853468e-01 2.013684644447091276e-01 2.360702165230046390e+00
-1.648303760504208270e-03 2.295875153844507965e-01 2.452563371462491038e+00
-7.689547396057890005e-02 1.735925231072431296e-01 2.591983592591915908e+00
-1.012639003296633144e-01 1.457694622072083501e-01 2.580749628200118995e+00
-2.414306742395936900e-01 2.415642508570780278e-01 2.507476241217373669e+00
-3.129832091747432044e-01 1.177548899195427490e-01 2.477954133666173231e+00
-3.945941051560514778e-01 1.561373346537741624e-01 2.584680821084224256e+00
-4.247147080225859295e-01 1.753663390825361823e-01 2.690684653757742684e+00
-5.893125202801503537e-01 2.754210664376394724e-01 2.591258737843632254e+00
-4.867764840736487630e-01 3.811460085533964204e-01 2.549257023520556942e+00
-3.570087591029751373e-01 3.781542199303221108e-01 2.591666041304053536e+00
-3.293669318672681756e-01 2.601975410877292449e-01 2.382937855560409268e+00
-2.308176653910842258e-01 4.123303840964135936e-01 2.515862557868302041e+00
-1.373325517169373400e-01 3.099707285121581224e-01 2.673532494183513908e+00
-3.467299886608170290e-02 2.849561738191592752e-01 2.544616430930027207e+00
7.166077094923323232e-02 3.586096034284496081e-01 2.552091219778224396e+00
1.659939747016233869e-01 3.927186190212396122e-01 2.416375083901155740e+00
2.251400926393160862e-01 3.900062477707377240e-01 2.377593394282140782e+00
3.952468000368686285e-01 2.753907900116057128e-01 2.423428319551954147e+00
4.133566352541266364e-01 2.549192834921241158e-01 2.363319120793492711e+00
5.000605055478601901e-01 2.888334651442023837e-01 2.436777432784348552e+00
6.749195599769507448e-01 3.289866350066782408e-01 2.325626752171486178e+00
6.237795934686597432e-01 3.789501867906577837e-01 2.218748937614047900e+00
