nan nan nan
nan nan nan
nan nan nan
nan nan nan
nan nan nan
nan nan nan
nan nan nan
nan nan nan
nan nan nan
nan nan nan
nan nan nan
nan nan nan
nan nan nan
1.298314940192454303e+00 1.210590829323924256e+00 6.765195440571141638e+00
8.070818119187138651e-01 4.735063274295430724e-01 3.436245719160037293e+00
1.046567489311866384e+00 4.989656764858025340e-01 5.055744530577634066e+00
1.228421916296099869e+00 4.809015219735300328e-01 5.986442365097143004e+00
1.404916409100077201e+00 3.305733412077014322e-01 6.018612911565450752e+00
1.057289995889570067e+00 1.143384348455514787e-01 4.307762921438727410e+00
8.870871858448253766e-01 -9.229520372823088459e-02 3.467555663891210394e+00
1.082866317609779472e+00 -1.135753956425785693e-01 4.326175634755563770e+00
1.202658606273360853e+00 -3.642102510197154919e-01 4.799648668562457310e+00
1.088016303764810733e+00 -5.553848689037417241e-01 4.649804058732772027e+00
1.715192647222490541e+00 -4.117526396762914986e-01 7.853457521748846482e+00
1.163999562388337683e+00 -1.756419955725245230e-01 5.712811342108134127e+00
1.138330975948562473e+00 -6.054728984465995723e-02 5.688341116040430911e+00
1.540512430720704540e+00 2.648841512734946280e-01 6.911471126306327761e+00
1.497866051322148673e+00 3.204843361514459477e-01 8.541479679423000348e+00
nan nan nan
2.094066201930093296e+00 9.741591329420346002e-01 1.423792205716810599e+01
3.511674909839880065e+00 2.120313702395395961e+00 2.650449384146485343e+01
5.443544174092742161e+00 4.276701431330542924e+00 4.567742556457142911e+01
-9.337507442294832316e+00 -9.404750908492164996e+00 -9.333727580641003385e+01
7.074158850905466700e+00 7.407072683782275568e+00 6.266774598696939336e+01
-1.054914783632139752e+00 -1.868363323458163139e+00 -1.537467437087401834e+01
nan nan nan
-8.220310910484250611e-02 -6.412637336749377193e-01 -5.391733959644879448e+00
3.118480129731483752e-02 -6.745579838183489718e-01 -5.179003258769314222e+00
1.036081453499060334e-01 -5.155101940196018528e-01 -4.066039986746385004e+00
1.827557468353570580e-01 -4.359337921703599350e-01 -3.521955137370674560e+00
2.361097622474914726e-01 -3.429709505793033242e-01 -3.340539297337450364e+00
2.628778551919874196e-01 -2.691429322039928795e-01 -2.932097621340385984e+00
2.812581009607250659e-01 -2.012141778868748454e-01 -2.519928374982002506e+00
3.072338369878500064e-01 -1.181225375221805624e-01 -2.274387213538224817e+00
3.351564518456242037e-01 -4.404509289376292575e-02 -2.333626463250994654e+00
3.283594997893059531e-01 -2.434234316486321922e-02 -2.042044372058100965e+00
3.398081754664245002e-01 2.848542468764648714e-02 -1.932630428475311968e+00
3.577613881174656063e-01 7.277222617213494060e-02 -1.931382894890209645e+00
3.388342688367584343e-01 1.074048105161835992e-01 -1.780070663030181466e+00
3.278202442526043647e-01 1.561259270379469211e-01 -1.775521979485728874e+00
3.626772489697121515e-01 2.545340836010202001e-01 -1.644674940480149283e+00
3.729668130267460024e-01 3.100762981304318600e-01 -1.652502885897526141e+00
3.724557643095023907e-01 3.428328421498094691e-01 -1.609035805613694636e+00
3.606560991327107391e-01 3.381012847588237835e-01 -1.643838766889318848e+00
4.012733387929274254e-01 4.066707309305697682e-01 -1.792249061074005612e+00
3.740323330147818925e-01 2.733983815863596512e-01 -1.686392685608503195e+00
3.564132969953773822e-01 2.524515761327590924e-01 -1.737375321286141583e+00
3.774447000472849201e-01 2.139293945608616854e-01 -1.945463786383774263e+00
3.822328185782380428e-01 2.237013339287025337e-01 -2.072346541932201358e+00
3.509205050497699041e-01 1.373216926002455707e-01 -2.047499956632083951e+00
3.598293056167563009e-01 1.162080713012139249e-01 -2.323425449333356596e+00
3.203649277525527084e-01 5.138156764020029854e-02 -2.399191629976225482e+00
3.080156863459589389e-01 4.966708454711281882e-03 -2.743177195238645893e+00
2.765244993531138507e-01 -4.043214298498304382e-02 -3.008950567674701926e+00
2.577785294183035925e-01 -9.995377601255571454e-02 -3.672063682231800907e+00
1.785623177986638832e-01 -1.337876872824751706e-01 -4.117591973475283496e+00
1.350479892947558658e-01 -2.043420408708584712e-01 -6.056284968312393602e+00
8.377109052319921603e-03 -2.930233817103989891e-01 -6.310824843756579483e+00
-2.280731730210110719e-01 -4.802762024979517208e-01 -1.017285391225551727e+01
-4.473339864689773737e-01 -4.482740149314883848e-01 -1.088329795166212755e+01
1.393135204894630164e+01 5.568089521414167464e+00 2.034328996249992372e+02
2.097037479047813591e+01 7.399225372749103080e+00 2.388032117186901075e+02
4.845044655353717644e+00 7.278589675432798334e-01 4.581520607228491571e+01
1.117567902528333379e+00 -1.037461074549402146e-01 8.596201669569234483e+00
1.068315846940984359e+00 -8.324179622924544886e-02 6.810395618781546645e+00
9.804353920885726659e-01 -1.365777534766832446e-01 5.480268847747765903e+00
9.122445881112001276e-01 -1.547962679390892105e-01 4.563855385880782656e+00
7.622672218367245733e-01 -1.649603612211879844e-01 2.933585485280270522e+00
7.667032281583833209e-01 -1.785411911849713595e-01 2.982028656950275192e+00
8.519120890806914925e-01 -2.807390600324982666e-01 3.253474881935174867e+00
9.968097798635826567e-01 -4.090730997577249894e-01 3.892762919501364660e+00
6.685444023111354328e-01 -2.161033973330208358e-01 2.499310833607622406e+00
8.834315007206213766e-01 -1.095337283467879563e-01 3.585472590596602060e+00
9.722277426805546741e-01 -5.635894577252818782e-02 3.876599193063006599e+00
9.140416748852702167e-01 2.801889584087681462e-02 3.721216835232472597e+00
7.425216082456438382e-01 8.881808621184159036e-02 2.860895612317326808e+00
6.497274820861939082e-01 1.460110740289280729e-01 2.509450674825437044e+00
7.650125369628745231e-01 2.135261410512718228e-01 3.026097011752731714e+00
7.858629167781233660e-01 4.108209732472675735e-01 3.640811050351880684e+00
6.646168858421075409e-01 4.699340171164335667e-01 2.840527130176736303e+00
6.678999453321682322e-01 5.675068603714813475e-01 3.038413578010070282e+00
nan nan nan
nan nan nan
nan nan nan
nan nan nan
nan nan nan
nan nan nan
1.536111975767146021e+02 4.171017338415396125e+02 1.480289213512518472e+03
1.448752093314154221e+00 2.933563916751309453e+00 1.092545852628791714e+01
2.912463723393170945e+00 5.021858110947754916e+00 2.066485348935384536e+01
nan nan nan
1.167478946227614145e+01 1.078125628303728689e+01 7.990124980967752322e+01
3.093842866810041059e+00 2.039052664868864273e+00 1.833936578758750002e+01
3.159473507096911327e+00 1.699721192014568949e+00 1.813868329268817803e+01
2.338991835900135374e+00 9.697587105460300227e-01 1.068311375751036252e+01
1.549582594430538585e+00 3.027579364580954557e-01 6.696243292614628473e+00
1.314340914692177842e+00 9.760766816966345849e-02 5.539815649432294542e+00
1.204050272131680366e+00 -1.958485609468889055e-01 5.285717872550703689e+00
1.430371272301413255e+00 -2.962427350324525754e-01 6.407261924155262633e+00
1.288649098642487667e+00 -2.838206769829546006e-01 5.186036917178014072e+00
2.136162772543007460e+00 -8.622336146512797894e-01 9.295561697796514977e+00
1.705102247436542484e+00 -4.931984864930034629e-01 7.263615036252969226e+00
2.071417909195067075e+00 -5.647343667059722128e-01 1.045823804796232892e+01
1.973222707417479072e+00 -3.748348436314029586e-01 9.759303049739056490e+00
3.052213445838847505e+01 -8.612732352352905352e+00 2.017229255088659556e+02
nan nan nan
nan nan nan
-9.053045707527888064e-01 2.300428299649130981e-01 -1.041707334013301534e+01
-6.263502796995600308e-01 1.770640909256442352e-01 -8.722736910653097198e+00
nan nan nan
nan nan nan
-3.584444415063117728e-02 2.712250794531152406e-02 -4.614236415801690860e+00
5.293748926991678760e-02 -2.057347831402703622e-02 -3.440964346251198513e+00
1.157212369999594259e-01 7.341971892462658550e-03 -3.550951124683848104e+00
1.502046735827666790e-01 3.095709783820616706e-02 -2.774520582058999096e+00
2.118258059521858916e-01 3.893876249907596981e-02 -2.662596716701507216e+00
2.332505375038585460e-01 6.018608335436539253e-02 -2.537041437428977808e+00
2.504476943988917514e-01 7.527777698185440791e-02 -2.258261389784577577e+00
2.696274823303588808e-01 1.053761306552618571e-01 -2.129713614800138988e+00
3.060473200716869457e-01 1.581937077965561989e-01 -2.164154415241399843e+00
2.796686258370468248e-01 1.760108842144657293e-01 -1.976438655580507797e+00
3.198900220477926548e-01 2.016116116116344892e-01 -1.851224217795234495e+00
3.152022512138176191e-01 2.014104091461565160e-01 -1.770404887754880585e+00
3.160617454217086175e-01 4.355413533212430521e-01 -2.007261430023151938e+00
3.477123173737103889e-01 3.021674347848181674e-01 -1.716922757241950093e+00
3.425381328936826231e-01 3.177603214542468191e-01 -1.570757694216785794e+00
3.311798973147520586e-01 3.119884913182346953e-01 -1.556396139690912728e+00
3.097297806397590336e-01 3.392993239635016534e-01 -1.683017880820860235e+00
3.519039273390136557e-01 2.177921897278442820e-01 -1.521756951876898967e+00
3.653303388871076418e-01 2.217984286909989999e-01 -1.554240217843300575e+00
3.478073897033596706e-01 1.570255548116249733e-01 -1.539029386261737908e+00
3.547704707818377656e-01 1.620551398105691543e-01 -1.711123057248473467e+00
3.601899701578962776e-01 8.912414980086851013e-02 -1.555991642463695923e+00
3.557756888897583014e-01 3.222759055172033649e-02 -1.591826667303354981e+00
3.617995160856234405e-01 2.216418445710759914e-03 -1.723749868924159268e+00
3.534746127413174732e-01 -4.033733886555445486e-02 -1.618794487855436559e+00
3.504037235100387337e-01 -9.059547684424427982e-02 -1.672016957448369201e+00
3.245304886003876899e-01 -1.186465703818030265e-01 -1.805763821088810062e+00
3.313341159605633912e-01 -1.831108494961605215e-01 -1.891100856530239849e+00
3.123848649241336428e-01 -2.166382060046694313e-01 -2.028445790494051604e+00
2.410642051949296039e-01 -2.107314293060564003e-01 -2.322697148534718092e+00
2.265302315113146003e-01 -2.541317313027344760e-01 -2.768723449276476956e+00
2.433519857719878832e-01 -1.801476025391924862e-01 -2.467316195057138728e+00
1.807963204255687850e-01 -1.874799625925425706e-01 -3.022111541133022161e+00
1.869049722778051148e-01 -1.025829575737984140e-01 -2.614067639448297342e+00
1.444432581427536888e-01 -1.059604882455578573e-01 -3.324202147485744607e+00
nan nan nan
2.878131660200049236e-02 -2.206204233349075630e-02 -3.946161091842274704e+00
1.181782752808427511e-01 -1.589171981778608050e-02 -3.167688089526222495e+00
1.603140815896788307e-01 1.115354712482832279e-02 -2.918179584608308730e+00
1.826856806349576590e-01 2.603053203170061294e-02 -2.643573232886483826e+00
2.194294797933946384e-01 4.755230849203654492e-02 -2.477430051218493468e+00
2.339880771987219721e-01 7.489919552262867819e-02 -2.221001296807695091e+00
2.715427461088151251e-01 1.574428986166893363e-01 -2.239926452554513059e+00
2.535179509785137064e-01 1.173627899442986344e-01 -2.018009100974910819e+00
2.942482594143306929e-01 1.948942438333294280e-01 -2.023577821642379870e+00
3.012842338838444545e-01 1.807835706974092460e-01 -1.823537475792062379e+00
3.084005581821169795e-01 2.037955961793282977e-01 -1.819889571834253150e+00
3.080082619372955799e-01 2.132837332852908219e-01 -1.692904115373081719e+00
3.307599444560239133e-01 2.791055006709335373e-01 -1.740106825634216703e+00
3.241080437839504169e-01 2.636239020535471322e-01 -1.584327560830865123e+00
3.276686300697907450e-01 2.879215248460135212e-01 -1.527519540756114402e+00
nan nan nan
3.420599646878715872e-01 2.644744215374402185e-01 -1.610250428049082583e+00
3.272868773755920335e-01 2.145105511139658860e-01 -1.665465703632445615e+00
3.074635195452063985e-01 1.865935770233197455e-01 -1.660430974412253180e+00
3.095172886307340776e-01 1.603520209499515736e-01 -1.712888416891372056e+00
3.021881986881262416e-01 1.251668653763138295e-01 -1.798144850927694494e+00
2.938414374592863698e-01 9.557055128806918320e-02 -1.988401697690944436e+00
2.759901202022451150e-01 5.756293061579851461e-02 -1.957385848478775170e+00
2.706109143466093880e-01 2.788009833096132331e-02 -2.066983936389667154e+00
2.544588460889025128e-01 -1.192996484098259903e-02 -2.293762706485850789e+00
2.391018427252147027e-01 -1.134454656737729668e-02 -2.484048019436293497e+00
2.169013597244472402e-01 -8.444841602467829944e-02 -2.403715531636274605e+00
1.731121606668944712e-01 -1.389909155630813242e-01 -2.891518343735370422e+00
1.723699732726491907e-01 -1.804684353497232885e-01 -2.648842901105893155e+00
1.587084394655922104e-01 -2.425032810950502882e-01 -2.826340070929015180e+00
9.642164763160680774e-02 -3.804879992958441481e-01 -3.324655775893500920e+00
8.592320773466480266e-02 -4.770834686446968620e-01 -3.738542264575162921e+00
-1.446747843896904751e-01 -7.899774310162355206e-01 -4.985221386109423669e+00
-3.052541961059990466e-03 -6.486429577655901113e-01 -4.403591542991205365e+00
-1.628012054587074653e-01 -7.392256841469484474e-01 -4.888285877712099214e+00
-4.461410107089733845e-01 -1.446001624820555165e+00 -8.416565192326904921e+00
-5.840690613784826901e-01 -1.486276345970261037e+00 -8.404618143414692710e+00
-4.601901466154124876e+00 -7.419481972286498639e+00 -4.075793917770707253e+01
-3.985540203810042481e+00 -5.890726120146777767e+00 -3.365270118353847550e+01
5.451642784369964190e+00 6.593089377498046133e+00 3.988137660965130493e+01
-1.944727346868977236e+01 -2.023288474075017973e+01 -1.404924723573720655e+02
2.454370508889386571e+00 2.362279594436394792e+00 1.566418666412027250e+01
nan nan nan
