8.526117521356337825e-01 -2.137276125388599124e-01 -5.357657016645975823e+00
1.677196144245359344e+00 -4.797296581325475318e-01 -7.902439584943263817e+00
1.343305859654032819e+00 -9.764398579029977265e-02 -5.690331086337417688e+00
1.813368074833729748e+00 -1.589336852823163282e-01 -6.546934667735637703e+00
2.089353385646424144e+00 -1.849424223705026793e-01 -7.108213781298700518e+00
6.658364491036129706e+00 -1.485168959466470984e+00 -1.955154143621408380e+01
5.781810469707267863e+00 -8.224242665935780350e-01 -1.513423950479727509e+01
3.100586505201494703e+00 -1.767928883697912901e-01 -7.476252689010084218e+00
2.301045443622498965e+00 -5.470733026913435215e-02 -5.634460602016682529e+00
1.434522116164822059e+00 9.692805943434307236e-02 -3.845398378540148876e+00
6.488337346805707062e-01 2.235639443581747265e-01 -2.167760699834672788e+00
6.051515672500864529e-01 2.246641693740144552e-01 -2.198124169940919970e+00
5.445506046471303430e-01 2.411811771072726873e-01 -2.081569387324463616e+00
6.637164157736757941e-01 1.283552860068416790e-01 -2.740038058001162291e+00
4.624981814205030850e-01 1.345233217744699894e-01 -2.562890068713504110e+00
3.578672055313859013e-01 1.181732535397517631e-01 -2.517897126737641766e+00
2.633479250500599389e-01 9.430641499221233126e-02 -2.485602426250051789e+00
1.329938752123169254e-01 1.385841622705007992e-01 -2.071263281557802483e+00
3.913291861692314716e-02 1.683228498532504946e-01 -1.861874766583487384e+00
-5.529565827996262700e-02 1.510981119525134087e-01 -1.869454567423486369e+00
-7.815210582512963078e-02 1.964304909188316628e-01 -1.560372388391477294e+00
-1.725035370661160139e-01 1.683728313398506204e-01 -1.615396163320012457e+00
-2.252840598186076071e-01 1.546321986535326432e-01 -1.658633510065862016e+00
-2.810607522344531484e-01 1.580097391079634539e-01 -1.540773136502417762e+00
-3.346750214168795479e-01 1.725364879795024675e-01 -1.426177224418743839e+00
-3.839585687447454876e-01 1.703681738509950916e-01 -1.374648255244255823e+00
-4.685479576821610093e-01 1.011271462180792641e-01 -1.602899261332795700e+00
-4.219962566450584096e-01 1.026724939468359327e-01 -1.575332629818635199e+00
-4.430156877631737933e-01 5.040740112774617920e-02 -1.753556457144604508e+00
-5.040344422532992974e-01 -2.031945125989674181e-02 -1.940341641568731346e+00
-5.226897405951282938e-01 -2.025557187983362609e-02 -1.878389204161222903e+00
-6.447472039459364312e-01 -8.322500810142460792e-02 -1.936770407123167503e+00
-5.578476762369114494e-01 -1.194666254989882048e-01 -2.168378853120079164e+00
-5.069534240961504068e-01 -1.222728933813134466e-01 -2.199752194729523769e+00
-4.401477262322288642e-01 -1.568880183220120461e-01 -2.437620344465721622e+00
-3.211432496998949393e-01 -1.577155892494153944e-01 -2.595896270597062738e+00
-1.875830679969486825e-01 -9.707633446422654633e-02 -2.504450506238157015e+00
-8.967514066559753583e-02 -1.959287000746271212e-01 -2.900515173802314717e+00
1.649635810199904032e-02 -2.323931482709624963e-01 -3.161313753865941489e+00
2.093932676380779734e-01 -1.713729291591960802e-01 -3.039376613470833099e+00
2.977974292075840634e-01 -8.864681844269593769e-02 -2.870132123402457935e+00
4.941413306463746102e-01 -1.413682969278621526e-01 -3.267881223050147721e+00
8.721412367563152745e-01 -2.955682467507183553e-01 -4.246723272005522354e+00
1.418698208766789204e+00 -4.045556883858139607e-01 -5.398552646121684617e+00
1.305615862531850802e+00 -2.577741852682919887e-01 -4.900855232905876768e+00
3.376962352882061591e+00 -1.531694588176137017e+00 -1.325177161987414998e+01
2.706897718087322602e+00 -1.542777181650154983e+00 -1.315825541741849847e+01
1.887824827954189821e+00 -1.313075824567049521e+00 -1.109742869536580301e+01
1.439625611387905346e+00 -1.632030480198015665e+00 -1.177542818300586980e+01
7.232682135163887027e-01 -9.986978657816750760e-01 -7.988228609188657181e+00
-1.726707195832317965e-01 -9.681944315553778768e-01 -6.942102958691263481e+00
-3.963873503842328949e-01 -7.727771910205180061e-01 -5.940085294743351341e+00
-6.584031162305857832e-01 -7.613306485571664783e-01 -5.596162194535540202e+00
-6.827462038504067410e-01 -4.706943160617411692e-01 -4.261559844745584691e+00
-7.297308636939869864e-01 -4.312036922179911524e-01 -3.776770102045557298e+00
-1.042420287056489592e+00 -5.958615225400768489e-01 -4.430145989295643183e+00
-9.661571169339778775e-01 -4.601448363634469962e-01 -3.827875116330314409e+00
-7.823275568036113237e-01 -2.868365537271978516e-01 -3.319512759291519455e+00
-7.027754887672378326e-01 -2.888032333648887784e-01 -3.351231088561442917e+00
-7.917957779858832978e-01 -5.910420970175798150e-01 -4.792655449938644452e+00
-5.828143219464206881e-01 -5.617493219900649981e-01 -4.939818913469869344e+00
-3.876751036765944125e-01 -6.440167575552135926e-01 -5.246782341544203199e+00
-1.719425653343591986e-01 -7.922320301078319416e-01 -6.340358069700394950e+00
1.201972303700141187e-01 -7.146344886295444843e-01 -6.142247154375934493e+00
5.621503465886341644e-01 -1.160628957582702014e+00 -9.279900028405954515e+00
9.048700799098254866e-01 -9.507560737418195851e-01 -8.293263610779266770e+00
1.176402303381382408e+00 -8.634694275329856117e-01 -8.590889838732108430e+00
2.511937040695405354e+00 -1.677644264795622675e+00 -1.386554412174781525e+01
2.186102882633448541e+00 -9.976816665184533583e-01 -1.025273111886326838e+01
2.375356720669841160e+00 -8.023788442932899834e-01 -9.181932283768773573e+00
9.752618634189027524e-01 -9.667047578675057318e-02 -4.162297401059786850e+00
6.608783887329535700e-01 6.753416820633761398e-03 -2.868037227530147781e+00
5.539125962479805043e-01 2.189476829702159677e-02 -2.968482497432537226e+00
3.821770047831898887e-01 -9.330168181681762745e-04 -2.963533329557175744e+00
2.300939814265030303e-01 8.611811192221358047e-02 -2.411466209797314075e+00
1.134568745656623495e-01 9.842337800554025462e-02 -2.171950274753279952e+00
5.098343357038486422e-03 9.106492579148378619e-02 -2.045855722189599657e+00
-1.046196384473548485e-01 1.076471210140074047e-01 -1.898399876825312083e+00
-1.674269517702376420e-01 9.556578807507036533e-02 -1.873291197746506986e+00
-2.660539068752136860e-01 6.088961018937813496e-02 -1.935997295149973763e+00
-3.330925886967657790e-01 7.677117993355074554e-02 -1.848985501682211430e+00
-4.073585149508035519e-01 7.343454795401599400e-02 -1.743705509666411357e+00
-4.426406389305868050e-01 1.108455099510839564e-01 -1.537841510031112913e+00
-4.137823086271241735e-01 9.842897570604811075e-02 -1.541160050955608485e+00
-4.541593331721137661e-01 4.934026868894743345e-02 -1.697634355942402529e+00
-5.893253016630487506e-01 -6.398843944721879784e-02 -2.092910992915464341e+00
-6.615462409819481415e-01 -9.702884496361553757e-02 -2.005347520041610210e+00
-6.609884758118326209e-01 -1.457894195617381039e-01 -2.210013079985630569e+00
-4.612239795024660194e-01 -7.696502367029134373e-02 -2.158629216443426202e+00
-3.644780074945854209e-01 -9.013820512986671363e-02 -2.272744057751063806e+00
-2.712206056015096789e-01 -1.025701962907882014e-01 -2.414111012581291238e+00
-1.691174700326827374e-01 -1.160186817886836447e-01 -2.577192896899626273e+00
-4.128217849182298782e-02 -1.658518297469620262e-01 -2.868381219613196365e+00
1.340341306643103580e-01 -2.328356208948278994e-01 -3.289703357348533697e+00
2.835716641896754986e-01 -3.062713747002049902e-01 -3.765740661457538163e+00
6.653229875747295186e-01 -3.770760369704942438e-01 -4.517668410520771616e+00
1.064478939478493258e+00 -5.778837445383202542e-01 -5.722368779395387683e+00
2.549912701070592203e+00 -1.613145886025555642e+00 -1.228309609995354812e+01
2.331224766048510588e+00 -1.355729743454139768e+00 -1.140997086947873740e+01
8.401526596377031364e-01 -5.493543155722759863e-01 -5.850882714166647069e+00
2.946745302431388880e-01 -8.269458253420141070e-01 -6.789244101696527700e+00
-2.612554811011039146e-02 -3.076626032283389378e-01 -3.931623448419685474e+00
-2.048466111890691055e-01 -2.807521137199961991e-01 -3.534765559720398187e+00
-3.343888220845417369e-01 -3.321921084028541249e-01 -3.515716097138410490e+00
-4.686876345355975304e-01 -3.346901841298182134e-01 -3.372652522566713440e+00
-6.382892047337580532e-01 -3.195761011339545155e-01 -3.171654757739288399e+00
-7.205403887116517136e-01 -2.808536609059107403e-01 -2.884275781121193649e+00
-7.348878433140031419e-01 -1.695135290590432664e-01 -2.438409464287780715e+00
-5.815200903451450687e-01 -1.333504535182126749e-01 -2.453085939098393897e+00
-6.514282433321602062e-01 -3.230691868389457544e-01 -3.311951061759972781e+00
-4.602559510606439308e-01 -2.851257155570529611e-01 -3.179431288423904878e+00
-3.119547907184294644e-01 -1.993485381951456692e-01 -2.953720505024516552e+00
-1.448200835934002895e-01 -2.461935692620353666e-01 -3.320245362809265188e+00
-2.797524915218400215e-02 -3.628692857940225558e-01 -3.931553390568157447e+00
2.468569070000534715e-01 -3.839272883236192757e-01 -4.359191569565148860e+00
6.733894348238167460e-01 -5.593494129326417319e-01 -5.711318131219038641e+00
8.550384213457389304e-01 -4.734100077028030040e-01 -5.465136225282231308e+00
9.955049696351465638e-01 -3.437371411258849929e-01 -4.970916861922615837e+00
1.164931932493263211e+00 -3.214059774163641747e-01 -5.061437536630156053e+00
3.225801598657454861e+00 -1.179025673721293632e+00 -1.144431565644124760e+01
2.314253845843661228e+00 -5.483984737168030588e-01 -7.296641425434926553e+00
2.447717819697414310e+00 -4.061963204177680420e-01 -6.793259101958915025e+00
3.902688400758399734e+00 -7.943169648553953799e-01 -1.073587830233636886e+01
2.701365860230921179e+00 -2.352602508034336848e-01 -6.706830571592944601e+00
3.133117376287823053e+00 -5.518723321377899671e-01 -8.955214089611674311e+00
1.491999468952010854e+00 -9.347886128662627470e-02 -4.878121519254876581e+00
1.208667376827027740e+00 -6.895101280715658365e-02 -4.498087628866817234e+00
1.184653856643897329e+00 -2.041554880594984855e-01 -5.160689900820888631e+00
9.837469506550678977e-01 -2.032760104484975516e-01 -4.938428114180651640e+00
6.630303805423932717e-01 -7.819366841168298721e-02 -3.990067363699765224e+00
4.724578152913004869e-01 -5.402326782035661579e-02 -3.413998383670310055e+00
2.874306681534796182e-01 -1.216188950690499232e-01 -3.684305199640136141e+00
2.008508841577088533e-01 -1.084624556435434262e-01 -3.427813688407212123e+00
3.979315908946829544e-02 7.085406654668204018e-02 -2.569746283634672501e+00
-8.193814243422309351e-02 -2.841297811945519419e-02 -2.844644778663171447e+00
-2.273728098185773816e-01 -4.479378375668485041e-02 -2.679851449173319189e+00
-2.580197870407858751e-01 3.001570125688030402e-02 -2.240113964601719410e+00
-3.444613901475548357e-01 -9.196211906628304691e-03 -2.323065727086955246e+00
-3.972925717952601188e-01 4.404902539930780070e-02 -2.073169568893343584e+00
-4.656736992984816248e-01 7.190475194223161851e-03 -2.199344492272862883e+00
-4.954248002570535991e-01 5.120960028780472545e-02 -1.888310889461222386e+00
-4.930795387804467467e-01 9.860701624575553964e-03 -2.095134543607404698e+00
-6.010627615121527656e-01 -5.362979857604943668e-02 -2.164621117262056860e+00
-5.149382174275187740e-01 -9.737611703047174827e-02 -2.486180785984609010e+00
-3.661996636431553709e-01 -2.493767957959335327e-02 -2.318775896736707143e+00
-3.739281088667303354e-01 -1.080924104777823413e-01 -2.753702600567196068e+00
-2.329248745804765874e-01 -8.797935937338607904e-02 -2.805663675423637038e+00
-1.284856877903668704e-01 -1.866674290369407241e-01 -3.331079945516680407e+00
2.673057096342776676e-02 -9.052184313574421215e-02 -3.046493594328030685e+00
1.921191644499753715e-01 -1.201797840921165900e-01 -3.352001119661391471e+00
6.010283055315586154e-01 -1.368860578507370418e-01 -3.825387110248307021e+00
1.428202174507037236e+00 -6.388436800399247550e-01 -7.315187981816500873e+00
8.765631768508812538e-01 -1.680115957707473684e-01 -4.266234412702190504e+00
1.858788121644001201e+00 -5.223735364823046678e-01 -7.402803054439537789e+00
1.912534240062092827e+00 -4.631355891071692321e-01 -6.645867682962387946e+00
2.483103251621707308e+00 -5.036829158085749381e-01 -7.872972031979582397e+00
3.770794092265778996e+00 -8.278528867974601635e-01 -1.030236648299148250e+01
2.525338670619059922e+00 -3.594872770494340064e-01 -7.093729565693705830e+00
1.461814988693435735e+00 -9.707108547327861214e-02 -4.354212605369313316e+00
1.311581830636643353e+00 -1.719365327121262499e-01 -4.550068403639715875e+00
8.521150848517722309e-01 -1.352011121167579280e-02 -3.318444297335918503e+00
6.905924545690093064e-01 4.704987706888711946e-04 -3.077802175079004332e+00
4.647418759496914076e-01 5.804751361456728792e-02 -2.685942804341157064e+00
3.499339216221540316e-01 -1.410682124960840542e-02 -2.770898122714784417e+00
2.491083091762896218e-01 4.756831132627829112e-02 -2.480464919917301891e+00
1.193642865203125292e-01 -2.467207643777853329e-02 -2.625302346571602552e+00
1.003944651683829660e-02 6.181941605531472705e-02 -2.095007641877723259e+00
-4.600810662755195485e-02 2.718761644617295747e-02 -2.187733694116574146e+00
-1.383729964147762392e-01 6.685564640327690267e-02 -1.943909836502365929e+00
-2.149488137304159940e-01 4.041612627131906804e-02 -1.945828960437586019e+00
-2.608169747525371784e-01 8.909241865539711813e-02 -1.733398678191472975e+00
-3.489317618917162078e-01 8.154303729610708207e-02 -1.678660354379978292e+00
-4.134742009295595544e-01 6.890404653392445677e-02 -1.716578608757468594e+00
-4.281426576441814680e-01 8.002492384993126207e-02 -1.574443659732549960e+00
-4.263250879189799392e-01 9.841130903834835464e-02 -1.421401834577259660e+00
-3.958012476092813703e-01 1.129668599948281948e-01 -1.362081568015284461e+00
-3.509099703361530098e-01 1.104768918812293194e-01 -1.412125208230713858e+00
-2.742579909100232305e-01 1.149178877816636052e-01 -1.462336812195812019e+00
-2.060887174608142802e-01 8.153152423138063098e-02 -1.706511522699041494e+00
-1.451902061734247629e-01 1.300590918104013449e-01 -1.527712328459521984e+00
-8.480587939355931082e-02 1.284368803287338212e-01 -1.610520591949614166e+00
2.232277168432762401e-02 9.975219678527638689e-02 -1.805708414470276191e+00
7.051530215021721559e-02 7.687984286757122698e-02 -1.959293927801692536e+00
1.254257163490517246e-01 1.349309305125928615e-01 -1.818166277037299050e+00
3.193686952358650855e-01 8.229182666622182618e-02 -2.256548471486466312e+00
4.197212451356590601e-01 8.911159696141437991e-02 -2.263007988771237322e+00
3.850021638300987203e-01 1.147996738726873023e-01 -2.243301710089734335e+00
1.960766743693539427e-01 1.345161226789428899e-01 -2.019516010457736765e+00
1.436037136433694350e-01 6.094635439927057613e-02 -2.269401104815135017e+00
5.810046593897045392e-02 1.309056850140671024e-01 -1.914233215559772328e+00
1.304913676417243130e-02 8.999233862722880173e-02 -2.045608103090632124e+00
-8.729204240311805307e-02 1.392262145499823522e-01 -1.671209973842768592e+00
-1.634718589683320511e-01 1.337195454991564336e-01 -1.698373416707229300e+00
-1.935729225770418671e-01 1.562033398134076156e-01 -1.506588274943680528e+00
-2.508974602208634552e-01 1.490893540306824638e-01 -1.516952955460047825e+00
-2.932877185673797849e-01 1.567355054760913580e-01 -1.393659170096222422e+00
-3.352706527087930821e-01 1.478328655302855177e-01 -1.297124071159732717e+00
-4.232706851206753940e-01 1.254651497403696803e-01 -1.395577540969147323e+00
-4.103738949400033142e-01 1.078707693752447155e-01 -1.470176733665730984e+00
-3.572903960316913263e-01 1.263986833551803968e-01 -1.437226706206659044e+00
