nan nan nan
nan nan nan
nan nan nan
nan nan nan
nan nan nan
nan nan nan
nan nan nan
nan nan nan
nan nan nan
-1.388870938114181275e+00 8.760680010294634723e-01 5.392825905110705698e+00
nan nan nan
nan nan nan
-1.683063755521612581e+00 3.611801902623963945e-01 5.885897102814958259e+00
-1.736091514195902130e+00 3.849556541727647829e-01 6.747713373485342281e+00
-1.706472125482734414e+00 7.348620462849210500e-02 6.204175526410860009e+00
-1.583848916826585462e+00 -8.172894803313225653e-02 6.439162352490786390e+00
-1.809016225000530609e+00 -2.567154406161245572e-01 7.447740216784567657e+00
-3.240668088675582315e+00 -1.001483832480444924e+00 1.206295207899658450e+01
-2.324676949633898371e+00 -8.767374983947391343e-01 8.788520182216670307e+00
-1.785375341879080091e+00 -9.643535878457616395e-01 7.096371605483656531e+00
-2.481814584297532100e+00 -1.475866272347115205e+00 9.725196989099755385e+00
-2.757528266509342796e+00 -2.269346280377124714e+00 1.134094946705528884e+01
-1.698975097987936556e+00 -1.782466074921769117e+00 8.134058027273251668e+00
-2.459044457363997349e+00 -1.912625887554194160e+00 1.102131704375021748e+01
-1.476975630016328589e+00 -8.862513200536994429e-01 7.072158705948244695e+00
-1.380259995271130302e+00 -6.696186257472803716e-01 6.569727946794139406e+00
-3.258555493218347365e+00 -1.228992077433247676e+00 1.245502740251606255e+01
-1.425407328185889666e+00 -3.959189058794835292e-01 6.918376013922269863e+00
-1.209915351765028291e+00 -2.039923248856948534e-01 6.177827534532682741e+00
-1.210802311884392024e+00 -1.095472320638406633e-01 6.340585833647457648e+00
-1.169344217049005152e+00 -8.679971029752318532e-03 6.365638095697338628e+00
nan nan nan
-8.709502914162245979e-01 2.050337105428819418e-01 5.455390516963118053e+00
-7.767924612420411545e-01 2.558855687682298763e-01 5.211227506415204935e+00
-6.923363663377025690e-01 3.400057728075693841e-01 5.152752963858944213e+00
-5.890146922477891289e-01 4.180935252440210470e-01 5.246868008353805735e+00
-4.505345886147117951e-01 4.311388873280190270e-01 5.020000655189497785e+00
-3.112773130562913604e-01 4.639811357497014010e-01 4.267795151483301019e+00
-2.501740402165024690e-01 5.009672503227280416e-01 4.452738223585774868e+00
-1.312621413301727769e-01 5.030168578780468414e-01 4.082173535604022518e+00
-4.634296765050561345e-02 4.359370413506616915e-01 3.822830366873554819e+00
3.600389103021839343e-02 4.256534694669198426e-01 3.702003850913479166e+00
1.367814763807402301e-01 4.663881731329994063e-01 4.220583691401973425e+00
2.306710096010611000e-01 3.684063876054941011e-01 3.735381289129757310e+00
2.615666892200653182e-01 2.788486036979136995e-01 3.530197600857847284e+00
3.554395977111021732e-01 2.808563413958051758e-01 3.776946050477365979e+00
nan nan nan
nan nan nan
5.666843447848887161e-01 7.704591065562819974e-02 3.870023864580231177e+00
6.087494683432241871e-01 -4.389212820803118503e-02 4.015150392181906724e+00
7.314438632499326021e-01 -1.675024471186334352e-01 3.668284490169742451e+00
7.178836134701066518e-01 -2.187796276690327224e-01 3.431275013132487395e+00
7.628713948916239218e-01 -2.908224346581297359e-01 3.421725331441336948e+00
7.712122703662441792e-01 -3.159242429402161489e-01 3.616561418294231167e+00
6.865369137499721663e-01 -3.367811871651641420e-01 3.272416476303578126e+00
6.715334659578852117e-01 -1.436247822109892880e-01 3.391862553386768564e+00
6.591236068300161399e-01 -1.507550156012975873e-01 3.621445581883121712e+00
5.214569546634234554e-01 -3.091070031355491049e-02 3.411583703190105510e+00
4.513433852455956963e-01 -8.691245993083499335e-03 3.233874258968791437e+00
4.389448006990429030e-01 5.088962295803429320e-02 3.606339192546145878e+00
3.349338170096883283e-01 1.039962765129925637e-01 3.377798558115332472e+00
2.807882425780414692e-01 1.443231223825831022e-01 3.609128146393913994e+00
1.858045888485031494e-01 1.791462266589347041e-01 3.567076776661622262e+00
1.182292173233753102e-01 1.948858599019237525e-01 3.723101739538914767e+00
2.841852466875130143e-02 2.078861581086609289e-01 3.664133635589122306e+00
-6.244315641198946998e-02 1.879537963216242058e-01 3.965277297888154973e+00
-1.263341085643364115e-01 1.648347819776863066e-01 3.680958900026293001e+00
-2.238107771600835183e-01 1.689440144636746577e-01 4.118814066439330901e+00
-3.046641075573457980e-01 1.332134679362494689e-01 4.101976340234145368e+00
-4.158510757737410302e-01 6.325602731652402166e-02 4.604765149414369318e+00
nan nan nan
nan nan nan
-7.117633162648957512e-01 -1.759842284814717439e-01 5.130309323311852410e+00
-6.412538552709504680e-01 -2.352120443994999976e-01 4.396309003489101030e+00
-7.980562759446105936e-01 -3.125720176109674786e-01 4.746672906560522875e+00
-9.221776133862614744e-01 -4.496755260113167174e-01 5.062357438588179548e+00
-1.026243261716918376e+00 -6.037580165289998524e-01 5.285151537991625403e+00
-1.395855975111161218e+00 -8.605407853137125862e-01 5.851198143094105575e+00
-1.364798523780260897e+00 -8.702920754139658044e-01 5.781665644147721217e+00
-1.520455414155040597e+00 -1.164743669039297602e+00 6.480179697406867056e+00
-1.925080363445200504e+00 -1.740187622817676472e+00 8.229190953635832528e+00
-1.198745107902391638e+00 -8.098200230508935116e-01 5.171772082342305232e+00
-1.494030339090657744e+00 -8.148202738018116564e-01 6.257818688232549498e+00
-1.917180904328209978e+00 -9.731659173050936085e-01 7.592850195041720873e+00
-1.664290293327110204e+00 -6.747768263548414858e-01 6.658293479244466795e+00
-1.436924986422433381e+00 -4.134005126983651413e-01 5.570180818995782879e+00
-1.329613158902477998e+00 -2.265861973410600028e-01 5.153881847421748930e+00
-1.512411924172504918e+00 -2.504506989516062654e-01 5.713806344961037453e+00
-1.202160365420875454e+00 4.099061875581560405e-02 4.899127349745763027e+00
-1.460990529900225043e+00 2.217622074217557582e-01 5.326633679310365466e+00
-1.490797099693134342e+00 3.327889420242523544e-01 5.370777622268192886e+00
nan nan nan
nan nan nan
nan nan nan
nan nan nan
nan nan nan
nan nan nan
-9.941970394971612057e-01 9.290791540332105081e-01 4.785604600429700817e+00
-1.024284228684457343e+00 7.600060504720662635e-01 4.604566044597785179e+00
-1.467011315039286279e+00 8.303127347921807067e-01 6.213834678010399237e+00
-1.927206377609262722e+00 5.913630005048778893e-01 8.355928261372364219e+00
-2.141482703947361177e+00 2.555031003685807600e-01 9.781147962193413647e+00
-2.299660657585007151e+00 -2.807618639969099161e-02 9.967147481977532308e+00
-2.606228906062258766e+00 -2.890371515953990000e-01 1.124196989018763482e+01
-7.332236589848746711e+00 -1.636704188340420529e+00 2.685354636218454516e+01
-4.774922078412898507e+00 -1.786590724559971477e+00 1.751170426170761374e+01
-3.448044078691540726e+00 -1.578164876747064183e+00 1.301440619129485832e+01
-3.008560196533375919e+00 -1.973432962910121935e+00 1.223095499527279095e+01
-2.705299006931951133e+00 -2.000600603105922914e+00 1.182074796058598487e+01
-3.696185634109555807e+00 -2.792290672607210311e+00 1.465879033251535546e+01
-1.928769600508119098e+01 -2.017739921451179086e+01 8.120842685141144557e+01
-6.906718285184742179e+00 -6.154053313948377735e+00 2.856728177903968913e+01
-3.138741619360671642e+00 -2.817649832488816397e+00 1.520001341610868906e+01
-5.708954709897024138e+00 -4.027360066559198870e+00 2.300981963443025080e+01
-2.101341622447446600e+00 -1.778299351489324165e+00 1.230925701872724964e+01
-1.814916802528120154e+00 -1.547583107446280692e+00 1.215742208419047010e+01
-1.315730193187141017e+00 -1.017026250616690053e+00 9.730080593645636711e+00
-9.493072914241149629e-01 -7.007175934727952749e-01 8.146151179722059155e+00
-7.236516976233495768e-01 -5.425235448951445383e-01 7.180495625451623454e+00
-6.501130971096059641e-01 -5.360267247335023244e-01 8.554094223149931508e+00
-4.708711173402245209e-01 -3.018351559991688249e-01 7.289630463612082778e+00
-2.698767931033291267e-01 -1.637299573232322281e-01 5.745381746285255886e+00
-1.793234915369652516e-01 -1.012512953449216380e-01 6.451995411540578651e+00
-5.972673680723011858e-02 -2.062982749962185419e-02 5.096979541459258911e+00
7.794477154045745260e-02 -6.950396965647218095e-02 5.863597695904628537e+00
1.767557955595859542e-01 1.764053636053477397e-02 5.004815191589927714e+00
2.340130212069502780e-01 1.808907990890313428e-02 4.758190538213239229e+00
3.505851385218585747e-01 -3.653774081118508002e-04 4.892664121569655578e+00
4.487224401036915555e-01 -4.227786713327419399e-02 4.898250011943212634e+00
4.423994292296610786e-01 -6.062160080825364228e-02 4.167066642064147786e+00
5.961427373973597899e-01 -2.035831754126917470e-01 4.933659158366394237e+00
6.131279723475338006e-01 -1.359315088014757256e-01 4.107097868226551540e+00
nan nan nan
6.322505182673737734e-01 -5.429791130889631834e-01 4.011671349866196223e+00
7.116789508528739150e-01 -2.576823729430988141e-01 3.677526214311316544e+00
8.821522650102384677e-01 -3.684599094698841060e-01 3.959809050282402154e+00
9.040796445055684361e-01 -4.424194161512844392e-01 4.098347873465362667e+00
7.788785338480278542e-01 -4.455061234653781566e-01 3.974778157257821132e+00
8.590000705888199972e-01 -1.661608042982143374e-01 3.937642406362363179e+00
7.876951754823586782e-01 -1.114874049179718496e-01 3.664099310698476053e+00
8.444693242009350120e-01 -4.290108523156642428e-02 4.149679609742174868e+00
6.581160468149271914e-01 6.676557224644611571e-04 3.752912914209431072e+00
7.258410883513398693e-01 1.504603485438072152e-01 3.823209573087695823e+00
6.518393138639440032e-01 2.681789970366920128e-01 3.801594528031759790e+00
nan nan nan
5.512867212679206652e-01 4.050479849707048774e-01 3.625497295790998553e+00
4.704790628932748464e-01 4.752809402119946847e-01 3.518437816938898788e+00
3.761814577374754665e-01 4.742773199952451391e-01 3.564726632852245114e+00
3.009172692326470000e-01 5.411185681227478339e-01 3.391555783498980237e+00
2.404165601169202526e-01 5.714522926230901634e-01 3.677955725263079234e+00
1.206612707047843153e-01 5.018042159464889407e-01 4.447342217855617896e+00
2.421640780632090470e-02 4.502103422340122951e-01 4.248771813828402522e+00
1.078737389588706463e-01 4.061115770965792460e-01 4.314696889234319599e+00
-3.366833571629077038e-02 3.213627713156571031e-01 4.587574805517170340e+00
7.956810117835194651e-02 2.437422211036711084e-01 5.079864054038943699e+00
-5.286210915495416496e-02 1.672402089910726419e-01 4.841624954505079792e+00
-8.140505808547379707e-02 1.152058431473645137e-04 6.197952982426648383e+00
-2.083339103416567417e-01 -8.008720043615188966e-02 5.824946395930384213e+00
-5.042374809087033644e-02 -1.160866258250140871e-02 5.823142338831083009e+00
5.958968118565057676e-02 -1.239096609853143453e-02 5.492942741291373387e+00
1.499499041436994362e-01 -1.299425155803697954e-02 5.504088331847540871e+00
2.503343287967421671e-01 1.749110148253515918e-03 5.289201343475404826e+00
3.836527363444099392e-01 -5.345602263765224932e-02 5.519560878491086342e+00
4.127246492500483699e-01 -1.060031982325002203e-01 4.646397035457282776e+00
5.358126619066568841e-01 -1.418715331547762970e-01 5.474509191010132447e+00
5.396392773367736373e-01 -1.716411947513821756e-01 4.459642910694949336e+00
6.884322690434698799e-01 -1.781922142078390114e-01 4.732650160594877420e+00
6.742177962297806193e-01 -2.018809737210530697e-01 4.444742324978243175e+00
8.550931177528321436e-01 -2.989029469127282845e-01 4.874321083940428068e+00
6.644682519223988892e-01 -2.171691015549582771e-01 3.672128411428822847e+00
1.001350486967555131e+00 -4.079171684112977148e-01 4.778419866140152017e+00
1.058600004142484341e+00 -4.816992746207726106e-01 4.668538792113372082e+00
9.789794261862510005e-01 -3.991174587984775424e-01 4.326784126535139663e+00
8.638080067314277688e-01 -2.902232439810297770e-01 4.180534271491896270e+00
7.754271537588198759e-01 -1.960362289527886048e-01 4.214271060576368022e+00
8.561750610178741061e-01 -2.354707356255042738e-01 4.887079479560685336e+00
7.411222550266234332e-01 -1.315567713229460201e-01 4.623832190793270236e+00
6.603265283244880157e-01 -5.216976497060090562e-02 4.695168425668387435e+00
4.780577883757097801e-01 3.070805989383669499e-02 4.355726527599860454e+00
4.910162012120800612e-01 7.336757929672005352e-02 4.799684233252872190e+00
4.027047071912028819e-01 1.293593448296512793e-01 4.687053053278632753e+00
2.782002703744105299e-01 1.776392412129146059e-01 4.637781659990466210e+00
2.017716964477298258e-01 1.464643810567946292e-01 4.572727485433673245e+00
1.706330936042357860e-01 2.632122309119858672e-01 4.974591408253388636e+00
2.597224552792290215e-03 2.643721390431706397e-01 4.921974370392737441e+00
3.864891824780137056e-03 3.661330059021443706e-01 5.302318780352676342e+00
-6.649835107953296076e-02 4.216832176884517946e-01 5.097695476958448602e+00
-2.528823125082515499e-01 5.253049657227139013e-01 5.458656279108913267e+00
-2.953862168046901271e-01 5.484417396330967254e-01 5.086035247956580463e+00
-3.917883644692441991e-01 6.136995980803088280e-01 5.238689787227566619e+00
-4.408470797245266914e-01 5.909108088783063817e-01 5.211526538691948929e+00
-8.727773517310387641e-01 6.948847391143145868e-01 7.228889147552397532e+00
-7.588052508878787572e-01 6.139518386766671387e-01 5.499616885250079079e+00
-1.121803635877996363e+00 7.339001785744033723e-01 7.049104355546854883e+00
-9.704645430897939073e-01 5.309095992846164513e-01 5.460113952665400561e+00
-1.566068036920143403e+00 6.400920929281289640e-01 8.010296867377684649e+00
-1.549834969594779066e+00 4.593028856270268134e-01 7.214079461005184157e+00
-2.317212724358875597e+00 3.715904627970804674e-01 1.063830705248109432e+01
-1.828113398316963290e+00 3.330155424156585053e-01 7.985753714172114215e+00
-1.001670379553998291e+00 3.837047056823794655e-01 4.989997022254106795e+00
