nan nan nan
nan nan nan
nan nan nan
nan nan nan
nan nan nan
nan nan nan
nan nan nan
nan nan nan
nan nan nan
-2.858449410352144615e-01 5.567192721250335818e-01 2.862933609040752003e+00
-4.280705572133828851e-01 5.120373277056992078e-01 3.420526989157582687e+00
-5.040703596215613258e-01 5.587271192816561927e-01 4.054993622013487453e+00
-4.842001792407849003e-01 5.796242612127425753e-01 4.211772839783320954e+00
-1.577065230935684459e-01 4.885522344886011892e-01 3.189736041713850057e+00
-5.134916116183588786e-01 6.378855558184977070e-01 5.700520137443233715e+00
4.094498545955901903e-02 4.935459415121828952e-01 3.194848836669850201e+00
-5.022744861238186420e-01 4.694701302301035328e-01 6.438883227196622983e+00
-1.912926037604198770e+00 1.653164504607708141e-01 1.587845461158197047e+01
-2.052780796160378785e+00 4.162244332510516287e-01 2.122097247106459150e+01
3.463208172842053845e+00 8.618346809969233691e-02 -4.042758363743904226e+01
-2.111541487430861785e+00 1.618293590452671016e-01 3.180921848654153550e+01
9.525551930630200559e-01 7.119664517779273893e-01 -1.023510565205152467e+01
5.635970457040282433e-01 5.740582150576716280e-01 -9.369679104242708334e+00
1.437692425922749067e+02 7.260395366584646126e+01 -1.988936278122271688e+03
-1.122330621428440783e-01 4.587222008869201173e-01 8.387038334003515061e+00
1.656215773139779468e-01 4.859346046289375609e-01 4.006320762171903915e+00
-2.140080566900035119e+00 4.530673475363296981e-02 1.845368513558074497e+01
1.352988201852062533e-01 4.749952108005741080e-01 3.139542499923595464e+00
nan nan nan
1.300809784295182958e-01 4.581736699816362779e-01 2.835068883061045764e+00
1.323257776852129197e-01 4.498715259449367898e-01 2.670624613005393666e+00
1.459961092368742830e-01 4.556119320548367990e-01 2.476760465418184953e+00
1.434206975875543244e-01 4.539684836540793800e-01 2.417111852155739982e+00
1.642287556144362837e-01 4.571354317888791652e-01 2.243018228723512753e+00
1.555647011323909312e-01 4.487100560889711875e-01 2.165345357183839248e+00
nan nan nan
-2.383045652662050054e-02 4.074873198473092928e-01 2.711587678728368811e+00
9.031750161622174866e-02 4.397615728657618961e-01 2.227710066199240391e+00
1.040493611746606262e-01 4.212427830045931687e-01 2.121697675011362971e+00
1.075312398101431616e-01 4.237844780940318579e-01 2.092817775954735282e+00
1.697374233978098113e-01 4.365541638928219781e-01 1.993411021508076919e+00
1.912802980362180716e-01 4.309929977152164859e-01 1.916418105801804384e+00
1.676774202321259788e-01 3.984232087177371762e-01 2.054273895611573586e+00
1.783192769002296119e-01 3.684143224786246007e-01 2.192553324799523917e+00
2.415432034983482634e-01 4.050181344417199680e-01 2.275003641407088217e+00
2.388853239704184783e-01 3.281356258904046252e-01 2.343851521926032522e+00
2.937430707019394460e-01 3.044227835367204205e-01 2.457959373825103544e+00
3.458800470238487801e-01 3.352701458301375892e-01 2.554189048748480850e+00
4.204589374924009304e-01 1.712526975647084004e-01 2.957490952848774501e+00
4.927810504786862000e-01 1.266690573485376170e-01 3.291133755091266266e+00
1.136388400006228983e+00 -1.582982099266942999e-01 5.402944582953562502e+00
1.873380116783338378e+00 -3.929837400268975656e-01 8.122013451433437226e+00
4.807530103846085368e+00 -1.949807506056707718e+00 1.880179803163251506e+01
5.467008054776824721e+00 -2.589037296661689691e+00 2.281061052355348551e+01
3.368058234845818788e+01 -1.037760294285877372e+01 1.393060528840852612e+02
1.604201743713606909e+00 -3.228626919026965081e-01 7.469879019061927750e+00
1.038898205120779794e+00 -9.617144798735907663e-02 5.415342148218703855e+00
5.750857275000130775e-01 3.395945887643654904e-01 3.526816112693613281e+00
6.320247191872969683e-01 3.255440702152577748e-01 4.059055604521224936e+00
4.649249582531463365e-01 2.299882914505677334e-01 3.585499277851631028e+00
3.691130113902069132e-01 3.889073617414398609e-01 3.151146604113880034e+00
2.851876675257312699e-01 3.364389111266957166e-01 2.995134629081662503e+00
2.496247872071499785e-01 3.951541264753987148e-01 2.775710087366644707e+00
2.020825025280775233e-01 3.936521127013301036e-01 2.854813381681770235e+00
2.037217186646234635e-01 4.458311188632282374e-01 2.682405117611259548e+00
1.670954285661815086e-01 4.285750353538603785e-01 2.829440287982015967e+00
2.653713085176319653e-01 4.993887879840627764e-01 2.200945152439503172e+00
1.524512825048033593e-01 4.564313652288254364e-01 2.823014301337697152e+00
1.490710421759432192e-01 4.822054528196316747e-01 2.945687028108362693e+00
5.134540903690559127e-02 4.430114623502683369e-01 3.673751606767912570e+00
2.610461154826227426e-01 5.176130585596677713e-01 2.493110877816373527e+00
1.912062939509292236e-01 4.871868355182469301e-01 2.932052705292323314e+00
-1.969178080496556196e-02 4.594955203961684220e-01 5.063250750862930083e+00
2.644854778229345782e-01 5.465556569912644047e-01 3.211407672820909553e+00
2.564609609280200098e-01 5.339166634754535234e-01 3.283427305198161950e+00
2.436536721418555429e-01 5.409467493424903184e-01 3.763740701393426757e+00
-3.572178565780637638e-01 7.225880880855772848e-01 1.147815707656959106e+01
1.061974244757559305e+00 1.582105822183808852e-01 -1.217017796270002883e+01
1.091767977229646469e+00 1.526519605996794482e-01 -1.294864061668905109e+01
7.665384798165609803e-01 3.715215878293770535e-01 -9.866975219066038250e+00
5.930919432213417331e-01 5.250850552243979674e-01 -6.548451808661296170e+00
6.992575356067293191e-01 -9.326939654326783791e-02 -1.294316390995723687e+01
-4.883748668576586849e-01 6.484930293972693827e-01 1.370070282320301658e+01
3.305793989755399398e+00 4.913409253952281119e-01 -3.227319127084770400e+01
-8.119353349448917845e-01 6.209955548602089648e-01 1.329267932062146329e+01
-9.478731278914577230e-01 8.864007779259881481e-01 1.382172624968022490e+01
-9.056625379927948361e-01 1.032353200051301156e+00 1.204851877552433770e+01
-9.191387375435818852e-01 7.773810985034125265e-01 1.056569932491812125e+01
-2.735789968546083889e-02 5.659358369541304112e-01 3.609839558468311171e+00
-3.493215593878526981e-01 6.890027138218584035e-01 4.623211093758140322e+00
-2.522879765676247499e-01 6.563689511525069298e-01 3.935148805414215190e+00
-3.245053523204821100e-01 6.832761874951402969e-01 3.946804425168877639e+00
-3.888601951189394335e-01 6.175660216330729479e-01 3.562799959295227747e+00
-3.997650402190834895e-01 6.217678983832825024e-01 3.359042491011494658e+00
-4.135945132947307368e-01 6.032572509358368196e-01 3.287139561704967683e+00
nan nan nan
nan nan nan
-1.755333194728616319e-01 5.171128733123586674e-01 2.431479256264147182e+00
6.377957383750514075e-02 4.846855883325600356e-01 1.993294141398004538e+00
-4.224609344090757834e-01 5.332307143550352180e-01 3.310746392625942836e+00
nan nan nan
-2.070705847931795240e-01 3.975567161276547523e-01 3.535065443751562508e+00
-3.016553774696608681e-01 4.040822410909717388e-01 4.300404100184011646e+00
3.180660717071424892e-02 4.174054319997526630e-01 2.904513987314699897e+00
-1.339283370729713596e+00 1.303945448567352394e-01 9.491416396133782740e+00
-3.337497746811799004e+00 -2.138901096643512356e-01 2.586801357243250976e+01
-1.867781499451968585e+01 -2.686426829822825102e+00 1.558931595477865244e+02
2.823895226110797907e+00 8.758200955230046603e-01 -3.219428856124729776e+01
-3.576169904714812997e+00 -9.877301180691357985e-01 5.740001055584802714e+01
1.778616739752724163e+00 1.003537172891687534e+00 -1.921109135544156032e+01
8.597302656298743129e-01 9.474852710216290497e-01 -7.622052553121406504e+00
1.574572298504946621e+00 1.272353195863776820e+00 -1.772636275981033549e+01
6.085780613250959981e+00 2.933546571275711834e+00 -7.087089600115987764e+01
2.084943252311767914e+00 1.093971108646140999e+00 -1.736016444736467790e+01
7.519739055021486263e-02 2.583688365819075128e-01 5.512802413832900150e+00
nan nan nan
nan nan nan
1.854143768353664901e-01 3.443125721428201835e-01 3.562247442187538304e+00
2.713777186999012381e-01 4.026523539678229513e-01 2.542711065360284017e+00
nan nan nan
nan nan nan
2.616508989381132744e-01 4.000067235081625761e-01 2.402300727445692896e+00
1.039149723332714742e-01 2.507127074248010623e-01 3.365102728509276275e+00
2.222014377586396527e-01 3.660810302028520424e-01 2.734638137672861458e+00
1.067661311559916781e-01 1.587862896817563152e-01 3.801889492841900697e+00
2.058400491932726173e-01 2.704650972711338808e-01 3.148072546944341799e+00
2.564120100366742983e-01 3.123914571776420512e-01 2.799420703792059317e+00
2.586962384163825068e-01 2.074604189757446870e-01 3.199563058168293672e+00
3.122839217343667539e-01 1.771290298471064339e-01 3.305809193400767843e+00
3.852579054612159659e-01 3.061673649479840220e-01 2.989869722602344293e+00
4.593731967002117611e-01 3.464244743258471093e-02 4.001004875810609818e+00
4.929900670877520596e-01 2.083659703852277223e-01 3.071771756129753062e+00
4.630517044590023445e-01 2.184794943405935219e-01 2.689042454136537863e+00
-8.127601819102814318e+00 4.812434892470183634e+00 -4.397822943359763315e+01
4.905057821348541292e-01 2.992875671883728494e-01 2.276349641850979211e+00
3.065631007571854916e+00 -1.607939781575262517e+00 1.244417339047469540e+01
2.773787508766263343e+00 -1.697698899569275222e+00 1.168186490487717144e+01
2.595750589129109720e+00 -1.644380371256663365e+00 1.237166866248181840e+01
9.532959813342423150e-01 -2.204500151158839683e-01 4.371351084610754612e+00
8.380739596985347095e-01 -6.953201411006719110e-03 3.859103075648979253e+00
6.014839495213331055e-01 9.013257081403396390e-03 3.155793207666764744e+00
5.010156091880472173e-01 2.117704483649912317e-01 3.004607796139718623e+00
4.279452743730520758e-01 1.875174642190006735e-01 2.393120540025596377e+00
3.254088979768100520e-01 2.601364634024169731e-01 2.091301462443901027e+00
2.761638885311366032e-01 3.557285200145859361e-01 2.008126258648978979e+00
2.592041897971123499e-01 3.031400454954150669e-01 1.846401369314709218e+00
2.180756135244656946e-01 3.416145021736546883e-01 1.750045405054661662e+00
1.904749869575053656e-01 3.460324250771259491e-01 1.809074365808119200e+00
1.803855441074381505e-01 3.802615585935013032e-01 1.701803639228662179e+00
1.710032391985090161e-01 3.853986368255345463e-01 1.716124206894499737e+00
8.384099864878116759e-02 3.411102329786249721e-01 2.158567388327628844e+00
1.627079311823952656e-01 3.964790106922994051e-01 1.985808249516100688e+00
1.027739319555172337e-01 3.477347607225723114e-01 2.295882450450771994e+00
1.985283151008241653e-01 3.944870844565182000e-01 2.060185601366948838e+00
5.573296816934350528e-02 2.597077244094116999e-01 2.940412352233979565e+00
1.983229088237788984e-01 3.823986870662530180e-01 2.373580811416299507e+00
nan nan nan
2.279777639989611082e-01 3.737252563357529866e-01 2.497131960846729726e+00
1.032277420504599114e-01 2.501201879117954108e-01 3.475067593079368855e+00
1.526554810758863345e-01 2.551544537378777622e-01 3.309363901089002802e+00
1.875902588741885091e-01 2.545328768803695740e-01 3.024317713138144459e+00
2.316368260726571759e-01 2.717499573824756487e-01 2.888315872016288033e+00
2.447766279162438274e-01 1.788649500881769328e-01 3.169296914365353324e+00
3.689572084400704055e-01 2.640363691064965268e-01 3.166854759382383033e+00
3.137973653718044709e-01 1.443164876301269162e-01 3.082411833821531832e+00
3.827617117732977081e-01 3.313083621659063671e-01 2.386511207760140696e+00
5.149378808390084883e-01 2.894457339722575351e-02 3.733513350610937920e+00
5.684100189147640592e-01 4.092712915812535962e-02 3.801100997571611018e+00
7.087261398836495196e-01 -1.847661287350368109e-01 4.394786991503234930e+00
7.058709766623589843e-01 9.477476116430634534e-02 3.670387167553424312e+00
1.248947990485645976e+00 -5.929831840067976145e-01 6.101167476420083169e+00
1.970987793291678170e+00 -1.226515034963544082e+00 8.514410160887937451e+00
1.694887280690859255e+00 -8.707747095673958881e-01 7.252773079092378339e+00
9.672371170000086948e-01 -1.593410425988562584e-01 4.607849122250635254e+00
7.086824268571286778e-01 -7.807995596066052979e-02 4.027020831094366926e+00
6.297376857879161127e-01 -1.677027227136420051e-01 4.056151756321383139e+00
5.193699646973181094e-01 -2.728557609495719377e-02 3.626341765088407776e+00
3.969816048257922003e-01 9.833998073424977948e-02 3.163583535982336326e+00
3.223405517497945350e-01 2.731624747230204098e-01 2.581849001887864592e+00
2.660055559139768433e-01 1.832944517074433233e-01 2.828706878927916613e+00
2.278208340512342667e-01 2.227342395515068130e-01 2.784386656572183760e+00
2.287684114880250974e-01 3.254965058481972817e-01 2.374445620737901219e+00
1.986143328795248741e-01 3.042098133183966935e-01 2.722587345425492078e+00
9.950119144864524867e-02 2.647996265013453088e-01 2.726872245216494406e+00
1.716304787798887399e-01 3.600607429522582059e-01 2.276887795214693977e+00
3.925699253495405078e-02 2.980310179527543291e-01 2.600033507140993017e+00
1.252673420064220194e-02 3.230740640759398596e-01 2.567834481928570334e+00
5.871309185315976009e-02 3.684839568984070168e-01 2.254054584082766599e+00
6.717710418814612505e-02 3.974860465011316735e-01 2.195620606828904364e+00
5.510535306034846509e-02 3.940058768977210413e-01 2.120352866409790149e+00
1.694992236867151336e-01 4.119225512320964233e-01 1.808975191125848259e+00
-1.459760372559409415e-02 3.805803877294556270e-01 2.354203206307887264e+00
1.105216206275765334e-01 4.301539457229983654e-01 2.004907443311311432e+00
6.493117919821524142e-02 4.136993328287962846e-01 2.097677880314541721e+00
8.702654405669155158e-02 4.308882843936638340e-01 2.110607940291355344e+00
8.883401000209077691e-02 4.227385424168899064e-01 2.123715399550989424e+00
2.388222158094589417e-02 4.409523513162948438e-01 2.461250800935424365e+00
3.837018944382374758e-02 4.098165324790840613e-01 2.475142926076108196e+00
1.028226154526969832e-01 4.584142449959362486e-01 2.261965931911508410e+00
nan nan nan
