nan nan nan
nan nan nan
nan nan nan
nan nan nan
nan nan nan
nan nan nan
nan nan nan
nan nan nan
nan nan nan
nan nan nan
nan nan nan
nan nan nan
nan nan nan
-2.137925635160466964e-01 -2.086075159903808818e-01 7.234100059553280060e-01
-2.006114709702749577e-01 -1.957646314365719953e-01 6.787765715941329603e-01
-1.945052387358508772e-01 -1.898330903451907192e-01 6.581590043346413621e-01
-1.744889954489216577e-01 -1.703131399197219398e-01 5.904251506000899319e-01
-1.498446034753055656e-01 -1.462792251300538415e-01 5.069942782085139488e-01
-1.506581165456027938e-01 -1.470891725200803857e-01 5.097563572164057755e-01
-1.487847129740288710e-01 -1.452933702403018668e-01 5.034434906816264155e-01
-1.426550949225164622e-01 -1.393168749799544859e-01 4.827026835227257728e-01
-1.386410530560603094e-01 -1.354321881664795613e-01 4.691489879931452500e-01
-1.407536411253205166e-01 -1.375284004712561681e-01 4.763585743251533278e-01
-1.352884361542746050e-01 -1.321527902543189747e-01 4.578268966719936106e-01
-1.429781713247492703e-01 -1.396363047245772482e-01 4.838551530893383523e-01
-1.474522164079590247e-01 -1.439885877962641392e-01 4.989906216355016189e-01
-1.415574670446142491e-01 -1.382052480128586336e-01 4.789678975668473226e-01
-1.543017134543439306e-01 -1.506445029237402644e-01 5.221726372552278894e-01
-1.645132872265753776e-01 -1.606015001545762488e-01 5.567480001983940996e-01
-1.725913053411378406e-01 -1.684776688688483237e-01 5.840946840994607481e-01
-1.723437395303897557e-01 -1.682299835904297047e-01 5.832680734495250263e-01
-1.063491987512750064e-01 -1.038106603166403241e-01 3.599155726354699159e-01
4.786318279393139696e-02 4.671063596070291341e-02 -1.620173986264406840e-01
1.659742491618944604e-01 1.620122427929873155e-01 -5.618387612177833113e-01
-1.882486430232383975e-02 -1.836745109571980700e-02 6.372014669927530961e-02
-5.768551568323242867e-02 -5.629818965803855962e-02 1.952858713380559164e-01
-7.237685266806068163e-02 -7.064326647645874369e-02 2.450439214472263094e-01
-8.085840108091352230e-02 -7.891544230089635181e-02 2.737701272352948689e-01
-8.803407217013128894e-02 -8.592341484891212466e-02 2.980836856620808772e-01
-9.483514096053816123e-02 -9.256550071468107321e-02 3.211382427255713989e-01
-1.004970024230490006e-01 -9.810774781178101256e-02 3.403394560304123240e-01
-1.041128982418462884e-01 -1.016459782340154716e-01 3.526105360958508572e-01
-1.082376449310670508e-01 -1.056816356951032210e-01 3.666075431604746693e-01
-1.138284409334377745e-01 -1.111618585518943658e-01 3.855822744054342999e-01
-1.190887648534835336e-01 -1.163172412705956865e-01 4.034168135479468953e-01
-1.210464070781763074e-01 -1.182370261272612799e-01 4.100729962645043303e-01
nan nan nan
nan nan nan
-1.296956641733889304e-01 -1.267370292536906251e-01 4.394476941797536562e-01
-1.316790041181160886e-01 -1.286933982139146504e-01 4.461749058810230983e-01
-1.375777339356711593e-01 -1.345006333459774495e-01 4.662336237729680088e-01
-1.387791610915121709e-01 -1.356920906884214184e-01 4.703213863129116490e-01
-1.389578928703820715e-01 -1.358857441629275076e-01 4.709502611043866471e-01
-1.387879749944141983e-01 -1.357157708042453503e-01 4.703587231881215525e-01
-1.425363911063397548e-01 -1.393874390218451942e-01 4.830502557196794111e-01
-1.385783582991174934e-01 -1.354782809959776402e-01 4.696217501435234198e-01
-1.378476923686818290e-01 -1.347549218523758918e-01 4.671205215024482049e-01
-1.362380203044126770e-01 -1.331505937223036451e-01 4.616202649301802130e-01
-1.372971810687894645e-01 -1.341787605945926887e-01 4.651861174516314090e-01
-1.313982365745962333e-01 -1.283950041395476027e-01 4.451765156789018740e-01
-1.288696081000429428e-01 -1.259094125845370005e-01 4.365801221776413055e-01
-1.234165059397807351e-01 -1.205685779724525175e-01 4.180807290221131844e-01
-1.200159207125788691e-01 -1.172325804485205986e-01 4.065280583675393578e-01
-1.158834635475281538e-01 -1.131876230802627559e-01 3.925062732315411917e-01
-1.117620297761930670e-01 -1.091522700895432435e-01 3.785184573080713766e-01
-1.080767745908605554e-01 -1.055497171224095559e-01 3.660083963777387428e-01
-1.049580561033211512e-01 -1.025023962644322079e-01 3.554263720236480739e-01
-9.788284072665726088e-02 -9.558762659638163350e-02 3.314454784360463813e-01
-9.395446409429338008e-02 -9.175092708366895666e-02 3.181199136554598295e-01
-9.690822906324840502e-02 -9.463721318246030856e-02 3.280975963504388360e-01
-1.059653466139037492e-01 -1.034823361796915336e-01 3.587303150106198601e-01
-1.139812194552533714e-01 -1.113032557164668201e-01 3.858326283269248314e-01
-1.313435158965473581e-01 -1.282573960980127881e-01 4.445823626442477194e-01
-1.477589114125838210e-01 -1.442914426521869631e-01 5.001318682217545941e-01
-1.535809950298713811e-01 -1.499706426975951079e-01 5.198005824132185815e-01
-1.530161613594206993e-01 -1.494269603010509317e-01 5.178668579343936873e-01
-1.507954325898607506e-01 -1.472707688401060921e-01 5.103331418196092040e-01
-1.524778064403597144e-01 -1.489148238417533354e-01 5.159628625748045039e-01
-1.519886282236916908e-01 -1.484420940600729155e-01 5.143142635634728732e-01
-1.473722860306536653e-01 -1.439562717410194370e-01 4.987052828008453065e-01
-1.425295444998818384e-01 -1.392442561675843460e-01 4.823278485156081707e-01
-1.552498989194594503e-01 -1.516324312458885160e-01 5.253563106325692678e-01
-1.504298255234563508e-01 -1.469036340239049110e-01 5.090282897802209661e-01
-1.487407426712004654e-01 -1.452443025932025344e-01 5.032917586345667660e-01
-1.541827394525510375e-01 -1.505392083600869679e-01 5.217024374467194026e-01
-1.677160314644349226e-01 -1.637268258380120411e-01 5.674811488075250931e-01
-1.841710567485322914e-01 -1.797647181431179797e-01 6.231618593561145669e-01
-1.787286001037135530e-01 -1.744498289724190077e-01 6.047360154865248916e-01
-2.179705226764818704e-01 -2.127233356513459073e-01 7.375739471235420730e-01
-2.103936769338509705e-01 -2.052915384359449147e-01 7.118788462097475067e-01
-2.046601102080808920e-01 -1.996837103460019913e-01 6.924704927303586555e-01
nan nan nan
nan nan nan
nan nan nan
nan nan nan
nan nan nan
nan nan nan
-1.432836428769931059e-01 -1.397278778787055808e-01 4.848168639728485663e-01
-1.585938747824228445e-01 -1.546820360650199844e-01 5.366157364020567311e-01
-1.692882986624300035e-01 -1.651334894764918126e-01 5.728032085918990379e-01
nan nan nan
-2.897876353551293027e-01 -2.828168501077546471e-01 9.806899173530899683e-01
-2.046338059489103134e-01 -1.997187300978834901e-01 6.924694299296686451e-01
-1.712467286813438294e-01 -1.671460756619576049e-01 5.794740603033469162e-01
-1.504304658410711704e-01 -1.468341390061514706e-01 5.089697525082753637e-01
-1.407715994325832165e-01 -1.374328011119645143e-01 4.762921334152306896e-01
-1.403690617465365997e-01 -1.370581392179881230e-01 4.749452831392454999e-01
-1.355027275013707400e-01 -1.323431963898314412e-01 4.585189337388929642e-01
-1.354473018571920595e-01 -1.323015487078553765e-01 4.583530656284311999e-01
-1.362627598776577353e-01 -1.331015169474159821e-01 4.610891405987298519e-01
-1.339313616459542611e-01 -1.308615794313662817e-01 4.532568413777439686e-01
-1.305846676086227787e-01 -1.275744889899187995e-01 4.418970655664554159e-01
-1.294425918448069424e-01 -1.264583197387760261e-01 4.380724664123283318e-01
-1.297762360995736719e-01 -1.267634607272632441e-01 4.391621363932836086e-01
-1.272932220821996474e-01 -1.243494042221009593e-01 4.308438975903651214e-01
-1.257593045376605434e-01 -1.228494997267261385e-01 4.256846546007270748e-01
-1.255259875776465472e-01 -1.226149622199931705e-01 4.249132228015362056e-01
-1.240371417779233265e-01 -1.211595492280791442e-01 4.199000651789968619e-01
-1.223872667460400299e-01 -1.195505365271447434e-01 4.143378719516800923e-01
-1.159072848467768702e-01 -1.132242718099115697e-01 3.924400607605656455e-01
-1.134507099696813598e-01 -1.108196707919703178e-01 3.841380811903058468e-01
-1.146874469613266972e-01 -1.120298029378592047e-01 3.883494346469659186e-01
-1.117600321553828685e-01 -1.091691668076692906e-01 3.784643355478102822e-01
-1.141545732539390318e-01 -1.115100254771115712e-01 3.865944802051061724e-01
-1.166415842349715071e-01 -1.139493033699322949e-01 3.950485747239650403e-01
-1.189538980005413193e-01 -1.162089653681873808e-01 4.029079316768403030e-01
-1.203244670054093024e-01 -1.175531921464229301e-01 4.075688301546455672e-01
-1.219211412603358885e-01 -1.191219591075984158e-01 4.130064411908075384e-01
-1.242894869951737119e-01 -1.214477245282895024e-01 4.210564219971655309e-01
-1.291139885856697478e-01 -1.261716218197939388e-01 4.374173336935020528e-01
-1.286933303009087093e-01 -1.257785042907821060e-01 4.360145975341442326e-01
-1.334413972870194809e-01 -1.304277314047181391e-01 4.521403533392651108e-01
-1.328992433095969317e-01 -1.299068691887248217e-01 4.503237713991982138e-01
-1.408288831974592592e-01 -1.377111656413398666e-01 4.771911120352033131e-01
-1.383481187488734554e-01 -1.352667854287953608e-01 4.688367411726867551e-01
-1.362767888775979763e-01 -1.332670328534002746e-01 4.618662582031251018e-01
-1.354307164329862645e-01 -1.324458379824858811e-01 4.590019412781002894e-01
-1.368454910482970743e-01 -1.338247428594667998e-01 4.637600452548830132e-01
-1.342446864463736067e-01 -1.312478829549356407e-01 4.549733614301396667e-01
-1.353552293144498209e-01 -1.323264350511153264e-01 4.587278205842728607e-01
-1.320902676644178098e-01 -1.291162488540870401e-01 4.476486635228751343e-01
-1.327550750554337133e-01 -1.297504982200461954e-01 4.498569127546593327e-01
-1.296087102625557430e-01 -1.266577664949589399e-01 4.392178496138403054e-01
-1.258140709294495729e-01 -1.229250881537793522e-01 4.263354882324409401e-01
nan nan nan
-1.215777582641413002e-01 -1.187551587143883675e-01 4.119544799590083017e-01
-1.188910859977168749e-01 -1.161097960338380586e-01 4.028252293586000454e-01
-1.150497885271510173e-01 -1.123489792005045174e-01 3.897729148522923182e-01
-1.133944244144735880e-01 -1.107089347012365915e-01 3.841385736904290860e-01
-1.114064751426264988e-01 -1.087601867411942258e-01 3.773718147987503713e-01
-1.059652000054121523e-01 -1.034580585137253872e-01 3.589016033554442431e-01
-1.028202240199821565e-01 -1.003844390139700116e-01 3.482263135503743112e-01
-1.077032251125918244e-01 -1.051667087944122558e-01 3.647890986727899132e-01
-1.036240556886512537e-01 -1.011869876136822777e-01 3.509388995939797251e-01
-1.081660657242347889e-01 -1.056411750208464673e-01 3.663483696256341071e-01
-1.074619452457763052e-01 -1.049539163171610001e-01 3.639316387320679080e-01
-1.099841500918559978e-01 -1.074312579647703353e-01 3.724696598468820730e-01
-1.110653033228231196e-01 -1.084877181452455208e-01 3.761007332719055185e-01
-1.130294779168643793e-01 -1.104087844215359548e-01 3.827876047710495055e-01
-1.154986475864080708e-01 -1.128273772430255922e-01 3.911746676081899743e-01
-1.166310497510828215e-01 -1.139391155829546642e-01 3.950314769625571931e-01
-1.188667055897084240e-01 -1.161290864954866442e-01 4.026297943675670177e-01
-1.211309430284059768e-01 -1.183529198861381776e-01 4.103276279240503643e-01
-1.270339937769496275e-01 -1.241360358733579611e-01 4.303470953937587606e-01
-1.245887484892021502e-01 -1.217504295697499905e-01 4.220797800605455841e-01
-1.310134318755502292e-01 -1.280454743737359513e-01 4.438730291971010877e-01
-1.308577211059142320e-01 -1.279019086370970781e-01 4.433827935852222568e-01
-1.327323826983573263e-01 -1.297413194579475071e-01 4.497431888752662643e-01
-1.326124545934191101e-01 -1.296423208719679199e-01 4.493767371672005573e-01
-1.376398524937263723e-01 -1.345633882376729706e-01 4.664161326932984020e-01
-1.347718922397142804e-01 -1.317825252104359302e-01 4.567466302217895180e-01
-1.343976538925361341e-01 -1.314345434851706407e-01 4.555079564059776320e-01
nan nan nan
-1.358733859243493602e-01 -1.328511978164854390e-01 4.604759226813377460e-01
-1.344751082078610716e-01 -1.314604964059903347e-01 4.556993196810157909e-01
-1.314059722585472767e-01 -1.284553228448763185e-01 4.452880633045797065e-01
-1.301086677302287498e-01 -1.271706810660136189e-01 4.408697371890394900e-01
-1.275407521567368807e-01 -1.246436373565500411e-01 4.321386179643777470e-01
-1.254394020383422514e-01 -1.225703831000439087e-01 4.249753104080927213e-01
-1.218378830540704227e-01 -1.190432460757756966e-01 4.127663328039850033e-01
-1.198189210985734499e-01 -1.170587238393804297e-01 4.059054332392955655e-01
-1.164453380861364129e-01 -1.137484584938511512e-01 3.944443812510977088e-01
-1.167305674624876666e-01 -1.140253707443897729e-01 3.953892216464602871e-01
-1.103652941767570006e-01 -1.077925770293155228e-01 3.738195382303000081e-01
-1.053976539580825794e-01 -1.029304182846823013e-01 3.569556117925743455e-01
-1.028231805998964660e-01 -1.004051928137875693e-01 3.482348719656334635e-01
-9.884510396312165548e-02 -9.650859796952603042e-02 3.347458968948485714e-01
-8.984789533608937562e-02 -8.770283115614832536e-02 3.042365815547998786e-01
-8.781778266342286920e-02 -8.571192473811103940e-02 2.973479713163380556e-01
-6.059935747849890669e-02 -5.912169153077553169e-02 2.051462317580355632e-01
-8.177435681507168319e-02 -7.979681980419774112e-02 2.768478954683983306e-01
-7.380404448888525093e-02 -7.201141032849261991e-02 2.498240343553628784e-01
-8.006621956936071927e-02 -7.810740971835163082e-02 2.709814727168924908e-01
-9.444659752739531511e-02 -9.213834251258140595e-02 3.196263990711194491e-01
-1.554501026454258583e-01 -1.516780616707059381e-01 5.260622984782858946e-01
-1.941491548682510726e-01 -1.894493127080137396e-01 6.570245349295237292e-01
-2.441064297875686073e-01 -2.382101034110281623e-01 8.260817863312305276e-01
-2.900190908610121299e-01 -2.830360192915210016e-01 9.814719740718890195e-01
-2.510752868909745805e-01 -2.450170661169193409e-01 8.496453166241134669e-01
-2.741953693809440207e-01 -2.675775538169240519e-01 9.279451243987489883e-01
