1.648518201860842136e-01 -1.422746756752162334e-01 -7.189155343029781653e-01
1.765829398054516719e-01 -1.349187148347732734e-01 -7.338522658766547524e-01
1.961404936467980864e-01 -1.491488260344676353e-01 -7.365579449655612621e-01
2.274081087553071479e-01 -1.508334541564348430e-01 -7.565775012354430951e-01
2.426037078355530452e-01 -1.472357616540554692e-01 -7.663817844106557420e-01
2.801075813973253892e-01 -1.286149685486721317e-01 -8.042638229558243257e-01
2.837147551522293254e-01 -1.291124129495410666e-01 -8.000059889185033857e-01
2.932363840877073025e-01 -8.633741248849607919e-02 -8.363857917815660237e-01
2.795037142801651830e-01 -7.509906440726557553e-02 -8.369690050660721914e-01
2.449745021219717489e-01 -4.518910877778706953e-02 -8.452378548200134567e-01
1.348330261639460459e-01 -4.768563775481162587e-02 -7.604209912622231782e-01
1.235926535968665529e-01 -4.946144181318722771e-02 -7.546274983632137445e-01
1.264102631665837972e-01 -5.143780374617864387e-02 -7.506428182854418818e-01
1.539156495711347383e-01 -4.976592484153633672e-02 -7.730179351848569524e-01
1.064896535632430252e-01 -7.018281077069786489e-02 -7.296234462562599665e-01
9.032223287367890929e-02 -6.706696004010173628e-02 -7.228296217501090082e-01
7.608632352391243858e-02 -5.496402230607155825e-02 -7.215318437977953359e-01
3.859693597509357421e-02 -3.152136653633736546e-02 -7.108485476254109425e-01
1.012097415346084085e-02 -4.591099239525016362e-02 -6.830450468414313026e-01
-1.667858257561099719e-02 -6.208312934029021346e-02 -6.577227197032032846e-01
-4.782782277455676495e-02 -4.675911528007959533e-02 -6.320427297974916536e-01
-6.165359921508225399e-02 -4.115815535914559703e-02 -6.452369534696844600e-01
-7.429192170193354983e-02 -6.187670023245907952e-02 -6.224997634519934264e-01
-1.052753078626469246e-01 -2.486115378484078306e-02 -6.300501149041676241e-01
-1.509210045955469426e-01 -3.010112985023199322e-02 -5.917490727215669599e-01
-1.598544239896029229e-01 -4.188486942766458943e-02 -5.777972507165762828e-01
-1.435864842658330920e-01 -4.270046237507697101e-02 -5.851485742657720479e-01
-1.298304586558994833e-01 -1.150227643557343894e-02 -6.239607615598220525e-01
-1.240831160491545071e-01 -9.379157270995811674e-03 -6.313821001080399675e-01
-1.228599189155893529e-01 -7.192923163724621906e-03 -6.357114069454427030e-01
-1.315809781059223416e-01 1.795006647652148957e-02 -6.517293016141343376e-01
-1.285859327230166604e-01 1.180543650267820970e-03 -6.488217006266551179e-01
-8.704930216463246939e-02 5.876959659258031154e-03 -6.736390660077752335e-01
-6.863212679427367624e-02 2.047915647720202625e-02 -6.944720742058689833e-01
-4.023116370610912290e-02 9.157482837299123907e-03 -7.050964807999988704e-01
-1.219054889040238968e-02 -1.586875774696686059e-02 -7.068698568535830562e-01
1.110165332077813274e-02 -9.417170495863441335e-03 -7.237998572798975960e-01
5.404770614042381932e-02 1.582061126951306296e-02 -7.693397077629523517e-01
7.875823823044650340e-02 1.059226549869477299e-02 -7.812112700242580532e-01
1.171904348139740787e-01 2.933848883994569917e-02 -8.158776859007639271e-01
1.119967098598110833e-01 1.582291825029722918e-02 -8.031966806932432368e-01
1.423292507074387647e-01 3.466957682356186510e-02 -8.359589195735129818e-01
2.035754695460069708e-01 -7.848621401338627332e-03 -8.447073952168429045e-01
2.403726695281717674e-01 -4.055490526151368097e-02 -8.478546114127526456e-01
1.966652457490879746e-01 -8.206048721495465270e-02 -7.940227923188262205e-01
2.047062141659897749e-01 -9.356209113265158417e-02 -7.964128386681553762e-01
1.771389387191968645e-01 -1.005810513996247546e-01 -7.729364235534381677e-01
1.515623980390830849e-01 -1.063833791556797193e-01 -7.500346597192433240e-01
1.126825382764683886e-01 -7.667734483235212617e-02 -7.476364903814046725e-01
9.440890775947705094e-02 -6.138942256775073436e-02 -7.422112627909023264e-01
2.706066567609926796e-02 -1.042784727371032227e-01 -6.724255023454293045e-01
-5.684864794900352548e-03 -1.087645837005191407e-01 -6.488452011646539397e-01
-3.615234386334563454e-02 -1.122053996284879118e-01 -6.265026527815308333e-01
-7.810478528691143507e-02 -9.751517670084591805e-02 -6.060868349445051040e-01
-8.718800956116438960e-02 -8.092049087520224171e-02 -6.120393515165012399e-01
-1.118300598145139380e-01 -1.096460754987333280e-01 -5.794928236269384358e-01
-1.262262417838885542e-01 -9.594816588562246618e-02 -5.780113601025240744e-01
-1.089856209306683255e-01 -1.148950364826352710e-01 -5.736244432720735142e-01
-1.006669145432416562e-01 -9.909356404709987465e-02 -5.890766840093721868e-01
-6.764699638647593549e-02 -1.066938403123074697e-01 -6.089597033805780324e-01
-3.870123551480146584e-02 -1.151905157938912794e-01 -6.220696333670434619e-01
-6.962035928747417612e-03 -8.813135586496706475e-02 -6.592651796656893159e-01
2.445656621590171567e-02 -9.251801066196072010e-02 -6.689859895567950021e-01
5.234694730249366684e-02 -8.490305425655365890e-02 -6.962069423003350854e-01
8.715558531759079464e-02 -9.749064271729412923e-02 -7.060210001750432118e-01
1.061677342677760372e-01 -7.935000667024870447e-02 -7.351704472975806315e-01
1.219370666259435437e-01 -9.915566964433042418e-02 -7.291731122531628362e-01
1.416724958872806472e-01 -7.188664493316665460e-02 -7.619183559567809239e-01
1.726070063874165228e-01 -9.456943147923187187e-02 -7.681756138482997986e-01
2.022589251331373406e-01 -7.528951418036600174e-02 -7.998004225619160801e-01
1.912328708999183058e-01 -7.581437679918152928e-02 -7.954623151252679936e-01
1.743773444799188999e-01 -4.134334590411890137e-02 -7.994017789047569433e-01
1.563381419776223302e-01 -2.979459011886878214e-02 -7.975633651571192306e-01
1.045480990094310864e-01 -5.546275868886355043e-02 -7.409877283749948251e-01
8.635844733957648289e-02 -2.153338620298530723e-02 -7.406910269728916862e-01
5.223703210359220001e-02 -1.797925831769204078e-02 -7.317395324868243289e-01
2.172866907618932475e-02 -1.595311940877372492e-02 -7.171893309852070963e-01
-9.815372386366590790e-03 -1.664595431695626779e-02 -6.967683263251519543e-01
-2.455625235922009875e-02 -1.585027838353488330e-02 -6.867911603414131871e-01
-3.719867343580438024e-02 -2.478156005342312118e-02 -6.575166086971572232e-01
-8.288766372974766539e-02 -4.347700542424329934e-02 -6.284041685956935908e-01
-1.063882335327769602e-01 -3.119805034565005172e-02 -6.150884467325358207e-01
-1.614755890315795750e-01 -8.177202075869194342e-03 -6.043064134000805110e-01
-1.288218469469073757e-01 -9.470125035617383419e-03 -6.214695724769924157e-01
-1.256830688650441008e-01 -3.755932124685796430e-03 -6.330960764858929446e-01
-1.287012437974644763e-01 -2.281071886766709161e-02 -6.231293995619353598e-01
-1.510600886132174858e-01 1.543561362500404932e-02 -6.384271533097077844e-01
-1.331466058626038784e-01 1.687827972510844848e-02 -6.520019657350645259e-01
-9.307742960742372562e-02 4.200588593567433133e-05 -6.611775658794301069e-01
-6.066598559819418035e-02 1.893005981348119121e-02 -6.935858228964854044e-01
-3.109247152592685415e-02 2.290015342528465767e-02 -7.150419899115891820e-01
-5.315987671772375023e-03 1.506432991543142988e-02 -7.301275636708883798e-01
2.864532067787665601e-02 1.921845554774472692e-02 -7.594891691862575289e-01
7.247968449177759342e-02 2.795752149549259394e-02 -7.895335160729383128e-01
1.032325626885736980e-01 3.143565491921782723e-02 -8.117773281323721335e-01
1.601475921521781087e-01 3.643191441156209964e-02 -8.496107110522713723e-01
1.844749120922753727e-01 3.008446686783050258e-02 -8.555552379146262876e-01
2.160982782124054036e-01 -2.682298975930482235e-02 -8.448759985837276387e-01
2.044524150348103753e-01 -4.802163673394783949e-02 -8.222945812925631648e-01
1.331241713872501897e-01 -5.496388020701008237e-02 -7.727532268168531004e-01
9.318989649053517621e-02 -4.111296836837945862e-02 -7.573410857997147083e-01
2.460115946167795373e-02 -5.921189614723917916e-02 -7.007658860947589829e-01
-6.045478331050321667e-03 -4.649401660968349725e-02 -6.867615094025905087e-01
-2.099411888241995566e-02 -1.287405688410831958e-02 -7.009817909700664096e-01
-4.859135281431330861e-02 -1.688780058403554357e-02 -6.824291350774770448e-01
-8.572604215064487387e-02 -3.076764120342528885e-02 -6.514169882220428587e-01
-1.158879183067944990e-01 -3.076108861122342497e-02 -6.327809107878661354e-01
-1.450598849774215882e-01 -3.317835750425000146e-02 -6.049625739759229015e-01
-1.194588447218424970e-01 -4.402053933907893596e-02 -6.164205790265779861e-01
-8.714886694975515491e-02 -5.438418514427340034e-02 -6.357807112805009542e-01
-5.201528285173765559e-02 -2.157619372864798268e-02 -6.749136659794913173e-01
-2.840233492947132413e-02 -1.591725705561824675e-02 -6.911493333386146132e-01
1.022047731565565824e-02 -2.146253066130126078e-02 -7.152633161982979715e-01
3.388596904418808564e-02 -3.077281112606365665e-02 -7.243838190594095172e-01
8.165176705212992547e-02 -4.137533432094202962e-02 -7.473129632156838564e-01
1.228042988370708632e-01 -5.322564298502750757e-02 -7.675483476696144391e-01
1.494968927062396979e-01 -4.355565545954411671e-02 -7.905950927558895724e-01
1.764348244812948274e-01 -2.754011338040669027e-02 -8.166758219617550330e-01
1.911971979949021183e-01 -2.920416791109447380e-02 -8.242598060582918551e-01
2.303722510063916928e-01 -6.534486065231014107e-02 -8.241821978458007125e-01
2.603131502613714732e-01 -3.715346542997328971e-02 -8.619996241423771854e-01
2.834293763341982353e-01 -3.120380042681449029e-02 -8.806351509266056032e-01
2.768301790339689483e-01 -6.825178522031326300e-02 -8.496244111627206941e-01
2.566512957064003286e-01 -5.271352735346241519e-02 -8.452498157449910288e-01
2.440670201830185126e-01 -7.844731152269901475e-02 -8.174075340714045401e-01
2.144890429317883596e-01 -8.016491402049760739e-02 -7.958092031051594573e-01
1.899132046811516095e-01 -8.395152563399836676e-02 -7.728399107173004046e-01
1.605845182416925643e-01 -8.310948357679792675e-02 -7.559814429224233079e-01
1.405115952144923852e-01 -8.381737300846005267e-02 -7.523912531261063297e-01
1.173319287795695082e-01 -9.475421154298746540e-02 -7.213908665039938661e-01
9.162824712653397374e-02 -6.682294798004737024e-02 -7.272354315941818026e-01
6.802406893991712333e-02 -8.893681490364588327e-02 -7.054356549265491383e-01
5.090208739521244474e-02 -7.669168216820204664e-02 -7.000970323711046550e-01
5.693654012466813422e-03 -7.482139054709914527e-02 -6.750976863209851020e-01
-8.798313902341701673e-03 -9.585480836750477629e-02 -6.414778771565161630e-01
-3.865606920346970066e-02 -8.146742398797540696e-02 -6.357039605303962393e-01
-6.197143631909457495e-02 -7.013347534334808675e-02 -6.312302201225319376e-01
-7.773599464481018018e-02 -7.421497199447722737e-02 -6.160216545640709862e-01
-1.091155866239685718e-01 -7.447411300111518584e-02 -5.897404522353190126e-01
-1.131919460842619185e-01 -8.886565740854507345e-02 -5.740768138230625262e-01
-1.536808599192968083e-01 -8.322666004357566483e-02 -5.575306724259203595e-01
-1.211732155102534236e-01 -7.527673466850112738e-02 -5.832007359067322705e-01
-1.403515281659982183e-01 -5.451230636258491691e-02 -5.908679890801026291e-01
-9.284426492527333985e-02 -5.862708602303097483e-02 -6.125849866759915940e-01
-6.860186004464298437e-02 -6.181363387075768795e-02 -6.270362768955856092e-01
-6.045160126885676388e-02 -7.234524106257290976e-02 -6.300153999901295654e-01
-3.004838643118933408e-02 -7.161461993714196561e-02 -6.489843855921898497e-01
1.113352945340399629e-02 -6.413724663261094472e-02 -6.808977597103834656e-01
3.255809027961027724e-02 -5.426972464786711942e-02 -7.018278059304786654e-01
6.037440420423751536e-02 -4.492412392563265022e-02 -7.218250916203027279e-01
1.280109029777787566e-01 -5.706425282452511072e-02 -7.611283337697709594e-01
1.437479348403233603e-01 -7.146972098284271047e-02 -7.617357039691877718e-01
1.607039785680937083e-01 -5.057566708073484019e-02 -7.891674652627691522e-01
1.861980654646938904e-01 -6.867409628677383082e-02 -7.921017511065352457e-01
2.357473805941701639e-01 -4.540484538907387652e-02 -8.342478489574608469e-01
2.280039691215410835e-01 -6.810900827457946893e-02 -8.151473732287063401e-01
2.852592577112680328e-01 -5.260230759547052798e-02 -8.666050496803645586e-01
2.789114328276331989e-01 -6.404821839146701556e-02 -8.518360316883072381e-01
2.666062231799253834e-01 -2.019145058558759892e-02 -8.718311112978137656e-01
2.446372546057387076e-01 -1.973540171074534069e-02 -8.603295379968806111e-01
2.056050137150436663e-01 -9.297243434270985665e-03 -8.388552453898633354e-01
1.813529884236510792e-01 -3.426868042003812335e-03 -8.295406231868536207e-01
1.267731384400099803e-01 -2.218513584322577212e-02 -7.815803177955084058e-01
1.187000620227515735e-01 1.480020284182031673e-02 -8.055494763357131660e-01
9.082663329766474392e-02 -1.904608643271646709e-02 -7.572757471077390390e-01
7.209008897574392671e-02 -6.210692347588510354e-03 -7.577138438450624625e-01
3.382283925120014439e-02 8.044459054734510658e-03 -7.434245061612296812e-01
2.267080195208503665e-02 1.912699922885575162e-04 -7.312180398403721471e-01
-1.606992624644312806e-02 3.777354917039551195e-03 -7.042168744727137497e-01
-3.058023956533743870e-02 5.289745944444399633e-03 -6.986889401151050727e-01
-6.466348270134356091e-02 1.053714748515719541e-03 -6.740408835827444989e-01
-1.029173833955125128e-01 -1.308829598240080806e-03 -6.501536640933550659e-01
-1.127070857684134148e-01 -2.070877798513891949e-02 -6.273020085974141402e-01
-1.278634021117897035e-01 2.916163198136105441e-03 -6.350092108103699839e-01
-1.335957379456253202e-01 3.581809203984431117e-02 -6.531364858659166606e-01
-1.343125723575927521e-01 6.165663273104056430e-02 -6.710498443509210764e-01
-1.091261401079624965e-01 5.822458105129024036e-02 -6.844262133217965394e-01
-7.660472706323422087e-02 5.702878169623142035e-02 -7.056310462925297067e-01
-3.447471131112449239e-02 3.671278467948247554e-02 -7.181643677001826598e-01
-2.365813693022870978e-02 6.293237914662098975e-02 -7.431175902230967578e-01
2.202763953038411370e-04 5.914509572929415454e-02 -7.590923325240033215e-01
4.597377216369695485e-02 4.824141142513196923e-02 -7.772550217615612489e-01
4.987321249197593925e-02 3.600903579667926596e-02 -7.751484080949647693e-01
5.834061406579023334e-02 6.299347416847740633e-02 -7.882549049167163480e-01
1.181163394224283569e-01 3.153297637069020498e-02 -8.138107441592165037e-01
1.429257006728240631e-01 5.461423176049445827e-02 -8.464209621138769624e-01
1.470931151062417341e-01 2.751851433472439837e-02 -8.259511365426706053e-01
7.782204960546210137e-02 1.484938279563024089e-03 -7.620992286905489133e-01
7.588601399721482677e-02 -1.028004801307174157e-02 -7.571771154849916696e-01
4.188624157208309384e-02 -6.725868517234816039e-03 -7.350052120548177248e-01
4.190836885039265353e-02 -1.198141836685473645e-02 -7.319113930271320401e-01
7.471024104255157179e-03 2.530411286046621230e-02 -7.336788905990014875e-01
-3.603499264884868492e-02 -6.178258974634208249e-03 -6.830759107893342730e-01
-5.090307737199212257e-02 2.511777589499880267e-02 -6.948162312314043465e-01
-6.928249918090116644e-02 1.416143586685584058e-02 -6.747292401052678024e-01
-9.368970472705297203e-02 2.555401943908649012e-02 -6.686341821732539881e-01
-1.201408754292314085e-01 2.534200259695185836e-02 -6.511527020683992584e-01
-1.321554329065676436e-01 1.114173192272303100e-03 -6.302477056354132134e-01
-1.257638780759198494e-01 -3.015705231086352345e-03 -6.403964573258765780e-01
-1.207371641775005361e-01 1.123248446747128742e-03 -6.388058003561455367e-01
-1.601925717485573886e-01 -1.581163337441523348e-02 -5.961626746030100898e-01
-1.474576936437473340e-01 -2.346005591217307715e-02 -5.959471689585482679e-01
-1.517222283060808419e-01 -3.068128116349501909e-03 -6.096720406813951332e-01
-1.141212108352272214e-01 -2.890427488093944702e-02 -6.191963204586555802e-01
-9.900375230954107375e-02 4.780575777611762974e-04 -6.413341134221220985e-01
-7.323629967072545210e-02 -8.611544371522793706e-04 -6.575308870849021492e-01
-5.195916609976117956e-02 -2.080109458427388536e-02 -6.586860810940060595e-01
-5.017924186344056847e-02 -1.707002732666558498e-02 -6.475842981848066726e-01
-2.490066828104400484e-02 -1.013152374163781358e-02 -6.816596167943387297e-01
-3.716195271541434132e-03 -2.659274837400693939e-02 -6.844252306686395837e-01
2.753390029306323691e-02 -9.480032822357287083e-04 -7.213172887819744306e-01
4.206317209932036727e-02 2.061457730983554809e-02 -7.429644661013561358e-01
4.910171314040592122e-02 1.503914038327081558e-02 -7.404052339219338030e-01
8.071191519468222386e-02 -1.334911524680192606e-02 -7.431865766416778651e-01
1.235723947616131774e-01 -4.494010528211593927e-03 -7.719376332057881207e-01
1.157606170784974131e-01 -3.109236000786766083e-02 -7.562315138090363043e-01
1.242252888775772918e-01 -2.852300810595323130e-02 -7.660997913844167506e-01
1.943749541670839187e-01 1.835967545559139295e-03 -8.168180380402025875e-01
2.028298947244291661e-01 -2.731180394808428724e-02 -8.133208720444586870e-01
1.969970307316756541e-01 -5.461691607491396538e-02 -7.970001080014028627e-01
1.815455544075469940e-01 -7.076257331591505328e-02 -7.789850073849017287e-01
1.203615914686416016e-01 -4.261155599318230958e-02 -7.514955665673627161e-01
1.128066118246562333e-01 -4.572686088845356184e-02 -7.429056417471301410e-01
9.679898634795974788e-02 -7.203069545551478436e-02 -7.231146812320867756e-01
8.358527530692755336e-02 -8.007083968600571533e-02 -7.095399606261112435e-01
6.804285676264613947e-02 8.786406160158887965e-03 -7.109822760263688757e-01
3.842450560272540200e-02 -4.518896811303715205e-02 -7.104145674486069817e-01
1.872982112231643542e-02 -5.983434882746118538e-02 -6.795054420880588530e-01
-5.283836147420192461e-03 -5.055210574543901603e-02 -6.712469182393898670e-01
-9.445471979689652742e-03 -6.959019467243764134e-02 -6.595362640712905122e-01
-3.815403911153562866e-02 -4.700007011553259534e-02 -6.478935436424076988e-01
-5.739899718142227325e-02 -7.063502181546706116e-02 -6.221537575169343581e-01
-7.530242463693438693e-02 -6.894396206413312689e-02 -6.132548777623583192e-01
-1.027858390277754802e-01 -7.025170496874440229e-02 -5.925681658391273032e-01
-1.117383699917940676e-01 -6.697419459974281175e-02 -5.794152306622468718e-01
-1.360318459507135203e-01 -7.521203640186219230e-02 -5.627199489749588057e-01
-1.572198047669245702e-01 -7.618684425351011924e-02 -5.600352077248682559e-01
-1.534180045242126977e-01 -7.677954071657878965e-02 -5.557621888628885287e-01
-1.483451764662630235e-01 -8.456500098558203393e-02 -5.590278321560805397e-01
-1.036041907934435596e-01 -4.955066120682177083e-02 -5.746805647493385960e-01
-9.256156490969233430e-02 -7.305031698447041200e-02 -5.906782769037831615e-01
nan nan nan
-7.308560019837469224e-02 -8.273202183325835402e-02 -6.065377766954010985e-01
-4.952604692980626389e-02 -8.284808496087457674e-02 -6.180273425176538993e-01
-4.297322090463624733e-02 -6.017048968007866067e-02 -6.383835426575986682e-01
-2.428816041616608037e-02 -9.145213538596290437e-02 -6.367378573713907697e-01
-3.941287985905588855e-03 -6.282157881248544296e-02 -6.625967704035423678e-01
2.869966104257318544e-04 -8.195702846989239010e-02 -6.544818203544736646e-01
3.414308386613038732e-02 -6.380710986760357306e-02 -6.853440057094546400e-01
4.914759069625104781e-02 -6.281691361185687272e-02 -6.965770175260055375e-01
1.094815713074954594e-01 -5.172939629492487312e-02 -7.330167933089847265e-01
1.284000533040057235e-01 -6.055668641186626872e-02 -7.488684487791690270e-01
1.777663975810924446e-01 -1.036256973379942048e-01 -7.555747448084590978e-01
1.474535312948463128e-01 -4.954699106047584511e-02 -7.766908722225764894e-01
2.311174429770208316e-01 -7.434421047214015421e-02 -8.047488452085465038e-01
2.351148493294387409e-01 -7.557198420311979359e-02 -8.086965986625587188e-01
2.382743332658846247e-01 -9.668243254253804098e-02 -8.016842334457775499e-01
2.114357355683907924e-01 -8.158566373414467832e-02 -7.907902555044364901e-01
1.981681258940621027e-01 -9.282977690324926978e-02 -7.773346216352345905e-01
1.782729308545387970e-01 -1.019680692974752750e-01 -7.558097277727253704e-01
1.635219351783494812e-01 -7.914298697785583647e-02 -7.559912151680989734e-01
1.581998086481358756e-01 -1.079871816319629835e-01 -7.430137243373082789e-01
1.356183955238114414e-01 -1.050741305495981603e-01 -7.332584669920685361e-01
1.178678183330812146e-01 -1.125268272631650274e-01 -7.129087462265443209e-01
1.023134318531980919e-01 -8.632591044949301795e-02 -7.212495571208817902e-01
6.445103168583120323e-02 -1.172624464875047373e-01 -6.756664540162048427e-01
5.132848408654318295e-02 -1.120649538107031107e-01 -6.707829006675094519e-01
8.395499100548599672e-03 -1.185790262656139377e-01 -6.477564983818902000e-01
-6.282130130116884634e-03 -1.096456786196138566e-01 -6.425998636211178727e-01
-4.494424143873216627e-03 -8.315326986446477942e-02 -6.631519756592983983e-01
-2.807476063076134315e-02 -1.112908718199257796e-01 -6.189795038037483321e-01
-5.100167571046420462e-02 -9.289745556883031996e-02 -6.176468630556454231e-01
-6.912678955509729550e-02 -1.108307789671224147e-01 -5.929896294042275029e-01
-8.635877652676679506e-02 -9.413975748984393377e-02 -5.965876221287987891e-01
nan nan nan
-1.196837656621976831e-01 -1.065280864172859221e-01 -5.670276633637307828e-01
-1.532038082922038691e-01 -8.353719215106621132e-02 -5.524327721119818291e-01
-1.452454625243442543e-01 -9.444138593930795356e-02 -5.557830747402149330e-01
nan nan nan
nan nan nan
nan nan nan
-1.066204595579549053e-01 -1.230146219804904989e-01 -5.605986566561015350e-01
-7.820031453584506964e-02 -1.294446440052793301e-01 -5.863219688919382167e-01
-4.142295997917377209e-02 -1.307637933703754418e-01 -5.866778426811563030e-01
-3.352268749693313593e-02 -1.346123244930967355e-01 -6.058782228431806027e-01
-2.347627506475387718e-02 -1.192812019389549311e-01 -6.262064228217284478e-01
1.172858815130312961e-02 -1.309273267504384719e-01 -6.361044208597806948e-01
1.314138078907381608e-02 -1.235691433565404979e-01 -6.400690343986290554e-01
1.905793727024354331e-02 -1.368033715185233701e-01 -6.447400223770355376e-01
5.845088504477783525e-02 -1.253419108523616543e-01 -6.694077814860329712e-01
9.164968584644679617e-02 -1.294777587950724507e-01 -6.897151509682922788e-01
1.100258072393860004e-01 -1.628813400998342376e-01 -6.799514244463774615e-01
1.054771717427219896e-01 -1.608413992609864784e-01 -6.813495027754620237e-01
1.644754942143273058e-01 -1.444249815475651677e-01 -7.267349333647912246e-01
1.738043825703974310e-01 -1.466516199599447456e-01 -7.319966356152222131e-01
1.621032383779621722e-01 -1.240689116125060082e-01 -7.427430054003036908e-01
1.321746605113144069e-01 -1.113907229475395860e-01 -7.285323452900343000e-01
7.853392180827958868e-02 -1.425946715074035143e-01 -6.814495876679532715e-01
7.969959866304861251e-02 -1.090084404380697869e-01 -6.970128092193741409e-01
6.897078099872221146e-02 -1.386599924732186961e-01 -6.708025608430340236e-01
-1.528680227588877574e-02 -1.115080956296772702e-01 -6.457819538408209326e-01
-4.195259275917305464e-02 -1.076503404053323759e-01 -6.186779128787570636e-01
-5.930054541287792247e-02 -1.312246566151301641e-01 -5.950676190126376053e-01
-8.128357645997845438e-02 -1.265438119217245361e-01 -5.918814944443999693e-01
-1.152796900814784115e-01 -1.108912237610665819e-01 -5.736234207222461468e-01
nan nan nan
nan nan nan
-1.085054736196395253e-01 -1.254860114315509978e-01 -5.769552094227167194e-01
-7.848549086899925253e-02 -1.284972098484855052e-01 -5.801111319419558487e-01
-6.700823420924424678e-02 -1.351564237830497062e-01 -5.773981362883988666e-01
-5.216315889347328261e-02 -1.394814366970020814e-01 -5.913153287706948147e-01
-2.161993827519731112e-02 -1.144572345660905266e-01 -6.319002587599608090e-01
-2.887627746120270331e-02 -1.239318267000155960e-01 -6.176944050111290441e-01
-4.655636630051778607e-02 -1.221329868244268313e-01 -6.160164658326588993e-01
-7.122144408758843137e-02 -1.084565449196490949e-01 -6.061697798123316661e-01
-1.032240543218342493e-01 -1.186167576174902011e-01 -5.899906712266927977e-01
-1.320080876218049093e-01 -1.059970516360125015e-01 -5.745012982130215384e-01
-1.532285147093844224e-01 -1.162204608617235374e-01 -5.538446602466363666e-01
-1.215001044930426877e-01 -1.144313421380684925e-01 -5.692282253248811541e-01
-1.289616076316417725e-01 -8.747673874812328387e-02 -5.838103687792010055e-01
-1.072216050718288322e-01 -1.142966999619190321e-01 -5.836997555617604583e-01
-6.254675351924433857e-02 -1.044662283620352294e-01 -6.191470969805471514e-01
-3.094076686815976432e-02 -1.042177762927008478e-01 -6.359554299389084120e-01
-1.915848495680718203e-02 -1.257819561022451571e-01 -6.323651285533168354e-01
5.787247820544891286e-03 -1.243109958767516093e-01 -6.494038271723323597e-01
3.278479664552687994e-02 -1.289735801194810683e-01 -6.627887775055505415e-01
5.511414073733978541e-02 -1.196530468769913813e-01 -6.852567017639461522e-01
7.681771271828087555e-02 -8.822797320672787214e-02 -7.128198266892676882e-01
1.077407396862423844e-01 -7.786913739285057645e-02 -7.447808736630372461e-01
1.350144722650377382e-01 -9.325574542275642809e-02 -7.485346551724909592e-01
1.355146536616889941e-01 -8.300222736871357143e-02 -7.570638554341265758e-01
1.797120503049922657e-01 -1.285708875779833227e-01 -7.585847553458606729e-01
2.019598493302773579e-01 -8.989559976614540371e-02 -7.988318089241088771e-01
2.732272700289180012e-01 -1.160939732810945813e-01 -8.301011591036567827e-01
2.488128612922136662e-01 -9.041717812508595631e-02 -8.271870820517581713e-01
2.382508527728632863e-01 -7.669960144701083726e-02 -8.298041799706679100e-01
2.355165211366054001e-01 -6.581357859372299890e-02 -8.388203664169991969e-01
1.830568649944089576e-01 -1.004717968227093194e-01 -7.815459655076408829e-01
1.485826346410452636e-01 -4.938279764660519905e-02 -7.907891689888434383e-01
8.996320687308732855e-02 -4.993988291576239441e-02 -7.481562310113973879e-01
6.632831908948889910e-02 -5.343804772632076289e-02 -7.315265363805711907e-01
4.454717174064728308e-02 -3.176054798225956544e-02 -7.352082711282711402e-01
3.246618561391467761e-02 -7.444127123115737432e-02 -7.034105725118767749e-01
6.762516264940495424e-03 -7.604548087830265146e-02 -6.829304463497269939e-01
-1.713745924840352070e-02 -5.678145535137955197e-02 -6.754979590539080814e-01
-4.964089404062826255e-02 -6.892316575829837699e-02 -6.535091601646192405e-01
-7.260512713596825596e-02 -4.760301564365683469e-02 -6.507125142033360898e-01
-1.080377216943532309e-01 -4.117101798545946822e-02 -6.284336003292421147e-01
-1.278051632546897964e-01 -8.162231623036536599e-02 -5.892796586127215797e-01
-1.460730328200686434e-01 -7.065103843853447196e-02 -5.846488864305827704e-01
-8.011487021294554089e-02 -5.354712132274612457e-02 -6.460481931153055912e-01
-6.020033900324055220e-02 -3.188482269193318452e-02 -6.666268421388077403e-01
-1.819516587767918206e-02 -3.662914355941093020e-02 -6.914199666295280933e-01
-8.854204537060230557e-03 -3.182393637468304559e-02 -7.025328913028449085e-01
2.367773990609610413e-02 -7.746714176392752171e-02 -6.961387277177115696e-01
4.579023454866276710e-02 -2.390247628388384588e-02 -7.422848252482632248e-01
9.339836316302209396e-02 -7.295686490375528910e-02 -7.434196661585301680e-01
1.119424428701244617e-01 -2.903614488580686520e-02 -7.812016464730834331e-01
1.486719316685334580e-01 -4.998769757248037321e-02 -7.957161760365790704e-01
1.328681911926402059e-01 -8.033314694739036865e-02 -7.556285255250710930e-01
1.888230312956867551e-01 -4.234866300115038701e-02 -8.257715251885610064e-01
2.012296868529654392e-01 -6.496603269815928727e-02 -8.133074139368036137e-01
2.148489784809209102e-01 -4.508723762077208874e-02 -8.323935289242706537e-01
2.798437693610462684e-01 -7.529087981130577756e-02 -8.624181992649478934e-01
3.114295896288605259e-01 -4.523050441410105676e-02 -9.025833700276499894e-01
2.492941732439740155e-01 1.359112146579296611e-02 -8.963642161163040134e-01
2.395861256991401178e-01 9.201585889957073286e-03 -8.906558132165479647e-01
1.588038768346782537e-01 -2.664274753335735615e-02 -8.113125772274775160e-01
1.553615507315459221e-01 -2.221830203828093278e-02 -8.100627165589903145e-01
1.545504261398187584e-01 2.870154391428859030e-05 -8.270505859833662266e-01
9.573811475766590140e-02 2.075310799755609309e-03 -7.870850607283838007e-01
6.133931851272153568e-02 -4.531070343606751773e-04 -7.692628977834090609e-01
2.710352187237857063e-02 6.275564983903855060e-03 -7.465802431907453407e-01
-1.436471500482059717e-02 3.948230643171983176e-03 -7.179043424734722345e-01
-3.550072417670097763e-02 -4.952488839418157929e-03 -6.964802255018373023e-01
-6.440097214786141833e-02 -2.811104379210275020e-02 -6.654609806483975376e-01
-9.421105197690764210e-02 -3.883757398626951074e-02 -6.434043377176459355e-01
-1.200633368470994944e-01 -2.922565079246509934e-02 -6.296640460548229568e-01
-1.549256114298761255e-01 -2.353667536092838089e-02 -6.130828606520331014e-01
-1.447935645338720989e-01 1.120549362273945936e-02 -6.437467337162783299e-01
-1.471953799242534944e-01 5.298130771019181513e-03 -6.381137016236702042e-01
-1.411755889338318082e-01 3.505213285866234235e-02 -6.659073996088213931e-01
-1.060499997405362910e-01 2.053949611619717425e-02 -6.776678794228370162e-01
-7.822085707793335896e-02 6.005986226918917301e-03 -6.848090682958952735e-01
-4.811096949980536025e-02 1.389261887172220204e-02 -7.083887775595770764e-01
-6.801370863847015780e-03 4.953492509504285601e-02 -7.560361020756048989e-01
7.566697414962117452e-03 5.645654907431871261e-02 -7.677011666237710807e-01
5.502319478058938229e-02 5.601408001368379103e-02 -7.960315281634019469e-01
9.299046210560399373e-02 5.835455308310411732e-02 -8.250180266253280825e-01
1.445503306293213774e-01 2.662481226471189941e-02 -8.419453805747673103e-01
1.665646273220678930e-01 2.889989117851248304e-02 -8.517379795577563195e-01
2.174033088520653523e-01 5.845038763795913639e-02 -9.089306345792197428e-01
2.438286477899907490e-01 1.457088388908863580e-02 -8.941852978206489277e-01
2.835582293424262490e-01 6.342853519485198988e-02 -9.522769619866927604e-01
2.974807499070550865e-01 5.135010767534680526e-02 -9.554448561272778084e-01
3.270747710211761028e-01 4.509829775612329145e-02 -9.638845115550636056e-01
3.434735301690943765e-01 5.840785038755366004e-02 -9.832527270473548908e-01
2.763839649320923297e-01 6.737250652567347564e-02 -9.416521346969920492e-01
2.766820075760896835e-01 9.594739267250676495e-02 -9.633458394542429026e-01
2.029247328694406272e-01 5.481495635641473602e-02 -8.878104680194823795e-01
1.214896449745795359e-01 4.739015406032300731e-02 -8.299616289062715646e-01
9.520059639578208610e-02 4.898331705539658854e-02 -8.150076423572094608e-01
6.449978346426821219e-02 6.511185709779390707e-02 -8.102748385692908339e-01
4.495800255164017489e-02 8.365776282437795142e-02 -8.029487551646712351e-01
-4.366280793903859481e-03 8.334956358319588199e-02 -7.709155136230866345e-01
-3.465109738196584660e-02 4.768006607819171017e-02 -7.289879612029914746e-01
-7.480918630307062389e-02 8.254314280787024283e-02 -7.277038337841488236e-01
-8.877737608974327344e-02 9.057900864901674565e-02 -7.265306553639536702e-01
-1.198810922489650793e-01 5.871546749301873036e-02 -6.892302537441762356e-01
-1.452983797438296421e-01 5.371488394209563560e-02 -6.629791260245426754e-01
-1.490378774849897281e-01 9.061784819778509470e-02 -6.911636200116288986e-01
-1.299071760569796841e-01 1.130209362298545961e-01 -7.154519793319892296e-01
-8.808511234202832940e-02 7.551383906211729669e-02 -7.171998994670231165e-01
-7.645464964895380688e-02 1.100699679872286091e-01 -7.493326234761175098e-01
-4.977738225691650392e-02 1.021326696568318759e-01 -7.546509222700895636e-01
-4.779603786964407158e-03 1.101279064799750435e-01 -7.957735551642116656e-01
1.538612770145026884e-02 1.024470883237292018e-01 -7.968663285302047816e-01
3.509233761159316622e-02 7.655457850658226038e-02 -7.958040419025140810e-01
7.587995148506213039e-02 1.253858172505456781e-01 -8.550725876141505033e-01
9.844814827022317638e-02 1.222521159341060787e-01 -8.669261704358166565e-01
1.313781010451263997e-01 1.022245322087512731e-01 -8.760769270215469362e-01
1.282930551813579734e-01 9.956656570585639687e-02 -8.660734822668174626e-01
8.933691408888329299e-02 9.949601513560202282e-02 -8.456863072887312871e-01
6.078331577864672097e-02 5.430612402468926181e-02 -7.918542848858106664e-01
2.920737886395033053e-02 1.074539198278681162e-01 -8.053565000276721175e-01
2.238169422556045979e-02 8.625627284355746882e-02 -7.917444914340722173e-01
-1.696932764407479283e-02 8.725400271158260945e-02 -7.623551352852195873e-01
-5.354902525628445209e-02 1.024466256006563020e-01 -7.521010024654407600e-01
-8.236003277946159218e-02 9.994623642797169361e-02 -7.303903967580221979e-01
-1.179953028653214914e-01 1.059598377326154417e-01 -7.114684964128872302e-01
-1.400166903805132035e-01 9.068350247905399009e-02 -6.860940404768923750e-01
-1.467546426714539387e-01 7.127994976401204330e-02 -6.738158546039794139e-01
-1.341443597168180957e-01 8.510258323043400075e-02 -6.857731158218474121e-01
-1.102880062259063154e-01 9.691410798668664839e-02 -7.122928993317204638e-01
-8.253190321279507691e-02 1.053432248824111017e-01 -7.359870637340132360e-01
-5.471867174046270849e-02 9.463872301424314237e-02 -7.442895063508513376e-01
-3.427911800158399414e-02 7.890582026713284514e-02 -7.516998595292005980e-01
-8.617882537027776735e-03 8.383314411957096257e-02 -7.719666808622118737e-01
1.630511875303427421e-02 9.045013400155925420e-02 -7.904820895833122307e-01
5.827083093955769816e-02 1.252017694821727367e-01 -8.392931055106851446e-01
9.089581220626748170e-02 1.325591196833048047e-01 -8.649711676900544433e-01
5.827319064067548737e-02 1.242989589015507795e-01 -8.441712490858739315e-01
1.298843471202134614e-01 1.330284985980103862e-01 -8.905394219449409565e-01
1.694676692672007212e-01 1.183231922541668341e-01 -9.058719719852689201e-01
1.783882072210483394e-01 1.276650172281436624e-01 -9.155661112320498951e-01
2.077826695715247196e-01 1.529316030180253028e-01 -9.414464926972199166e-01
2.196282665049379967e-01 1.465284083497522538e-01 -9.519055697723207699e-01
2.378342413800378086e-01 8.129951704109360244e-02 -9.226347231104946589e-01
2.210486976449135832e-01 1.111612312838974881e-01 -9.306871889223299332e-01
1.693083553116934981e-01 1.124954250104309855e-01 -8.915433968555935840e-01
1.003107154674569984e-01 8.106612735359555733e-02 -8.343319779024263028e-01
5.219776055120452923e-02 1.110858036843166835e-01 -8.105373620649363176e-01
3.167897194330859117e-02 1.047769438376383866e-01 -8.069691683767280521e-01
1.119610232765798526e-02 1.075911320494801343e-01 -7.911966353958760356e-01
-1.201245670258016020e-02 8.195650522847690300e-02 -7.576397043325605596e-01
-3.874621597887809715e-02 6.539810234859290416e-02 -7.308594652315276718e-01
-4.619008275701649152e-02 1.036769397248981789e-01 -7.426542296458342740e-01
-7.577617073835241079e-02 7.979988884113467518e-02 -7.185099828977704606e-01
-9.375551199129382451e-02 6.945741100528639300e-02 -6.984436734143670833e-01
-1.299785706131367236e-01 9.387279155584732360e-02 -6.955826512747276258e-01
-1.457635187996780823e-01 8.545075336265003929e-02 -6.828818021439646557e-01
-1.299426016869588973e-01 8.617292344613521060e-02 -6.871341011665165199e-01
nan nan nan
-1.244624164088578844e-01 5.987963686130511054e-02 -6.710323703949261365e-01
-1.138186855572167200e-01 9.411267246888346816e-02 -7.039491032980201846e-01
-9.181864479203795393e-02 6.291413135354236019e-02 -6.944091319704663867e-01
-7.017462088662913822e-02 1.044619682678078892e-01 -7.342918343250733892e-01
-2.433546780979289545e-02 8.822070678806366584e-02 -7.530599940937898751e-01
-7.104184984973519780e-03 9.353679943562098753e-02 -7.728181957467984420e-01
-9.696973845915080395e-03 8.072854833753938253e-02 -7.569635825728067147e-01
5.076189908501833881e-02 1.230649645689547989e-01 -8.207159207259659972e-01
6.319028855368900854e-02 6.638542336832062296e-02 -7.945023345303775519e-01
5.466869257191769860e-02 1.185890782903341323e-01 -8.242888870108913135e-01
7.983559000937194561e-02 7.461466919988161972e-02 -8.137517263846281157e-01
1.093166422384607844e-01 1.400034869704749885e-01 -8.736355256426898697e-01
1.628664910933577126e-01 8.959769421518684607e-02 -8.760960692283558116e-01
1.610517244737683373e-01 7.197962736151697349e-02 -8.673845944294709120e-01
2.210277969704772805e-01 1.546694110893586938e-01 -9.480757353086580741e-01
2.291363863641503462e-01 1.481169094987798140e-01 -9.531263770482788500e-01
2.131512072652473611e-01 6.348384456054956271e-02 -8.845397975612524499e-01
2.025638399770036957e-01 6.712063229274782550e-02 -8.799754952300435917e-01
1.615081883463942158e-01 4.077393413525583904e-02 -8.398498388608769405e-01
1.736177194460861162e-01 8.604651718010233874e-02 -8.813682053434300778e-01
1.526842206508339794e-01 8.092482645388783535e-02 -8.605180005175995239e-01
9.230237436652731497e-02 7.600116093788136795e-02 -8.159918795851092144e-01
9.037256451304727378e-02 1.230640665837977737e-01 -8.390410312313684171e-01
6.015603398387589507e-02 8.564308780044531388e-02 -7.802617434485132897e-01
5.602176072009303759e-02 5.101749659872976961e-02 -7.802488979106154687e-01
8.894144575863148494e-03 7.046861645974912547e-02 -7.596907483852806120e-01
1.979504207239667773e-02 7.152227903630063721e-02 -7.707981169132468446e-01
-1.577661288065838191e-02 7.908619592855667402e-02 -7.493605271042209637e-01
-3.152005633200634371e-02 2.899794030566119410e-02 -7.245062826612123086e-01
-5.872693745219361577e-02 7.220543486210657946e-02 -7.170464269886029918e-01
-9.578503150946371392e-02 6.084088960034433891e-02 -6.933189195986296793e-01
-1.045221940389507165e-01 5.621177643535569396e-02 -6.741394602446518780e-01
-1.221187770667679084e-01 7.171923881992997574e-02 -6.791179030535753336e-01
-1.280590288942495547e-01 4.229272232719524793e-02 -6.520371703370685390e-01
-1.712866447914538626e-01 5.083316248850254515e-02 -6.314940177117968068e-01
-1.507542175108609883e-01 3.114865326421092928e-02 -6.267650689090916716e-01
-1.260790567900297032e-01 2.107787496762248552e-02 -6.479795260843929094e-01
-6.383893029922271811e-02 5.121905225142906609e-02 -7.029457380690832258e-01
-4.112645942711392472e-02 2.483564002292220838e-02 -6.997893402628559967e-01
-1.121757966045129791e-02 5.055401846863625398e-02 -7.410617610174191627e-01
1.642457252834065087e-02 6.297813999382743944e-02 -7.609717858553232128e-01
4.326802188646610564e-02 6.455653370596806107e-02 -7.792832660763413521e-01
4.577334683449441055e-02 6.331001059280624843e-02 -7.774685761988473498e-01
6.885427614978047173e-02 1.082950131174159752e-01 -8.253828444117002894e-01
1.117214292234224998e-01 6.786898307517084949e-02 -8.344521432228757529e-01
1.394475548182149693e-01 4.032728466690647245e-02 -8.282518871482548173e-01
1.755795689278610294e-01 5.826961151848505938e-02 -8.235012372989607421e-01
2.056196915078032095e-01 6.720685073824157751e-02 -8.833051873542444588e-01
2.012741004219064656e-01 6.214814682719629196e-02 -8.764180990415872952e-01
1.355953742276594376e-01 -5.103478841845630366e-03 -7.914459240882802948e-01
1.191603797790047464e-01 4.200676328176650848e-02 -8.036859258723922927e-01
9.587258756133572313e-02 1.599968683878895057e-02 -7.778389470854824017e-01
1.024812844600331840e-01 3.597791071622407494e-02 -7.964113652776495522e-01
7.665195731770235721e-02 5.190811041411880211e-02 -7.860254542030841174e-01
4.255885568148084358e-02 4.394524999245262575e-02 -7.541701608872253271e-01
3.202590533492864766e-02 4.089618074517109569e-02 -7.436539781657154347e-01
1.549044709634627825e-03 5.769733838373455707e-03 -7.103600845887709792e-01
-1.979723341482294771e-02 2.931466437838722069e-03 -7.001688601134369305e-01
-4.011098199466087838e-02 2.395982969732239620e-02 -6.974858862287014460e-01
-6.413011346930466705e-02 3.125704373987401447e-02 -6.861078713845181198e-01
-7.790138611121739942e-02 8.767215596059418914e-03 -6.588579368522060609e-01
-9.760752532958849592e-02 3.342459008833700146e-02 -6.618389669977471357e-01
-1.185523135343957424e-01 -3.654408172804871156e-03 -6.437944860779158951e-01
-1.301965244652741327e-01 3.632623422600182728e-02 -6.466978520165880262e-01
-1.591146738159367469e-01 8.260583966390179847e-03 -6.205101013507976493e-01
-1.655800983226271283e-01 1.634965426517698273e-02 -6.148583208696154490e-01
-1.471755406591916948e-01 -3.535549434690335620e-03 -6.001640749338774672e-01
nan nan nan
-1.037993033460769959e-01 -4.699859355710027213e-03 -6.397899196199542393e-01
-9.394569002322585016e-02 -1.317592660815475715e-03 -6.529917634681436933e-01
-8.146039709693415898e-02 1.674338685371823746e-02 -6.742321361216708775e-01
-5.872273472125404820e-02 2.031867224344069064e-02 -6.707676181518913427e-01
-3.710527815131597906e-02 2.539196597382335080e-02 -6.993908093876107790e-01
-1.195663145334238155e-02 2.140008884692771660e-02 -7.126852939777774676e-01
3.847350245618379877e-02 4.802192466565315121e-02 -7.701889713400669191e-01
3.541451757588683774e-02 4.726041087005933283e-02 -7.694214032449910867e-01
6.616182369690450094e-02 6.378515986014592423e-03 -7.557210750015648237e-01
7.474664586465785965e-02 1.567642959563996310e-02 -7.649561784767573425e-01
9.410427691286400720e-02 -7.079171456143173134e-03 -7.581726514419105944e-01
1.009160857138031719e-01 -1.299637881888181419e-02 -7.623295476535820736e-01
1.203967818766813191e-01 2.987924252906145120e-02 -8.046924060954172564e-01
1.085974365031460026e-01 3.809815560955851638e-02 -8.071584199933065085e-01
8.228343497102733051e-02 5.759264844938106337e-02 -8.034686972617753886e-01
5.253807699384194924e-02 1.269594486619069623e-02 -7.515037840038991668e-01
2.269314553046180780e-02 2.346270366319642628e-02 -7.414102845845198519e-01
1.075240656719941151e-02 2.181491798794878839e-02 -7.306453664888787891e-01
-8.748895027879151701e-03 1.502960423360247613e-02 -7.189476312790451518e-01
-7.725851453542469105e-02 2.843470114679955835e-02 -6.789913007476728879e-01
-1.035183003990464423e-01 4.358182108808793254e-02 -6.736978918986371578e-01
-1.252499988918698293e-01 4.537010948128047255e-02 -6.588703075587772906e-01
-1.546836962492598166e-01 2.958167935028316667e-02 -6.281189120974717266e-01
-1.236542660150182216e-01 3.673601272423449027e-02 -6.601038859477107446e-01
-1.616427377941882237e-01 2.545812126957305160e-02 -6.267854085974812195e-01
-1.403765900324118188e-01 4.436822031280446277e-02 -6.589318652005339283e-01
-1.115687366615082943e-01 3.099810113643781603e-02 -6.684667558230770190e-01
-7.238897999924073789e-02 3.119597106688941357e-02 -6.874177793395260805e-01
-6.252547209853015486e-02 3.210003327284516317e-02 -6.985899192530206081e-01
-5.936735494634638038e-02 2.571699530563907252e-02 -6.876969802642227680e-01
-5.147690034400347753e-02 3.814345092106153495e-02 -7.002556986297606700e-01
1.428747888637904064e-02 5.582170904273785206e-02 -7.635345513276028395e-01
3.292524840009047882e-02 5.555581301194354588e-02 -7.765728520983361527e-01
4.400378951655026932e-02 3.682332100531941071e-02 -7.690675387615885095e-01
7.522443915222755406e-02 4.616732671345420008e-02 -7.957542050462981242e-01
7.073411448830206616e-02 4.997173845349570792e-02 -7.890862226680516178e-01
1.056478554282923449e-01 5.800225205447474136e-02 -8.232565769121052979e-01
1.488082900767598860e-01 7.551649181862553351e-02 -8.582717647833053576e-01
1.589703312736205909e-01 2.906354632617865613e-02 -8.437089825409008759e-01
2.259301879941083280e-01 4.694139932945501359e-02 -8.916634565776972998e-01
2.103438378607412063e-01 5.392824591601203671e-02 -8.787171550869222747e-01
2.235420186365411899e-01 6.677068739610240999e-02 -8.973295707222925799e-01
2.378544592865109719e-01 4.407873972261202450e-02 -8.981550774244094759e-01
2.854863484790066686e-01 1.714402089028315909e-02 -9.144598105693244605e-01
2.949854373923780360e-01 6.209494649831854424e-02 -9.441333799813662608e-01
2.672065786683703870e-01 6.834811722907287168e-02 -9.303351310785449302e-01
2.239576714129665747e-01 1.696743672579214407e-02 -8.819864114685680434e-01
2.363955965747800980e-01 7.060888039357525459e-02 -9.184073795786270589e-01
1.801600774537671090e-01 2.921965357972113042e-02 -8.498786545347333243e-01
1.932576740417834837e-01 5.647321257666923500e-02 -8.818769464553668502e-01
1.214502394227771065e-01 2.481486874368876369e-02 -8.136108386531980541e-01
1.275104255500399686e-01 4.358385468128764956e-02 -8.308349398561556409e-01
8.543990269921940273e-02 1.540692616527017736e-02 -7.817066894619651984e-01
6.342220699467257528e-02 2.802621584747138489e-02 -7.778038896704727589e-01
3.435528393922816781e-02 3.276519963999252605e-02 -7.572914373157122458e-01
2.254474981248229953e-02 8.018708619823209510e-03 -7.355908779468826042e-01
-7.482202099514654627e-03 4.925432892051943845e-02 -7.436077491225121516e-01
-3.889291173464629742e-02 3.430378448726990187e-02 -7.101742009047881110e-01
-5.011601556743884578e-02 2.252134010266245226e-02 -7.015490659425400732e-01
-7.814362688775812471e-02 3.037555933078985373e-02 -6.872649003993253070e-01
-1.173115465106693706e-01 3.467523734727449847e-02 -6.666156845766357808e-01
-1.474901495558628428e-01 3.222452107631579993e-02 -6.432943994655745401e-01
-1.404441700839381135e-01 -3.540683795587402146e-03 -6.275810031783791709e-01
-1.214150683216007609e-01 -3.487999454520159665e-02 -6.150189117274378336e-01
-1.221959830410541820e-01 -5.070678923032657243e-02 -6.029177762432046395e-01
-1.167526068953729512e-01 -6.456334573643160435e-02 -5.970798537579186105e-01
-1.321923300886436448e-01 -1.046883414074382818e-01 -5.669432400199992950e-01
-1.095318144337668193e-01 -9.127227602918654148e-02 -5.862768196302979851e-01
-9.385153578495041005e-02 -8.691264376987552220e-02 -5.975539514939293140e-01
-1.552298886077151455e-02 -7.885430341844522351e-02 -6.547010903112648883e-01
9.597690933375802730e-03 -7.627312123993934545e-02 -6.766429300127883018e-01
4.598605955119238614e-02 -9.128943970536476660e-02 -6.846417897494956328e-01
7.171774915860748556e-02 -9.695770466183957492e-02 -7.003845766869547518e-01
8.250589186076122405e-02 -9.883982544091279854e-02 -7.053333872516664993e-01
9.690755788545213356e-02 -5.911825282178107682e-02 -7.367140351415938371e-01
1.189689988871901888e-01 -9.465047489976231854e-02 -7.314812076685494047e-01
1.473633125515425579e-01 -6.223331474544020053e-02 -7.730250741224655719e-01
1.738583037695907996e-01 -6.687895582211653145e-02 -7.824021700295780146e-01
1.657667547626339999e-01 -6.259404361052137156e-02 -7.865385011765290146e-01
2.232392002928056673e-01 -5.916031278930458659e-02 -8.311667566659788342e-01
2.515548566077424053e-01 -7.911715960851894991e-02 -8.239436657591897584e-01
nan nan nan
2.255382565040636722e-01 -6.757028599991984907e-02 -8.141356746997175931e-01
1.809604841249824736e-01 -4.494752718395833568e-02 -7.996237794425632428e-01
1.535406888870034514e-01 -7.497133600641306406e-02 -7.613896258665232564e-01
1.152800154410421191e-01 -7.831479540592911626e-02 -7.351683141818680101e-01
1.065932434348402791e-01 -6.821914294846528892e-02 -7.348140133532350404e-01
6.601345219943102749e-02 -7.808555228827278316e-02 -7.048566261228543794e-01
4.461534723371147343e-02 -5.531352220187311930e-02 -7.079009050659261781e-01
2.645857871766207209e-02 -7.679482605579140975e-02 -6.801139109968588059e-01
-1.099253620515871881e-02 -7.238093431988350257e-02 -6.568555450099641257e-01
-2.184385328431401319e-02 -7.321049967524806412e-02 -6.463364906626227757e-01
-3.444697197655229026e-02 -5.050574468402807549e-02 -6.560521648118861071e-01
-6.285095669548174113e-02 -7.638073711717474623e-02 -6.217636075121723005e-01
-8.890973680406731583e-02 -6.822951352731779218e-02 -6.115359553427764938e-01
-1.002485838536597562e-01 -7.242941594812302153e-02 -5.983380669685636200e-01
-1.043875631024481776e-01 -5.541082785026098939e-02 -5.973343470316964110e-01
nan nan nan
-1.395959022620604784e-01 -7.386801870993123242e-02 -5.709226111883697330e-01
-1.511139787642945265e-01 -9.202821991771414911e-02 -5.549107384149253308e-01
-1.545194449008045201e-01 -9.963837539509019792e-02 -5.390847175760030696e-01
nan nan nan
nan nan nan
-9.910627476764474753e-02 -9.030304538508095169e-02 -5.862632959152366263e-01
-7.510811503219720631e-02 -1.056954591161432117e-01 -5.911947006195369392e-01
-5.562653728889919297e-02 -1.092606329966565037e-01 -6.008353135098118969e-01
-2.981186217434946689e-02 -9.034504392299422260e-02 -6.187424313041164359e-01
-1.803402543942731959e-02 -8.028715630286083205e-02 -6.430050642116639237e-01
5.644690066888775719e-03 -1.284789775116759458e-01 -6.341770807964722811e-01
2.746643388498334198e-02 -9.491139276168480965e-02 -6.734077680388103060e-01
4.346280495010023531e-02 -1.142662030255861549e-01 -6.584702845458838549e-01
6.240367019473854610e-02 -8.371032172477112232e-02 -6.980209570712159195e-01
nan nan nan
1.130909515450885666e-01 -1.036770955568824815e-01 -7.195609820417370184e-01
1.424972513708456512e-01 -1.259568889839008110e-01 -7.130153969870692832e-01
1.549953563741614526e-01 -1.267798890915103616e-01 -7.098409690826480434e-01
1.817932316870023435e-01 -1.074168135683889885e-01 -7.570411267265730881e-01
1.678737939631264608e-01 -1.233769463836876940e-01 -7.363221583774609558e-01
2.318807000547931652e-01 -7.957707885011441884e-02 -8.048835458812286792e-01
2.942026559985959633e-01 -5.625161551591579406e-02 -8.615972458734532102e-01
2.726223864554195853e-01 -9.398919804600884553e-03 -8.748581935803975140e-01
2.650313909187215211e-01 -2.702649128044572191e-02 -8.589875610269812611e-01
2.495377191016492913e-01 -4.682505362492424272e-02 -8.441807963833799500e-01
2.277564486701177393e-01 -3.825933770281463725e-02 -8.343720518136624742e-01
2.150680933158171937e-01 -3.296874704718823906e-02 -8.291419686644662113e-01
1.604365221800438113e-01 -1.010309858446697268e-02 -8.080577124961703106e-01
1.593976763824498377e-01 -3.985212407065345103e-02 -7.925925711335827240e-01
1.172128088888589881e-01 -4.751111121098895024e-02 -7.550522828014279986e-01
9.477766373574411651e-02 -2.386579835391192811e-02 -7.591764645769009112e-01
8.368900380769739300e-02 -1.956517680892018787e-02 -7.585538252784921331e-01
4.299048603256114265e-02 -8.700819318572217478e-03 -7.338001737476945729e-01
1.984080809405886284e-02 -4.034713334720532729e-02 -6.987850438556701960e-01
2.022753966816081064e-02 -2.576204740433997789e-02 -7.117796298421861234e-01
-2.426578719224818312e-02 -4.087448850153651420e-02 -6.715554070313782820e-01
-3.698826576890235085e-02 -1.821218462684123102e-02 -6.758240211759876104e-01
nan nan nan
-7.973978105937744310e-02 -1.466830320206762538e-02 -6.483954205115447511e-01
-1.028128392933613799e-01 -2.072394468949254748e-02 -6.334803035344651612e-01
-1.427216306547939573e-01 1.032324683276885854e-03 -6.255042201166800542e-01
-1.584255774053857369e-01 -5.992033470131953241e-03 -6.019754000101927849e-01
-1.470273051436068734e-01 -2.153105720423956204e-02 -6.159254236552722528e-01
-1.340310987535311693e-01 -2.476477342552092786e-02 -6.168243522162796255e-01
-1.091619667565678770e-01 -4.105337004607047952e-02 -6.193257789850521444e-01
-9.351868124156334505e-02 -5.284732360940507662e-02 -6.245410548352287039e-01
-6.982102342758507441e-02 -2.918275428935411184e-02 -6.533140055292383508e-01
-3.662074800003713854e-02 -5.353629548061990956e-02 -6.597619636641464114e-01
-3.631883736970810406e-02 -6.828010726544106457e-02 -6.506177533467130125e-01
-2.514506179560569224e-03 -8.773091989754935871e-02 -6.646106101707652813e-01
1.847711791948531551e-02 -5.686135742176025298e-02 -6.894328628954845550e-01
2.512107386620248198e-02 -4.987457415567683738e-02 -6.970576529100913632e-01
5.902786731550375976e-02 -7.728187933014560307e-02 -7.081852475413129566e-01
8.211516273557092904e-02 -4.726223245963480368e-02 -7.429481049798211112e-01
1.039275819690956421e-01 -4.418284274763952663e-02 -7.519164493750694067e-01
1.119330674785508489e-01 -5.146713637661104457e-02 -7.513472546528229268e-01
1.609027899674609074e-01 -8.590800254564848193e-02 -7.674087970745616660e-01
1.293181297173983391e-01 -1.135963829455198526e-01 -7.279070097600245370e-01
8.976107457533157030e-02 -1.079674201792027860e-01 -7.050284841582133977e-01
8.425337494946787131e-02 -8.957771231970076964e-02 -7.213887816010265963e-01
6.094797571034148848e-02 -1.140559926055006862e-01 -6.778265934434919426e-01
3.467657933889983779e-02 -8.377615600107490845e-02 -6.797891606488044580e-01
9.051155339153110074e-03 -8.061837174561344022e-02 -6.665164629080879699e-01
-1.285059132256906322e-02 -8.984162859035911552e-02 -6.399537504677006439e-01
-3.802133062835594268e-02 -1.148377595992366579e-01 -6.196824332827853832e-01
-5.344444230654244593e-02 -1.059204530625208474e-01 -6.104275116724930950e-01
-9.040151611352004180e-02 -7.710883155397860178e-02 -6.037761298665612619e-01
-9.768519117173313226e-02 -7.687926779264286914e-02 -6.020390611749282250e-01
-1.090049098240471331e-01 -7.840420776230305755e-02 -5.886991040645592754e-01
-1.507793201717728959e-01 -9.309106811261971814e-02 -5.613197132879191864e-01
-1.428885278310665086e-01 -1.051408809047858772e-01 -5.571937754209776994e-01
