nan nan nan
nan nan nan
nan nan nan
nan nan nan
nan nan nan
nan nan nan
nan nan nan
nan nan nan
nan nan nan
nan nan nan
nan nan nan
nan nan nan
nan nan nan
1.798325409492644855e+00 1.652932415164311886e+00 9.353998057839248759e+00
1.743194315973475739e+01 1.017789875898320417e+01 7.421723562868783119e+01
3.587702727469297859e+00 1.695449278934989978e+00 1.732731808638924775e+01
3.313517350151692131e+00 1.282806939908517574e+00 1.614432676204793182e+01
1.811548781037900113e+01 4.239236140966601063e+00 7.762986842914992280e+01
-1.040644583988843941e+01 -1.159927089975863135e+00 -4.240615583642868103e+01
-4.231121574284254727e+00 3.963052999694892664e-01 -1.654403216672702115e+01
-5.839099903558286009e+00 6.230108444785354971e-01 -2.332636994651527829e+01
-5.163632356864373385e+00 1.552159410748393142e+00 -2.062245345041775124e+01
-6.690539968017644945e+00 3.454738807310203441e+00 -2.860210261662849973e+01
1.600351374385764913e+01 -4.114171186118909418e+00 7.329116637592515815e+01
5.275029395398314058e+00 -8.154122238383477717e-01 2.589912189393944075e+01
4.222052608067133228e+00 -2.141859137052932183e-01 2.109444964050528526e+01
1.022278049706077141e+01 1.672057703472491497e+00 4.582644596537193848e+01
1.650020440922179032e+00 3.544528797368040052e-01 9.408004525033659249e+00
1.174794787266871143e+00 4.000041779574267098e-01 7.367672359344259014e+00
8.995684087970404752e-01 4.173862755024708160e-01 6.111209008231409889e+00
6.836334654007011347e-01 4.206642220087042361e-01 5.157453019069000000e+00
nan nan nan
3.888306612524961570e-01 4.133019151757473253e-01 3.893105435084583288e+00
4.324241342378472019e-01 4.482746176500281843e-01 3.850171995736376473e+00
2.127611002327692291e-01 3.751352342068796086e-01 3.100032033709265278e+00
1.006186556146469041e-01 3.230907975447085967e-01 2.627060137141279395e+00
3.656491506081360754e-02 2.795961243427632081e-01 2.366715459271595989e+00
-1.262023262036257587e-02 2.815221422623582215e-01 2.183846686362558742e+00
-5.077236800032185193e-02 2.528013678113850693e-01 2.012448249182785087e+00
-9.533267332654711546e-02 2.261497387963758432e-01 1.842330475028177039e+00
-1.242892932089656732e-01 1.788244908336167061e-01 1.761858011848745464e+00
-1.484015315230287069e-01 1.494227538217905438e-01 1.656876308183040436e+00
-1.729136035315227971e-01 1.303340607394584683e-01 1.541161605011845293e+00
-1.979120622336171531e-01 7.461358186922756319e-02 1.466409105098149368e+00
-2.092298384569738767e-01 2.829952352716805578e-02 1.457121432931246519e+00
-2.228978852051429205e-01 1.639577695330460272e-02 1.386863903493344541e+00
-2.364313727289375500e-01 -1.921767045443235900e-02 1.344839661456827873e+00
-2.458509991502995096e-01 -4.765639991691398430e-02 1.327371616517551978e+00
-2.496712248884742913e-01 -7.924677736397807426e-02 1.311873057365665396e+00
-2.471964301799295660e-01 -1.176889761131536122e-01 1.338587821982783810e+00
-2.760519549719477328e-01 -1.903179046929917018e-01 1.254369559911303611e+00
-2.821934118431434491e-01 -2.297101187483457374e-01 1.255659698357742826e+00
-2.877308244725398922e-01 -2.618160047268283108e-01 1.246834105336496634e+00
-2.784209177822010162e-01 -2.567067578085550084e-01 1.273987881543790834e+00
-2.895535494261721188e-01 -2.989028196273958993e-01 1.284663100151629989e+00
-2.784263332045174844e-01 -1.998031509231579517e-01 1.258450380876350305e+00
-2.659227885978365236e-01 -1.857583975078751504e-01 1.298194495745164989e+00
-2.581466606743247350e-01 -1.407910626607076499e-01 1.333318648397715078e+00
-2.520098210806275829e-01 -1.426252385906134623e-01 1.368676488732654128e+00
-2.380781789424434580e-01 -9.056164593986523736e-02 1.389523323170021474e+00
-2.247588708148106629e-01 -6.804963843439830462e-02 1.451900775085186224e+00
-2.024342385150804391e-01 -3.172622212552245191e-02 1.516384318689734112e+00
-1.803327574643071585e-01 -2.653097184127316786e-03 1.606858184450066451e+00
-1.558312222147465176e-01 2.280083874932379087e-02 1.696736010092970925e+00
-1.280077903871442990e-01 5.005108298507338072e-02 1.823011845810369680e+00
-8.608162464964429217e-02 6.450666317687299423e-02 1.984606749349420385e+00
-4.873199876240112000e-02 7.425878619977355211e-02 2.188741800197397946e+00
-3.032262309116344479e-03 1.089128256082985274e-01 2.338270404976081185e+00
5.892404464059329550e-02 1.215368191634111222e-01 2.624187359323321811e+00
1.178423507210947935e-01 1.158242557281564666e-01 2.866164976578514878e+00
nan nan nan
nan nan nan
4.730429428930164049e-01 7.248260407429951702e-02 4.472569986240352513e+00
7.949388480637183951e-01 -6.726231375561439463e-02 6.116948031031162358e+00
1.340316766529902948e+00 -7.107962252356526955e-02 8.547562588258681870e+00
2.372756583568816247e+00 -3.038835009914221397e-01 1.326435254429944699e+01
6.169608397400785371e+00 -1.320336873851469361e+00 3.085333946842734321e+01
-3.270708217951690866e+00 6.985669367801523588e-01 -1.258652796365133675e+01
-3.287171680100494431e+00 7.827828605431063069e-01 -1.278123340889610127e+01
-3.011133540563272870e+00 9.566448083316051454e-01 -1.149176441799856363e+01
-3.445137947063081185e+00 1.407776262212075080e+00 -1.345775371194309677e+01
-2.605641281927322250e+00 7.774694697683175448e-01 -9.735611745514990645e+00
-5.069317551962476465e+00 6.286874632809912322e-01 -2.056591147088874294e+01
-5.474087973420528996e+00 3.004670130017224605e-01 -2.182596502070247269e+01
-7.156585189424171212e+00 -2.628598296678884561e-01 -2.914282391448345066e+01
-4.364239711596662019e+00 -5.506097123736848342e-01 -1.682236580238161139e+01
-5.185137214121601446e+00 -1.174418076414254886e+00 -2.003467007949934242e+01
-6.761893281540381828e+00 -1.872591526665447370e+00 -2.674983277526243342e+01
6.784521336807364911e+00 3.523133179222813549e+00 3.140759716105034016e+01
1.576405811191937367e+01 1.050463270840363528e+01 6.707406693543750009e+01
5.492894806800911134e+00 4.586781568801520770e+00 2.494111688041628128e+01
nan nan nan
nan nan nan
nan nan nan
nan nan nan
nan nan nan
nan nan nan
3.478339545049137782e-01 9.861464912489547041e-01 3.424184359275075362e+00
5.797663960577117415e-01 1.179477749857940072e+00 4.391678948017667672e+00
6.597291845374442243e-01 1.126760837865919740e+00 4.670580743403915491e+00
nan nan nan
7.597660130924944744e-01 6.999899970653568060e-01 5.201920438434470384e+00
1.159980862517487443e+00 7.832357014710702448e-01 6.887572318513817571e+00
1.323064253184136785e+00 7.052041556881482043e-01 7.593196889426945262e+00
3.704386815867311444e+00 1.512575912950756774e+00 1.689085930373736133e+01
1.462252838407529687e+01 2.858557297674761077e+00 6.322946201439963687e+01
-4.353436808977966876e+01 -3.212027931598136821e+00 -1.835212275470764212e+02
-5.983758713797752904e+01 8.505855812535976668e+00 -2.627787790469598690e+02
2.268218947507313388e+01 -4.834708624932483545e+00 1.016348298331311497e+02
-6.415190648308351840e+00 1.391747618604978642e+00 -2.581384987837690304e+01
-4.229446660109902467e+01 1.781212528581758647e+01 -1.840781826602899400e+02
-2.541826552323702160e+01 7.457593673051307270e+00 -1.083153449884310646e+02
3.523158233874896794e+00 -1.142049475699298267e+00 1.779307667263142534e+01
6.233619393676596232e+00 -1.209526267174817260e+00 3.075163181754614428e+01
1.030223091746720332e+00 -2.960869419613577080e-01 6.810234070164632669e+00
6.221170828059273683e-01 -1.766451147950606204e-01 5.001038593429218970e+00
4.666995146430056307e-01 -1.071067230881106030e-01 4.336238539473971976e+00
3.243182688212635223e-01 -7.568429251196626129e-02 3.736218972045691977e+00
2.440562439406325224e-01 -7.026753689580034212e-02 3.401953689227172895e+00
1.099189197991268241e-01 -3.076438380077613916e-02 2.764826253766428543e+00
6.316078688213863646e-02 -4.045805147732076980e-03 2.568852771868221474e+00
1.870153961540622564e-02 -1.479107361220138341e-02 2.421365379439580412e+00
-3.299110890918098560e-02 8.796417365052057111e-03 2.150767536023839188e+00
-6.709250575317803056e-02 -3.745554262151025177e-03 2.054505051922077108e+00
-1.016474443898358060e-01 -2.336590225466182377e-02 1.878069753074003145e+00
-1.384664736410376185e-01 -2.729220079057511836e-02 1.741087121612110433e+00
-1.547289293714019798e-01 -3.906665967179794030e-02 1.682365116426870033e+00
-1.760242703468057335e-01 -5.276790690874858664e-02 1.586541687325439653e+00
-1.930148509053178640e-01 -7.454663142935100129e-02 1.524866888069437598e+00
-2.107703884507853842e-01 -1.090915518472976714e-01 1.490056526113710644e+00
-2.089658656859536834e-01 -1.320667186277167948e-01 1.476223158136448887e+00
-2.383064061356314489e-01 -1.501382911124181652e-01 1.379099666224072429e+00
nan nan nan
-2.351077032892505414e-01 -3.199274444928041916e-01 1.508936983703782930e+00
-2.650823879535724181e-01 -2.283783598064099696e-01 1.311125723304886970e+00
-2.736023861210329922e-01 -2.482015739190353287e-01 1.262621661754064428e+00
-2.731258134439227270e-01 -2.582250891017194294e-01 1.285401570303143171e+00
-2.537468382324464811e-01 -2.805229557780366534e-01 1.377316513336294124e+00
-2.804754525937956933e-01 -1.746125258186226048e-01 1.212347049630923879e+00
-2.826583412551513241e-01 -1.700408039955063622e-01 1.203592175260846941e+00
-2.735305833514937168e-01 -1.250394953718906577e-01 1.209846024932398345e+00
-2.626088714677552449e-01 -1.188173817533659943e-01 1.266967908906243112e+00
-2.742817040895716429e-01 -6.901133279744046944e-02 1.184811675767829309e+00
-2.670939481269392624e-01 -2.498140525787771390e-02 1.195304278816144761e+00
-2.588441467548983077e-01 -7.315745204934102257e-04 1.232879474344455328e+00
-2.609570542052193076e-01 2.903925528380636722e-02 1.195385154301795705e+00
-2.537836323905762748e-01 6.506562232924735512e-02 1.211243163714185611e+00
-2.316988846931083423e-01 8.443184906733275374e-02 1.288527166129385337e+00
-2.275813493668784326e-01 1.262309979120613546e-01 1.296822076325126138e+00
-2.096299687839849324e-01 1.442383197341526035e-01 1.360764946791329866e+00
-1.616642137228712361e-01 1.402808353619026394e-01 1.556332194014962589e+00
-1.370579589187936320e-01 1.509837180323839734e-01 1.671915519661719252e+00
-1.579448023887283503e-01 1.135091985939033765e-01 1.603062295651469293e+00
-1.089574517240022994e-01 1.139354999586772166e-01 1.815178407544918437e+00
-1.243058460751254729e-01 6.527324752690626120e-02 1.738545751469156242e+00
-8.419711215236712343e-02 6.020179545340430954e-02 1.936177799915015374e+00
-6.433864676156256235e-02 2.438374455876261490e-02 2.001792424183834740e+00
-1.671275410112989593e-02 1.150958196195865299e-02 2.239721656690889517e+00
-7.416674956239723004e-02 9.305182445482639009e-03 1.985405447658354250e+00
-1.031551045210048478e-01 -9.783467782260900705e-03 1.875690701844024977e+00
-1.235600570347349242e-01 -1.971908954121397856e-02 1.786625050411557725e+00
-1.493234905097552967e-01 -3.171282540703489194e-02 1.685696192822410344e+00
-1.689079260054687781e-01 -5.433827105646577699e-02 1.602899004543089534e+00
-1.893364603155189840e-01 -1.034487262563910104e-01 1.563283038872602670e+00
-1.916351001406734478e-01 -9.117585256851817865e-02 1.525658599360691259e+00
-2.143840552091223484e-01 -1.419435333687175949e-01 1.474213962876970152e+00
-2.299425333656106019e-01 -1.377085077122855994e-01 1.391987151288429203e+00
-2.351398743647823697e-01 -1.569471487175760072e-01 1.386709738672203818e+00
-2.442775170329022638e-01 -1.712236547581808266e-01 1.341431004854177766e+00
-2.544542801264121357e-01 -2.137081601533827868e-01 1.339739454911887728e+00
-2.617022594062191621e-01 -2.114842178346323931e-01 1.280043766386081527e+00
-2.705083772884302462e-01 -2.373341028005742370e-01 1.261307361222125722e+00
nan nan nan
-2.698824687329571259e-01 -2.066152164286989834e-01 1.271688265998089928e+00
-2.563268843412508935e-01 -1.707243094866962574e-01 1.302867364527550809e+00
-2.456405285245398529e-01 -1.520218331683878821e-01 1.325201683236066463e+00
-2.422601130357048826e-01 -1.270670214762074091e-01 1.339985496675122123e+00
-2.303015799017752441e-01 -9.733727436756724194e-02 1.369872150574375835e+00
-2.131475339515044032e-01 -7.079604279618227636e-02 1.442040244195448073e+00
-2.046313942225815863e-01 -4.384960355896585366e-02 1.451025258093179948e+00
-1.947999446463696827e-01 -2.072999978834231746e-02 1.487557452648229805e+00
-1.740171286610201762e-01 9.083490740944565739e-03 1.566466450965223522e+00
-1.584274206246847894e-01 6.059821134181317924e-03 1.644839130642366865e+00
-1.481918052989833479e-01 5.633529441033232471e-02 1.641729798585712219e+00
-1.084176132571892937e-01 8.636169509768253094e-02 1.809790320702641564e+00
-1.142133351151325693e-01 1.168869735125940973e-01 1.753026625403700134e+00
-1.011156750941135246e-01 1.513142403271610092e-01 1.798899712760132497e+00
-5.704057692928714285e-02 2.209396523151608283e-01 1.944232048658043777e+00
-4.590352555545797880e-02 2.543365597678147183e-01 2.001127783247011571e+00
6.449386406740129085e-02 3.346744447920125820e-01 2.234010054324012451e+00
1.425026658654920128e-03 3.150498266794237168e-01 2.174569368097182487e+00
8.127979821176030406e-02 3.708472340753859453e-01 2.456210996383213718e+00
1.440608056150408656e-01 4.673200107348752796e-01 2.731281348947326215e+00
2.022138656802309753e-01 5.119018335499821992e-01 2.914319505362815921e+00
4.276524813824360005e-01 6.777377628265610632e-01 3.783879030432157897e+00
4.559517712550136270e-01 6.657725996865864193e-01 3.856779984858519583e+00
6.577274200616762823e-01 7.839591065939567338e-01 4.803357902511592670e+00
6.607820815312671625e-01 6.792657469020003669e-01 4.775752784942262963e+00
9.193116684549190731e-01 8.768541490715847653e-01 5.864211036554944911e+00
8.034378879742085644e-01 8.735995114419523588e-01 5.373087881859586190e+00
