# first camera mtx
6.210419600511354474e+02 0.000000000000000000e+00 3.322308316750861650e+02
0.000000000000000000e+00 6.263006878537554485e+02 2.905590598201961825e+02
0.000000000000000000e+00 0.000000000000000000e+00 1.000000000000000000e+00
distortions=np.array([[-0.05821645  0.54538226  0.01723585  0.00886077 -0.93096048]])distortions = np.array([[-0.03816212  0.44906195  0.01597279  0.00651138 -0.66210417]])camera_matrix = np.array([[629.98866715   0.         326.70080094]
 [  0.         628.14215009 272.99274301]
 [  0.           0.           1.        ]])new_camera_matrix = np.array([[627.83081055   0.         330.48518022]
 [  0.         621.51800537 277.32219422]
 [  0.           0.           1.        ]])distortions = np.array([[ 0.0432809  -0.17178702  0.00300214 -0.00268438  0.10663246]])camera_matrix = np.array([[638.72088052   0.         309.964957  ]
 [  0.         634.23924183 248.54710424]
 [  0.           0.           1.        ]])new_camera_matrix = np.array([[633.53369141   0.         307.62247084]
 [  0.         628.33099365 249.52211068]
 [  0.           0.           1.        ]])