nan nan
nan nan
nan nan
nan nan
nan nan
nan nan
nan nan
nan nan
nan nan
nan nan
nan nan
nan nan
nan nan
nan nan
nan nan
nan nan
nan nan
nan nan
nan nan
nan nan
nan nan
nan nan
nan nan
nan nan
nan nan
5.756909211079733524e+01 8.104055759178033114e+00
6.362453280730896665e+01 2.475550249169435091e+01
7.326129987836937119e+01 4.645680150665045005e+01
7.495852659206795465e+01 6.957803311861995610e+01
1.092729592423162757e+02 6.782975104020597712e+01
1.402473324955028318e+02 3.915926172346664913e+01
1.462884628366975051e+02 3.897060014851819432e+01
1.691058043117744489e+02 4.867462686567164099e+01
1.992988921546461540e+02 4.847908659281031163e+01
2.139114272469142861e+02 3.209937996175465003e+01
2.356171372977647422e+02 3.106177258368665761e+01
2.625824392489691377e+02 3.301743464510188630e+01
2.892308459166312105e+02 2.966043704806465442e+01
3.175582593370839959e+02 4.528929709211685406e+01
3.649265924551638705e+02 1.954083694083693956e+01
3.873183769550361149e+02 4.132603572727598618e+01
3.873135036401116622e+02 4.135325783472066519e+01
4.145420622387366620e+02 4.419808639108221371e+01
4.426424670505438144e+02 4.888930518234165135e+01
4.873817633957814905e+02 4.353298646852950782e+01
5.020658007887791996e+02 5.194644604572546953e+00
5.298312630324694510e+02 3.609673815907059691e+01
5.079191669505133291e+02 7.363078682302564459e+01
4.767973320893319169e+02 6.390667922478240115e+01
4.481484375000000000e+02 7.784965872045640367e+01
4.221979013779053389e+02 7.542767640035926036e+01
3.535747050403400635e+02 4.129078467944825093e+01
3.241668060016720005e+02 4.117415408984907543e+01
3.063813255658043886e+02 6.633751762720484635e+01
2.867460829910445455e+02 4.721401439477483564e+01
2.674725732197081243e+02 6.411244979919678144e+01
2.085367031538419837e+02 5.461909305688082839e+01
2.079217610348892151e+02 5.726741618749588980e+01
2.067085887935170945e+02 6.943247854134456531e+01
1.641620937816259982e+02 6.330043292477229500e+01
1.636590313233062091e+02 4.896419207948116536e+01
1.395042446630909581e+02 7.216754875146520476e+01
1.209110730098669109e+02 7.610829950205615546e+01
9.129864053589379580e+01 7.100930110203967160e+01
7.952735966544179291e+01 5.121329622853276931e+01
2.352780615968471878e+01 6.125341191066997482e+01
7.332059822649667069e+01 9.155049190453081565e+01
9.120604186275828340e+01 1.014961528692872008e+02
1.187114525873391102e+02 6.642546624638822550e+01
1.335491002985556293e+02 6.410616208074451094e+01
1.505228581052115828e+02 9.550215873599118765e+01
1.677764126171102532e+02 5.895328557072000564e+01
2.014329840421888775e+02 7.368714471611534123e+01
2.343155868572622182e+02 6.207204034736936649e+01
2.381603202846975194e+02 6.195117437722419851e+01
2.586431025757131579e+02 6.252940628079802110e+01
2.788451172105077376e+02 9.208957474378607344e+01
3.073237391747325660e+02 6.256444218033622207e+01
3.314152301920332206e+02 6.409426464178581284e+01
3.431365608896121557e+02 7.851335774342283003e+01
3.716228098120420782e+02 5.976147999817958123e+01
4.067943691745940100e+02 7.098395310848466977e+01
4.386001675433155924e+02 7.844531080090537500e+01
4.933371293138331453e+02 6.040539915602057874e+01
4.934331402222747442e+02 6.030639631118467747e+01
4.801693102032035085e+02 8.752815317517747928e+01
5.158392690149626105e+02 7.457346217788861509e+01
5.424478207256343012e+02 8.073705952098647742e+01
5.257497669867437935e+02 8.454343336130524733e+01
4.949868086621817156e+02 6.768420308025542909e+01
4.634666609130046027e+02 6.437337543660140682e+01
4.060048035646943276e+02 9.008656579894032745e+01
4.058323479163636307e+02 9.008073573997540961e+01
3.870712391179786778e+02 7.383076261944809460e+01
3.501656017914112340e+02 6.413821187415163649e+01
3.418469700970360918e+02 6.329953297247342903e+01
3.155225852258522536e+02 6.124495244952449724e+01
2.839266503979864069e+02 6.168117645555711448e+01
2.590954439061564472e+02 6.056662130531816501e+01
2.487776886792452729e+02 8.265830188679245794e+01
1.499738971859021035e+02 7.597809866625347297e+01
1.416109056500676218e+02 7.395395451425677891e+01
1.262437950145920951e+02 6.807391094808428988e+01
1.166294789850861946e+02 7.045974562592807899e+01
8.415273154493831953e+01 7.619660379000499972e+01
5.905137563873436335e+01 8.600012585898758743e+01
8.927304192778666447e+01 9.059697931142984828e+01
1.044910528433241836e+02 1.080904336266158197e+02
1.248487730837338745e+02 8.969076650645079951e+01
1.499181247936612635e+02 9.572953119841531588e+01
1.624875515152724574e+02 7.454019937533054474e+01
nan nan
2.027731691669956433e+02 1.029317508882747774e+02
2.266674716355634303e+02 9.172246672953997404e+01
2.569627692377972039e+02 7.874121194125305578e+01
2.811121977610387717e+02 8.850068667027342428e+01
3.291652531349185438e+02 9.971242000104064118e+01
3.413612307692307581e+02 9.322926769230768684e+01
3.530562204186522877e+02 8.538549517752875317e+01
3.957644172934296876e+02 8.143738820255865107e+01
3.971791712137746799e+02 1.076365496544197953e+02
4.201294840098891541e+02 7.591863784990827924e+01
4.581086364671067486e+02 1.145146551331664000e+02
5.024271010725702808e+02 7.652173523348569972e+01
5.259263420493393824e+02 1.023737595860667113e+02
5.794840310129669660e+02 9.539006710506399145e+01
5.734765544272224815e+02 9.449340815962942486e+01
5.293024423433357697e+02 8.101698613424676410e+01
5.079746376313801193e+02 7.060844954317509803e+01
4.883871869852255827e+02 6.829915976044233616e+01
4.581701652291385471e+02 6.924929855554401570e+01
4.485163883371919269e+02 6.765246618326261796e+01
4.086847865652258065e+02 7.934738481173070568e+01
3.902394643729170980e+02 1.046952442963254839e+02
3.452532927471755784e+02 1.013616460808991349e+02
3.295396947091610400e+02 1.068523609822667595e+02
3.215655408122235599e+02 1.012268797748291149e+02
2.954899870776907278e+02 7.944198779476683114e+01
2.797987823573211585e+02 1.065726862599097728e+02
2.537917567026810843e+02 1.009489395758303374e+02
2.269105612385955340e+02 9.790821122477190386e+01
2.093236324703134130e+02 1.021012263967296150e+02
1.720757729158435438e+02 1.090533386013433415e+02
1.422060153538752729e+02 9.937553896308760670e+01
1.304509075140927905e+02 1.088839125317475123e+02
1.146387842644904822e+02 1.103793680686336103e+02
9.691352354442125261e+01 1.012429598700997389e+02
6.703601218874079848e+01 1.033025331650712531e+02
3.701830130604774638e+01 1.275530945844771651e+02
9.984239475354347348e+01 1.297650729849798950e+02
1.025121924348145370e+02 1.104943077488064631e+02
1.744941095537019464e+02 1.393639177917275731e+02
2.257529118136439195e+02 1.227832184454480569e+02
2.459380777479231881e+02 1.070640175512115775e+02
2.486296587380973904e+02 1.046564712454045889e+02
2.662961942702152669e+02 1.275283522630954423e+02
2.886127639125128894e+02 9.943700560863489102e+01
3.098327344682455191e+02 1.318329040768892639e+02
3.527890077257661119e+02 1.016044272213117807e+02
3.609508714329741679e+02 9.885690384990346047e+01
3.999129570049722133e+02 1.185439017256507697e+02
4.647391380060948904e+02 7.962604639592014166e+01
4.745258560274797333e+02 1.407181401822112150e+02
4.595402332224979887e+02 1.429757504800262211e+02
4.286367881596818847e+02 1.477263396670260533e+02
4.061828207116395220e+02 1.441842638063237700e+02
3.768171240934417483e+02 1.547691621527283985e+02
3.517250026898852298e+02 1.235712074687766346e+02
3.283741094131567593e+02 1.217200976813272604e+02
2.996587800836867359e+02 1.270034612036282908e+02
2.832001697653964811e+02 1.125455605326133650e+02
2.637440343027591325e+02 1.459355757963140547e+02
2.345912791249091072e+02 1.440215453194650763e+02
2.181312154594491233e+02 1.480847959025984153e+02
1.859140178980414930e+02 1.231703665635090061e+02
1.647023814862986058e+02 1.204682020002690876e+02
1.450802714839763325e+02 1.171799516908212553e+02
1.163800644860209559e+02 1.194772601926095632e+02
8.710392931253765880e+01 1.191260459200749722e+02
8.798900877957241562e+01 1.461685543864352326e+02
1.058032619775739107e+02 1.271938983544488195e+02
1.057636872485569342e+02 1.272196081861115999e+02
1.340417617526243816e+02 1.385406207211319156e+02
1.579326651860077675e+02 1.455458411993336938e+02
1.792213940067927069e+02 1.521373869135283030e+02
2.011347511497788219e+02 1.523677534639833482e+02
2.212757824942308389e+02 1.270307472291741107e+02
2.371362866244622865e+02 1.435395716662608550e+02
2.515340060212217566e+02 1.351326143728472289e+02
3.047388500806018214e+02 1.484188700920898896e+02
3.365105614801490219e+02 1.491449955030194019e+02
3.489712754280175204e+02 1.503145732654777760e+02
3.762189479182536616e+02 1.460611574205062482e+02
4.030813513379501956e+02 1.462642017751185790e+02
3.871055567001206441e+02 1.480412484916266749e+02
4.219997357075604327e+02 1.477683807132592335e+02
4.646717471498186001e+02 1.389914684316791522e+02
4.994300146372826816e+02 1.323383537844899536e+02
5.183710020319084606e+02 1.362871481788079393e+02
5.276686561309123817e+02 1.032627774041694693e+02
5.638318112956434334e+02 1.375490379305950910e+02
4.997856417966547724e+02 1.047252959969930401e+02
4.944756474513230273e+02 1.597713828814329986e+02
4.580786018722427002e+02 1.586355422195314304e+02
4.335924116195548663e+02 1.459993159219173720e+02
3.722467458199444650e+02 1.660014160448777432e+02
3.492894845360824547e+02 1.661973883161512049e+02
3.276462082787958252e+02 1.503667171138743583e+02
3.140337852782446930e+02 1.441848403078828653e+02
3.038008132048985885e+02 1.454237499394936890e+02
2.778923726030166108e+02 1.688738283519870720e+02
2.438892438412094066e+02 1.662487903114568724e+02
2.198655157491971579e+02 1.536415742364543178e+02
1.898792321116928576e+02 1.514881729091153204e+02
1.807403427986697295e+02 1.461400358147863869e+02
1.320397344331556155e+02 1.614162559098682266e+02
1.017028470566660587e+02 1.667226068219328852e+02
9.141196601966323954e+01 1.658355051993155200e+02
7.537699765879479230e+01 1.493844411644951151e+02
8.332124789207419724e+01 1.766097702360876838e+02
1.091463569549042774e+02 1.714177479357589959e+02
1.195120693446986593e+02 1.703872428201997593e+02
1.517603448275862092e+02 1.704524425287356451e+02
1.884801686445971143e+02 1.570993129294191135e+02
1.995513722381848822e+02 1.654341622906965199e+02
2.110204150640348360e+02 1.772583794750412096e+02
2.334175091521807701e+02 1.798761606904744497e+02
2.638502209167427850e+02 1.762945721126552030e+02
2.811318323703260944e+02 1.545765424719399732e+02
3.043555886096330596e+02 1.480213454372594413e+02
3.395612197636371548e+02 1.494482227966114465e+02
3.487745680140062632e+02 1.489051724137931103e+02
4.035215900431800833e+02 1.721794513589027247e+02
4.194770121218739973e+02 1.738329583924866313e+02
4.317333561097825054e+02 1.760954219337205302e+02
4.592475602199674540e+02 1.726388641468515175e+02
5.030037561604598864e+02 1.453229023856970343e+02
5.228048587859709642e+02 1.370607570718250372e+02
5.401764959077556796e+02 1.731035487063480787e+02
5.310346014708804887e+02 2.112853985291194476e+02
5.172047275921305527e+02 2.056179449509906760e+02
4.795827285820154771e+02 1.680307898821259300e+02
4.609781487079615090e+02 2.170087783042176568e+02
4.311448696107980822e+02 1.782598610929104836e+02
3.967710294751092306e+02 1.800704572026336905e+02
3.693584864864864699e+02 1.838434594594594671e+02
3.486373254212352890e+02 1.923913526429336684e+02
3.160635972583926332e+02 1.947309311877275491e+02
2.691020378243659366e+02 1.803079926963521871e+02
2.367158249158249248e+02 1.804848297792742358e+02
2.291148749710337142e+02 1.797790558048410503e+02
1.899712543554007027e+02 1.751933797909407531e+02
1.627548581790624667e+02 1.998924840316119855e+02
1.361306529535782772e+02 1.862449139949742971e+02
1.213801029024340750e+02 1.919477944653351642e+02
1.110201945207513603e+02 1.948232236988640693e+02
8.103046519848413709e+01 1.736819732504706337e+02
7.887643020594966004e+01 1.928565217391304429e+02
1.204852565013500083e+02 1.771623738809151689e+02
1.211829196108172084e+02 1.781915208464355658e+02
1.359280991330753920e+02 2.043477004457070052e+02
1.503245908000564555e+02 1.832371243121207840e+02
1.859803265787920452e+02 1.879582923470391620e+02
2.070006396588486268e+02 1.922869936034115028e+02
2.331123136123136135e+02 2.056683501683501731e+02
2.525714949651433017e+02 1.980010844306738989e+02
2.863937386371208049e+02 1.848659584796824618e+02
3.262148355493351914e+02 1.777781165650305013e+02
3.338874675835543258e+02 1.840033946210553779e+02
3.447202862380000852e+02 1.960807659248366406e+02
3.529731891510070909e+02 2.200331162288219105e+02
3.869972363486422182e+02 1.954480551355809155e+02
4.287595878649112819e+02 2.026583985244546113e+02
4.455103061800090813e+02 2.198493605452242150e+02
4.791706744656268029e+02 2.239957153860966628e+02
5.208790003359479215e+02 2.012804872704964794e+02
5.639097171299690672e+02 1.834915050107770469e+02
5.622657132337267285e+02 1.869233998023370873e+02
5.551473486891484299e+02 2.035300132386387304e+02
5.370483245566740607e+02 2.380409610257243571e+02
5.075948745029151610e+02 2.457302755655182125e+02
4.785170660351072911e+02 2.599693507940930886e+02
4.638700693089931519e+02 2.107336669380953253e+02
4.383652540768586050e+02 2.046265426255961017e+02
3.967409215765739532e+02 2.090434349087493899e+02
3.457127759227304296e+02 2.116246195907939978e+02
3.297006901239086005e+02 2.033785591049301900e+02
3.256147122681355199e+02 2.033828722223385626e+02
3.022273848499798419e+02 2.025463963761941102e+02
2.797518485246354771e+02 2.062632851910717875e+02
2.506881766607147028e+02 1.973184383216930655e+02
2.226125961895236003e+02 2.262906254537241750e+02
2.107995957368614484e+02 2.005056964351341549e+02
1.776364537322614012e+02 2.085016873563611171e+02
1.747026986951364051e+02 2.106058718861210082e+02
1.569368433837371697e+02 2.065918503674014630e+02
1.291436011080332378e+02 2.077315235457063807e+02
9.143791467247294236e+01 2.207168416079534836e+02
8.378224947746184625e+01 1.927735930906652868e+02
3.180381251472089232e+01 2.464237010284996359e+02
1.017958580421494332e+02 2.265180610041662987e+02
1.623904954647420311e+02 2.081593436067492462e+02
2.045989582178876276e+02 2.050040563005652245e+02
2.156621020053419215e+02 2.089467291304532068e+02
2.310230534489530783e+02 2.104698311025168493e+02
2.463979805330664874e+02 2.162315109615209678e+02
2.557323113512395594e+02 2.293963950572602926e+02
2.858067796610169466e+02 2.238111864406779716e+02
2.915080024838748614e+02 2.302985857938383845e+02
3.384063873834058427e+02 2.313296503919424936e+02
3.572546179734540033e+02 2.213216417872336024e+02
3.935149972126921512e+02 2.185842459116367422e+02
4.050230537756838771e+02 2.183765285434614611e+02
4.186619097331966941e+02 2.184926842194319079e+02
4.327451253481893900e+02 2.247318405828155221e+02
4.637698161065313798e+02 2.360113612344113392e+02
4.857330553676885643e+02 2.144531072422136049e+02
5.284422178879910916e+02 2.394181108943995469e+02
5.056799387442572993e+02 2.402054103070652218e+02
4.716112032152725533e+02 2.358105501130369248e+02
4.426078288946711154e+02 2.469073179468554429e+02
4.361857400970769731e+02 2.499919612917055929e+02
4.011129779201966699e+02 2.235513146920679617e+02
3.884628047346554922e+02 2.257324998040291746e+02
3.761900884213469567e+02 2.508199245098381880e+02
3.365652086023920333e+02 2.174311752484698843e+02
3.210796178343949236e+02 2.348018400566171238e+02
3.025069595083152763e+02 2.334510122921185769e+02
2.555428721583635365e+02 2.176652966621299186e+02
2.386601675332177876e+02 2.384168110918544130e+02
2.186869237123529217e+02 2.475958786363331967e+02
2.172325385159780069e+02 2.462442974576732411e+02
1.902014287536675567e+02 2.372436535272356082e+02
1.713389463927081806e+02 2.334871002626293830e+02
1.377107928408519797e+02 2.466347558854227202e+02
1.224228848571941768e+02 2.257010084939310843e+02
9.737078140563603768e+01 2.297896879240162775e+02
8.037775185257198984e+01 2.200371018500514992e+02
9.492744673317643844e+01 2.475373232249599198e+02
1.241669684896776573e+02 2.497744023904382402e+02
1.241618152647261013e+02 2.496834746733898669e+02
1.415821554539516569e+02 2.253654343566296632e+02
1.646851388594445496e+02 2.492105575577697607e+02
1.760144625018637328e+02 2.377613558659763555e+02
1.918560854492644978e+02 2.556685093225896992e+02
2.256207727506565845e+02 2.258722416267294761e+02
2.560900713929935364e+02 2.464259920305495655e+02
2.941307680025547029e+02 2.414022034168928599e+02
3.046746893650327479e+02 2.464012327560903941e+02
3.153511548083076264e+02 2.523529001105358134e+02
3.422697008073452594e+02 2.619106696216558703e+02
4.087561465433300896e+02 2.509060978578383754e+02
4.331948828792600921e+02 2.595141823090953608e+02
4.742025243832472938e+02 2.333067213910587441e+02
4.934654441577589523e+02 2.268464799115370454e+02
5.113312148884020303e+02 2.467082185541071055e+02
4.730377157652474125e+02 2.751729574223244867e+02
4.456078453831061097e+02 2.711382428811888303e+02
4.378384194498598276e+02 2.663882358800677252e+02
4.146027277546166943e+02 2.524848497872523296e+02
3.887069995731967538e+02 2.599198890311566288e+02
3.835246802782140207e+02 2.613696806521576264e+02
3.469684527584020088e+02 2.710507292327203572e+02
3.152451858020193640e+02 2.477345555324242810e+02
3.142638429467300512e+02 2.475827389566535714e+02
2.599231172748434346e+02 2.593553850693419918e+02
2.569415848512772982e+02 2.586577818733587719e+02
2.317585272089568207e+02 2.503731142117596562e+02
2.238406201983517292e+02 2.478292592075243306e+02
2.068376055927759865e+02 2.543288668802796337e+02
1.696253048472111402e+02 2.581270974050056566e+02
1.551008762838028758e+02 2.508899698482992449e+02
1.570698754394340426e+02 2.494368733995920309e+02
1.056310406388835901e+02 2.446775191474283986e+02
8.796719500190843632e+01 2.468972056489684519e+02
7.368642625359700560e+01 2.395858813445172473e+02
8.437983872874742985e+01 2.478339284447492332e+02
1.180134057139944446e+02 2.570572418890333211e+02
1.242500387536815936e+02 2.498129282281816756e+02
1.508283001367688030e+02 2.542593340774394335e+02
1.635288511267085312e+02 2.513534786356360087e+02
1.798887981962033109e+02 2.521316076580544632e+02
2.155905195620962047e+02 2.743906025664034587e+02
2.242328090177965692e+02 2.535798908303995347e+02
2.497074082798421841e+02 2.549694069842765316e+02
2.706616892739085642e+02 2.558516660967362100e+02
3.001722328914703439e+02 2.612735608225209489e+02
3.167435998579937859e+02 2.918626089700603643e+02
3.402399805091972098e+02 2.833789133877451718e+02
3.707817451439032084e+02 2.621181734974067012e+02
3.842946405763041184e+02 2.854766259643386093e+02
4.202719317317099694e+02 2.741008805304924181e+02
4.330971173481502774e+02 2.714233271596143595e+02
4.461395348837209553e+02 2.888510217421219295e+02
4.748873835876241856e+02 3.139477736575423705e+02
4.865014252458549322e+02 2.940742315549432533e+02
5.382416162652554021e+02 2.988320957986823601e+02
5.549412786565945908e+02 2.695895033295607277e+02
5.793240357750479461e+02 3.051086674887227446e+02
5.731230288131908992e+02 2.833567450960718475e+02
4.552191012966213748e+02 2.864129785333702785e+02
4.323200684758510306e+02 2.902339123845873132e+02
4.099295528759432159e+02 2.998365436481007578e+02
4.019295730195229908e+02 2.795739438207313015e+02
3.703962533429335622e+02 3.064821538778029435e+02
3.505774482454852432e+02 2.963777223119463429e+02
3.232517037369879631e+02 2.856474949449561791e+02
3.013542025829477211e+02 2.709172791337749118e+02
2.952608986677606708e+02 2.815084749422408663e+02
2.582982250431803095e+02 2.731369693735694568e+02
2.606972331551430671e+02 2.851964048640075475e+02
2.598412535845964726e+02 2.879256452273658056e+02
2.571036019504010710e+02 2.734396966042747863e+02
2.689936270625925658e+02 2.856578593819972980e+02
2.561001148784677071e+02 2.930586562631513061e+02
2.219469522714203435e+02 2.789035365152386703e+02
2.009361641621265733e+02 2.949993713704125184e+02
1.734045258851828635e+02 2.807939246298651028e+02
1.538090694189751275e+02 2.823398733115874961e+02
1.287185872906342183e+02 2.740075403048742260e+02
1.204418878131002373e+02 2.582407392889342077e+02
8.579253246753246742e+01 2.586919595110771297e+02
7.025114687523500834e+01 2.673439497631044333e+02
8.283653123532174334e+01 2.694944692343823363e+02
1.090317621957133127e+02 2.807088061293763985e+02
1.299746080541038964e+02 2.847736243467568329e+02
1.428693252523390242e+02 3.125819468129234338e+02
1.598038543790097776e+02 3.126855091857280513e+02
1.901503431890179456e+02 2.844112988384371761e+02
2.096906236875262550e+02 3.013264384712305741e+02
2.087473342121406006e+02 2.820453151307116855e+02
2.563679147911350924e+02 3.002899309039823379e+02
2.732680628671702152e+02 3.050543475496554038e+02
2.868947582283624342e+02 3.019235744277394247e+02
3.240839985616684658e+02 2.935691477885652603e+02
3.433390768750974757e+02 2.960349290503664292e+02
3.622560752228599199e+02 3.007020393210404450e+02
4.013094362745097783e+02 3.094853707107843093e+02
4.341946387985204296e+02 3.233427366044238624e+02
4.196242135722953321e+02 2.899549799309250488e+02
4.629165564104869759e+02 3.292678004855553695e+02
4.883467835145060008e+02 3.154357288115755296e+02
5.027605386640216807e+02 3.256231259298821215e+02
5.344435840867471370e+02 3.013023388271257659e+02
5.230656665530174223e+02 3.289042277531537479e+02
4.953151411323217417e+02 3.095749714472181608e+02
4.792819623014918875e+02 3.328490754038880368e+02
4.556112653754360053e+02 3.113136703690104810e+02
4.485089682691735788e+02 3.152074164117674400e+02
3.917653908647770322e+02 2.991887976168983414e+02
3.288444864003776047e+02 3.019873502861525481e+02
3.230955934503068079e+02 3.098714268093373221e+02
2.994909540981602731e+02 3.268571603202738061e+02
2.689279651272187266e+02 2.995214296167757198e+02
2.583060175574619279e+02 3.031577545456819394e+02
2.368154030444277964e+02 3.187426496952312505e+02
2.173309045996734028e+02 3.203028788368603728e+02
2.143941592653921475e+02 3.011242209844949684e+02
1.828280037632396215e+02 3.202576099381897734e+02
1.505006817562039885e+02 3.054927733842378075e+02
1.243835066593687344e+02 3.132146810192787143e+02
1.184165385376547022e+02 3.167842408926913436e+02
1.109112921613035638e+02 2.913394336439222343e+02
8.322355149980351996e+01 2.937148517661441929e+02
1.577132897107179232e+01 2.657811905197245892e+02
8.083294977342285392e+01 2.962917506939666623e+02
1.031012173539092629e+02 3.281933045534990470e+02
1.105915679391546007e+02 3.066177928916191036e+02
1.389036843024271093e+02 3.116658110703684201e+02
1.501055201038562075e+02 3.148275493225576156e+02
1.749994081089079714e+02 3.114027818881326084e+02
1.994560319077300221e+02 3.053845848369218174e+02
2.166273946007053155e+02 3.379951217114559654e+02
2.231306662472535720e+02 3.183942769175043281e+02
2.536676402026701567e+02 3.145040745949486336e+02
2.726026412863364499e+02 3.122003697134720710e+02
2.921236228542147160e+02 3.124306516354940868e+02
3.140057763718883166e+02 3.284914042084995458e+02
3.292355891020007448e+02 3.426827017525719725e+02
3.584096308815244925e+02 3.399428482785085066e+02
3.903006569779016672e+02 3.476309376866414595e+02
4.023830490889047269e+02 3.464206763504312221e+02
4.402492905502354006e+02 3.411102809102213769e+02
4.437435980501048789e+02 3.353651086017524108e+02
4.657856659868019733e+02 3.388392225807074851e+02
4.962868390088593742e+02 3.179979019587486277e+02
5.066327634363098014e+02 3.536654506982649195e+02
5.349210251264685212e+02 3.489821480831138274e+02
5.684785822392734644e+02 3.101748442504663785e+02
5.947381596363009066e+02 3.274535880761926592e+02
6.306163130996927748e+02 3.473295671291915028e+02
6.099611449401432992e+02 3.750520276707675862e+02
5.963000754772555183e+02 3.605949301375158598e+02
5.802928671791505622e+02 3.570726193640787756e+02
5.533195481215935843e+02 3.487742127738194426e+02
5.368610156798501976e+02 3.403775988766674345e+02
5.127159729509152157e+02 3.787194706773930193e+02
4.984219149106944542e+02 3.600383473165849182e+02
4.757194833650464147e+02 3.376079633910459279e+02
4.437502061945537548e+02 3.623026734884095390e+02
3.658680932479374519e+02 3.330229591836734926e+02
3.261591153733241981e+02 3.345733437714062006e+02
3.210512793120025776e+02 3.354439399604722212e+02
3.014222676797194822e+02 3.379687317358270207e+02
2.800306494469505196e+02 3.297637026509299858e+02
2.597085517785670277e+02 3.275073566717402400e+02
2.367390492109532545e+02 3.207667272995428220e+02
2.058492469434764587e+02 3.461635461579351727e+02
1.854332370371943739e+02 3.287880599868300919e+02
1.431616022255645930e+02 3.228512671469121642e+02
1.326029281700297986e+02 3.350568489516008412e+02
1.269589306050143733e+02 3.400269156378228672e+02
1.078562541295188737e+02 3.224573576227700755e+02
5.066337074979013266e+01 3.352084450750681413e+02
7.474270759256056351e+01 3.165144887146270776e+02
3.706548990094795215e+01 2.986816917147483537e+02
9.589474202078592668e+01 3.405263882910030020e+02
1.222351533608875371e+02 3.256758755710245623e+02
1.601987204783258676e+02 3.208237130044843184e+02
1.661497542074898490e+02 3.176951063393984782e+02
1.710071399952742581e+02 3.183345421670655924e+02
1.944510190488877015e+02 3.223890502197948535e+02
1.984942159958073944e+02 3.181870054836194299e+02
2.289780105393273004e+02 3.544392297183006804e+02
2.441813879482681386e+02 3.253031700053037412e+02
2.611141692976065087e+02 3.503334007933295311e+02
2.765819524993095797e+02 3.273707539353769675e+02
3.285835866261398337e+02 3.354376899696048895e+02
3.461458141202992351e+02 3.326882877343990117e+02
3.525405108486679637e+02 3.312950131439557140e+02
3.773768343815513617e+02 3.332245283018867781e+02
3.958416934117053074e+02 3.337003353647542667e+02
3.972335731756548398e+02 3.511889530051530528e+02
4.356330705218425123e+02 3.319935367503381940e+02
4.618629081382020445e+02 3.455762338300311285e+02
4.887656993057248087e+02 3.427191153771645418e+02
5.124780991682905551e+02 3.375801714365773591e+02
5.042224403503473127e+02 3.194286792941277895e+02
5.821591237976335833e+02 3.197338336690974074e+02
5.885864164432529151e+02 3.681183199285076171e+02
5.847522729777385848e+02 3.802823451620013202e+02
5.567751250510411865e+02 3.979537247345855349e+02
5.523632733289376802e+02 3.715640682731423112e+02
5.151901450220943843e+02 3.912728876894332757e+02
4.815858168309918028e+02 3.883205876602519311e+02
4.792284314859809342e+02 3.743273554707084827e+02
4.395235693981853728e+02 3.754851699781784760e+02
4.275622478537947018e+02 3.799601200821614952e+02
3.901801078837172554e+02 3.837714047811553542e+02
3.786508630686147967e+02 3.562862207202729792e+02
3.504879154078549846e+02 3.423712621000061631e+02
2.864591002593685971e+02 3.431414721402379087e+02
2.573985284687299782e+02 3.379669917985757479e+02
2.443535881655468245e+02 3.301023883462254958e+02
2.163012425977190674e+02 3.335929350211877704e+02
1.943501202749140759e+02 3.549029725085910627e+02
1.814646844307224285e+02 3.479959281383538041e+02
1.582745488091744903e+02 3.463542488275752476e+02
1.368845095226432420e+02 3.433662631351830328e+02
1.149963852175113175e+02 3.388751519851728062e+02
9.644539924688616850e+01 3.377386791541952107e+02
6.521704827701363172e+01 3.271285925987768906e+02
6.836904963577842409e+01 3.287450932939667609e+02
8.801977066034005759e+01 3.384217872676947536e+02
9.693056664006384437e+01 3.408818834796488204e+02
1.040064539133535391e+02 3.602797290069531186e+02
1.375176707269469887e+02 3.365003953518631761e+02
1.546403397027600874e+02 3.458917197452229289e+02
1.632329428327215908e+02 3.363513751319824792e+02
1.964174754400023630e+02 3.611193719763749073e+02
2.378058241078181823e+02 3.515406106030392834e+02
2.422437229847834033e+02 3.594671662082266153e+02
2.431347648079119779e+02 3.643634748355981969e+02
2.715052022839691404e+02 3.404324921417490373e+02
2.767921938559057935e+02 3.414465573606847784e+02
3.041203832528556745e+02 3.682275081549379934e+02
3.232240891614017642e+02 3.472160775080878921e+02
3.547789351078353661e+02 3.498157776653332576e+02
3.787503084304318008e+02 3.574235777930089171e+02
3.868617059285901405e+02 3.482959293047185838e+02
4.141166664780507745e+02 3.881731493951087941e+02
4.161908230690669370e+02 3.827974627471729718e+02
4.497116405693629417e+02 3.600671768937447723e+02
4.581568858905641832e+02 3.805583106285729968e+02
4.805698356751150300e+02 3.858341384708469946e+02
5.038620905340539480e+02 3.511374385932854807e+02
5.128167571107784397e+02 3.773602326596806620e+02
5.226019256763374869e+02 3.957812995866554502e+02
5.019371822442790290e+02 3.886339270287657541e+02
4.457083743690754432e+02 4.135576988181706497e+02
4.406402984606046402e+02 4.014855531253597292e+02
4.422612498538979935e+02 3.635036233295671764e+02
3.893344425049094752e+02 3.698756273183504391e+02
3.659086784107374228e+02 3.623239533287577387e+02
3.490350706283487625e+02 3.727330735509011106e+02
3.241935042309606843e+02 3.781109071677451539e+02
3.023088001413677262e+02 3.859058284738175075e+02
2.705481159037945531e+02 3.853273007079101262e+02
2.461635268684373159e+02 3.668231161210624123e+02
2.461407413605556087e+02 3.668571667642875127e+02
2.272588434076415638e+02 3.631783397830707827e+02
1.677383152173913174e+02 3.570851449275362484e+02
1.353008252458459424e+02 3.600314694530183601e+02
1.182966656323168451e+02 3.754692657056616554e+02
1.060053168712532141e+02 3.466073722523551055e+02
8.010683505305233609e+01 3.414007675657012442e+02
3.441524690034233203e+01 3.485749219624943294e+02
8.408988050398073710e+01 3.605703830076365080e+02
9.181630080050189235e+01 3.563099697775847403e+02
1.107611300386632536e+02 3.498565631818703991e+02
1.370402027941155438e+02 3.772010139705777760e+02
1.653860131287567299e+02 3.547407465991774984e+02
1.690789960112851418e+02 3.530326880046696942e+02
2.005559308736679327e+02 3.593591213197637444e+02
2.098263000806082630e+02 3.555533648504389816e+02
2.445394364382112826e+02 3.758238347264623371e+02
2.653727967097532314e+02 3.767234887060973847e+02
2.755684981756169236e+02 3.758162304504355689e+02
3.021001562371515661e+02 3.684066277444289312e+02
3.231557259420230253e+02 3.720742547869941177e+02
3.461714834742505786e+02 3.796481936971560458e+02
3.686258660508083267e+02 3.816657488008527253e+02
3.962388558178168410e+02 3.967534782307745331e+02
4.168504451142885046e+02 4.074033798806584059e+02
4.388602864406010440e+02 3.634575786463298641e+02
4.554005647004865978e+02 3.969503092236801649e+02
4.664808385271782072e+02 3.692381891381152172e+02
4.373025463635101460e+02 4.212499274090719723e+02
4.028674991228251088e+02 3.917356793461435132e+02
3.862706041766300018e+02 4.106676072054838187e+02
3.618954711087974943e+02 4.090319625195210733e+02
3.520925443073456904e+02 3.850444210559718954e+02
3.229444961985756208e+02 3.779307028878804999e+02
3.006926773455377315e+02 3.776423340961098347e+02
2.937803760099440638e+02 4.028894499689247937e+02
2.621241712499546566e+02 3.773696834291461073e+02
2.468389080414396801e+02 4.034761002482521235e+02
2.202794825151391933e+02 4.004386533904593080e+02
2.013040110650069039e+02 3.830356846473029009e+02
1.629041769806797220e+02 3.679445145018915468e+02
1.349699765681458246e+02 3.657487097880913893e+02
1.310084650187743023e+02 3.695220316045058553e+02
1.070553102213876002e+02 3.804363125540998567e+02
9.639507716490426503e+01 3.782091454701343309e+02
6.488834203355169450e+01 3.658172464909662835e+02
1.753126091715769519e+01 3.506396697487015786e+02
2.710697723332869558e+01 3.837350413142768843e+02
7.545235078472116186e+01 3.942447079891203430e+02
1.045700926446039034e+02 3.772984880970276436e+02
1.108036447389687993e+02 3.786427105220623730e+02
1.403654401607434465e+02 3.777979823349658659e+02
1.966890439297448552e+02 3.802852796819859691e+02
2.212410906349100799e+02 4.042913866897301318e+02
2.291445460942997840e+02 3.828833497536945742e+02
2.566988069259784311e+02 4.078304275119419913e+02
2.737426470588235361e+02 3.919423529411764662e+02
2.844345975833255693e+02 4.063186458753973511e+02
3.198762997731713540e+02 3.993457452781458414e+02
3.258778082768250783e+02 3.993982612354983530e+02
3.679028505122371939e+02 4.084848466341969697e+02
3.896762158340146129e+02 3.953116534458757769e+02
4.176991001982614193e+02 3.863075339332011708e+02
4.245750798722044692e+02 4.115804150252799332e+02
4.491676538261708629e+02 4.276593631707860368e+02
4.862632379397963405e+02 4.054211287720013956e+02
5.386020959586212484e+02 4.269079978384220340e+02
5.334072786308597642e+02 4.272615166069133465e+02
5.012012749726600873e+02 4.346438078472166922e+02
4.948874801901743012e+02 4.396486559220165873e+02
4.705074233642252466e+02 4.354540185351640957e+02
4.469904656388490025e+02 4.349493009175457132e+02
4.207276431718061644e+02 4.395391657488986539e+02
3.916652719665272002e+02 4.352068767714941373e+02
4.043589710220371103e+02 4.223541992018045903e+02
3.239501260475573758e+02 4.296726364866311769e+02
3.123155284636842453e+02 4.296592313255501381e+02
3.008784363126562198e+02 3.985231830465083362e+02
2.812901753863282011e+02 4.013732741656016856e+02
2.502352253386964946e+02 4.153751100396819993e+02
2.286027236440478987e+02 4.014137512718165226e+02
2.141227323760562626e+02 4.122496011345506304e+02
1.983486423584173792e+02 4.099683992759244688e+02
1.688014676715588962e+02 3.935378817929392881e+02
1.563441805266507174e+02 3.913553946440549680e+02
1.408005443606150209e+02 4.003323464807563710e+02
4.375981932851820488e+01 4.259592198655371362e+02
9.049638588593349198e+01 4.002593126842722882e+02
7.477265351797454684e+01 4.011820814099874042e+02
4.182004784592400881e+01 3.601601248637299477e+02
6.179956003918400853e+01 3.875691563407634135e+02
8.059834534663328043e+01 4.032817061191738048e+02
9.142119835297458508e+01 4.020410620474229972e+02
1.144488407236302407e+02 3.854160269418418920e+02
1.470397799500285032e+02 4.082215622671283768e+02
1.640671621980355610e+02 3.928717433349766566e+02
1.702734874292632128e+02 3.934698893549930858e+02
1.831651238882158736e+02 4.066037855020242660e+02
2.078284721387434786e+02 4.117638213470007713e+02
2.464527140458869496e+02 4.125235482065816086e+02
2.603471202640784554e+02 4.063249002315612870e+02
