-3.271035759783602614e-01 -8.699400103059048428e-01 1.041311436198350204e+00
-2.628190931375511963e-01 -6.449689230333999213e-01 1.354070426042985664e+00
-4.269762433222075160e-01 -8.577851547976270696e-01 1.026697041335431271e+00
-5.701182314529750217e-01 -9.846327290287879563e-01 1.184512046774432559e+00
-6.606819046708177767e-01 -9.854124955300237465e-01 1.217755131652153766e+00
-6.499320867007525315e-01 -6.910507123251174999e-01 1.149090908407109257e+00
-1.210589014989543966e+00 -7.431080316873721614e-01 1.337657203410380635e+00
-1.079423370495769197e+00 -5.859272487258025963e-01 1.336492103194671932e+00
-9.928705486144635550e-01 -6.135118237940391239e-01 1.090389702699786856e+00
-1.036082887254180740e+00 -6.618271582826324995e-01 1.129063329550939132e+00
-1.223716217942997897e+00 -1.008574165974164716e+00 1.241495044117398638e+00
-1.163234077015389945e+00 -9.858145794007200369e-01 1.249650999391233031e+00
-1.161589255668062481e+00 -9.538471575908005207e-01 1.158682940330688638e+00
-9.570254101711201944e-01 -6.475016512831583970e-01 1.077162728685213677e+00
-1.024725625581871302e+00 -1.111515759743645582e+00 1.401758136737228044e+00
-6.578760410163163597e-01 -8.226236523348277041e-01 1.304609434429301773e+00
-5.837330795587319932e-01 -6.353592499451520270e-01 1.281974708926775675e+00
-6.379363504290818110e-01 -7.345977349416175084e-01 1.045319783164806449e+00
-7.725588330023663852e-01 -6.245738142070785814e-01 1.104175762808471406e+00
-1.444754371160120066e+00 -8.426786543961075626e-01 1.439267380150803577e+00
-9.305877007717144878e-01 -6.747300640897199164e-01 1.065224887555507927e+00
-9.697865952175739324e-01 -7.347056548986173885e-01 9.945973238343075451e-01
-1.076521516805849732e+00 -6.657664895855455178e-01 1.193037507684015397e+00
-1.036244416167712457e+00 -8.336591885198162410e-01 1.004803946396630732e+00
-9.280665982446426598e-01 -7.001582627276343729e-01 1.077466224971541653e+00
-1.236649811607617888e+00 -3.679359285823939896e-01 1.136194437145174652e+00
-1.021757681374964699e+00 -5.546548204099729373e-01 9.763351291354810391e-01
-8.721821100611834021e-01 -4.556185742965602747e-01 1.081103337101528838e+00
-9.294323595797858717e-01 -8.101922766709192258e-02 2.935225844648674531e-01
-9.165989426782481519e-01 -2.564859104017324087e-01 9.930597056468268846e-01
-1.067099180478572329e+00 -3.999205310090490073e-01 1.174963150798825406e+00
-9.103542534135267150e-01 -1.675341331411931978e-01 9.808235917219468858e-01
-7.605240047133190462e-01 -1.883517232822730647e-01 1.062861255398078075e+00
-7.406704173145405301e-01 -1.580140317296957475e-01 1.121747574041266571e+00
-6.377310160190267085e-01 -1.782762357826415678e-01 1.123607247094968287e+00
-3.990420287657427401e-01 -4.115562598627174884e-01 1.119058172127375794e+00
-3.475368714354371003e-01 -4.712606389450708089e-01 1.140301877167640976e+00
-2.834247617054528878e-01 -1.971375405260651914e-01 1.322006430094231799e+00
-2.827992688234824969e-01 -1.789411955956627942e-01 1.302899772175909687e+00
8.365332248284587657e-02 -2.496244581377487226e-01 1.420387894188132050e+00
-4.905903902904540717e-03 -4.998596867540091027e-01 1.232113488970982607e+00
-9.489725760560790979e-02 -5.011058421382975636e-01 1.097197590036115056e+00
-1.921613032562382306e-01 -4.637558397035476121e-01 1.085749382034921107e+00
-3.071323650034681330e-01 -4.359450167532779030e-01 1.049720752749834674e+00
-4.313664498773235878e-01 -6.060025772004050681e-01 9.629176108595743910e-01
-5.722308654126668781e-01 -3.282367027225633338e-01 1.130100288873107983e+00
-8.395523689744308626e-01 -3.333679698563762339e-01 1.017932705666458437e+00
-9.189412076573940658e-01 -2.395197187211459411e-01 5.661744592342495830e-01
-8.660876607744538713e-01 -6.908945100114398663e-01 9.729065039790535385e-01
-8.453845580258289027e-01 -5.506080512906285085e-01 8.892167205701014820e-01
-9.271576507609247120e-01 -4.440457658721834733e-01 9.230399580405059812e-01
-9.352770431928041361e-01 -3.900591187972913820e-01 9.625395670191670972e-01
-8.472327047262354638e-01 -3.397825225807920013e-01 9.916577498960899018e-01
-8.231190277573126046e-01 -6.248043374552395557e-01 7.148361189888642331e-01
-6.127754614652975995e-01 -4.999815508896488514e-01 9.584698142176418800e-01
-6.976392172454327634e-01 -6.644994236908540186e-01 1.188661461343243353e+00
-4.193060599341898453e-01 -6.724590265506426023e-01 1.028147346912090088e+00
-2.729266167437864321e-01 -3.363150760654608495e-01 1.359966348521647994e+00
-3.736440704685760616e-01 -4.173531865019875498e-01 1.166521391679862019e+00
-9.082006833092246337e-03 -3.397125220424750958e-01 1.426164011422443201e+00
-2.581906702855648605e-01 -3.341355321740742124e-01 1.463521972324586473e+00
-4.696658177571073622e-01 -2.245954370325475014e-01 1.262404237201397716e+00
-5.351809898837055490e-01 -3.013197565132668121e-01 1.181486944985698395e+00
-6.408655051976114292e-01 -3.899821163714118355e-01 1.094619531155171410e+00
-8.114686317642508806e-01 -3.805576671501053609e-01 1.022688534757613787e+00
-1.176816152864060161e+00 -5.301693033722312265e-01 1.222457218791696443e+00
-9.640206283593473202e-01 -2.725678042265444190e-01 9.948115217739902372e-01
-8.777120614530167231e-01 -2.412747676135454100e-01 1.124711096467793769e+00
-9.366036139084890078e-01 -2.775177307924108772e-01 8.946364408906053445e-01
-7.787455543582906259e-01 -4.080421319029872707e-01 1.023754853420834499e+00
-6.300433707894463886e-01 -6.913573080858034792e-02 1.304948810084990418e+00
-6.820093960923869769e-01 -1.363946728009673148e-01 1.333827294714680756e+00
-7.569543662022265584e-01 -3.772710450839624752e-01 1.423889309501357614e+00
-3.840546767812204054e-01 -2.443237992789989432e-01 1.213342310522209644e+00
-3.435745437163881810e-01 -1.576129463083692228e-01 1.368563130848469145e+00
-7.415731674750632163e-02 -2.098256999170507175e-01 1.554576659445604747e+00
-1.274829603450031434e-01 -4.855381301765637758e-01 1.327767675170914652e+00
-3.539466286860605271e-01 -8.288462134836864781e-01 1.227861258704804559e+00
-4.578623759743858934e-01 -6.573620415411856044e-01 1.367526220610178589e+00
-7.886505572306713452e-01 -3.398955672414520901e-01 1.413391145296933660e+00
-5.943711389427351888e-01 -4.842195238191798201e-01 1.148802753119044340e+00
-7.807647094663580090e-01 -3.110718319758924988e-01 1.153939660914448995e+00
-1.079971069046371079e+00 -2.694243146156317589e-02 4.250629860880516531e-01
-9.217363255829248425e-01 1.443761626098923403e-02 1.318188088521291268e-01
-9.868145536352097569e-01 -6.074937771084315541e-01 1.184688822079194015e+00
-1.034460248975024532e+00 -5.257107143699106810e-01 1.009204142110980307e+00
-1.165318214856624346e+00 -3.139811448163969954e-01 1.144533110596906544e+00
-1.289006051922334084e+00 -3.227474991931219006e-01 1.108769000634355129e+00
-8.991133197628765616e-01 -2.994368727460577362e-01 9.735772273323641812e-01
-9.005275694043953782e-01 -4.726716787747057835e-01 1.139350748745013187e+00
-8.833395327896093052e-01 -4.640067118140878133e-01 1.156955761042140818e+00
-9.184607720659246910e-01 -4.489261526317528395e-01 1.173674658931826764e+00
-6.629488216145773549e-01 -1.529792138043428729e-01 1.302806298455230438e+00
-5.113367516388871437e-01 -1.725172448666823788e-01 1.322079837397953206e+00
-4.855164086291275938e-01 -8.961772847048128654e-02 1.286061487421233274e+00
-6.131398710681642411e-02 -1.190818362832883753e-01 1.550258837779499466e+00
-1.567058693079314835e-01 -5.406434673155200571e-02 1.451978706496230176e+00
1.486247808413181659e-01 -3.056486418234336533e-01 1.268097505283152238e+00
2.353729345683061858e-01 -3.330737933504220316e-01 1.311428872340781870e+00
-1.463188736428754078e-01 -7.037203212267292285e-01 1.140171984141123085e+00
-1.583342538497040375e-01 -5.808754542945402388e-01 1.209825219323860779e+00
-5.967636960745923425e-01 -6.337787020373977231e-01 1.219694853746317031e+00
-9.272884960680334299e-01 -2.607654208848631527e-01 3.818097471730982351e-01
-6.737651457333481142e-01 -2.118199926820953927e-01 1.165707561134429859e+00
-7.562401649928656155e-01 -2.256126561978986644e-01 1.046849201112401984e+00
-8.867855293631060620e-01 -2.776642128763677775e-01 9.734757951312591473e-01
-9.698740635264871957e-01 -2.576948377255990907e-01 9.822479174403692115e-01
-1.371604521378474439e+00 -4.481671566761595282e-01 1.190625437232439632e+00
-1.100235888229262882e+00 -5.797189524684636108e-01 1.170788246972360946e+00
-8.085809101869205762e-01 -5.053880347299760656e-01 9.756439317369021147e-01
-8.308062763099044457e-01 -2.160678375569461129e-01 9.021076004774483126e-01
-7.265896240277717189e-01 -1.855319289790586246e-01 1.112072682215063057e+00
-5.543441511000767319e-01 -1.726757281321439630e-01 1.270707317931252023e+00
-4.827391427342253016e-01 -2.558807036150979042e-01 1.278560588747388982e+00
-6.916256359490617900e-01 -2.634041459971211419e-01 1.252554444804018008e+00
-3.209408951059523618e-01 -5.144114276277885756e-01 1.416706720878432080e+00
-4.780652368240007055e-01 -3.209543407366874934e-01 1.310951243600314564e+00
-5.876912947936777654e-01 -2.936655376033853182e-01 1.227790191624646310e+00
-3.967703281797603787e-01 -6.078666976952054046e-01 1.154755912736103340e+00
-4.522196024396402114e-01 -3.041641653129151246e-01 1.208082689086638961e+00
-7.334838165457528980e-01 -2.757572209863770052e-01 1.130850053452973958e+00
-6.811016723724000466e-01 -1.191343399021813770e-01 1.315882240572049389e+00
-3.869933663011745906e-01 -2.762472449736489422e-01 1.246148603825821599e+00
-3.408770975890835775e-01 -1.034971951077140323e-01 1.405936358885278237e+00
-1.934566728006699710e-01 -3.330635013254331644e-01 1.279945184726995144e+00
-9.498694588257781263e-03 -2.850882403386814090e-01 1.574228063506561748e+00
1.269167955678202932e-02 -5.040900838372034398e-01 1.313349011389478793e+00
-2.004201202213591881e-01 -6.599508885944845860e-01 1.049321394076648817e+00
-2.631840107818466667e-01 -6.840368865739380189e-01 1.058962562259999851e+00
-3.047424882541655555e-01 -7.247828624054507562e-01 1.150550516752076868e+00
-4.056452198183086999e-01 -6.760629483285660601e-01 1.044773635893333052e+00
-9.295457320152302749e-01 -9.371324094850769226e-01 1.290829886229229562e+00
-6.047186890364882883e-01 -8.033981013269800853e-01 9.995434905187708940e-01
-8.288460379206057382e-01 -4.911137047206404205e-01 9.722715198760643052e-01
-1.032690628592092263e+00 -5.522387397244210572e-01 1.201220798780024301e+00
-1.341525301816248295e+00 -8.776445540992863226e-01 1.148847364282032490e+00
-8.146327499138926731e-01 -6.574924646910088599e-01 9.985185699208221077e-01
-9.374388332357317388e-01 -6.136479727466844780e-01 9.558147550148790028e-01
-9.001972415569474695e-01 -3.046530069415070430e-01 1.091872268811017399e+00
-8.592662515018618663e-01 -4.112405918736273813e-01 9.657263865416226833e-01
-8.879812484415744445e-01 -3.700767187764510413e-01 1.207373357969547589e+00
-6.116345482926611732e-01 -7.127278239820866723e-01 9.858745927172041235e-01
-6.272354011104976923e-01 -3.512800507042654341e-01 1.154863537438560961e+00
-3.239190658689058422e-01 -4.754458132150871652e-01 1.187544194933167985e+00
-2.212944451557702363e-01 -6.719304181909817597e-01 1.066553257298866519e+00
-2.329299611762489786e-01 -5.281596876217680148e-01 1.134718283879361467e+00
-4.540498581069983552e-02 -4.695891254637844514e-01 1.203946847719417068e+00
-3.846378112032410868e-01 -4.388021629596741136e-01 1.503482168156755616e+00
-6.909322569845267603e-01 -3.842114080087027927e-01 1.337212393001012467e+00
-6.809195280990059107e-01 -5.552961681248712589e-01 1.708096204889631098e+00
-3.713982641416164743e-01 -6.398963622586315569e-01 1.333385575784227228e+00
-1.006426584549193537e+00 -5.457920225917158863e-01 1.337008136666530289e+00
-4.557270293177982379e-01 -3.599578135771949738e-01 1.233803092734371498e+00
-8.134886776917077400e-01 -7.233436872654255279e-01 1.202005410295065024e+00
-7.828496464561175427e-01 -3.055982736394902699e-01 1.143768595553268153e+00
-7.699526195550794316e-01 -6.692119117916545123e-01 1.144132476721038350e+00
-9.377279907463934583e-01 -2.996615914851605833e-01 1.158186303283120333e+00
-8.647900089477549290e-01 -6.166326167125449897e-01 1.147962188324879174e+00
-1.317254558135900755e+00 -3.977894388154315508e-01 1.191959978254985897e+00
-9.869591763702920684e-01 -6.739963072431408575e-01 1.030207747175237998e+00
-1.062126009822918826e+00 -8.109880080362800170e-01 1.057771907204356321e+00
-1.404357993859081777e+00 -7.463852378418515121e-01 1.204319664174322568e+00
-1.022044243136942754e+00 -5.242021143564826735e-01 1.014167103530899450e+00
-1.102871749250544653e+00 -2.927539553633727865e-01 1.155958712547465739e+00
-1.102985499935520197e+00 -3.585368873163786163e-01 1.139783863182179724e+00
-9.410666569965197015e-01 -8.168542112162985314e-01 1.244844353787928570e+00
-1.075669259532890942e+00 -7.316291556095564363e-01 1.395512154142507510e+00
-9.490801601551803746e-01 -7.768572127596420351e-01 1.268504160638400879e+00
-4.885687510127834643e-01 -8.186055813143199300e-01 1.218912141845154062e+00
-4.273557241551328989e-01 -6.895502249448589582e-01 1.073027900768030563e+00
-3.570821232344938423e-01 -4.021460184216670841e-01 1.317568124390474660e+00
-5.398660490830148317e-01 -6.517522760039481389e-01 1.057089451078951026e+00
-6.109540804547954895e-01 -7.127394312226552620e-01 9.915918017094126347e-01
-8.078937198690973043e-01 -2.816056092364289110e-01 1.188525385728551820e+00
-9.666877615420564895e-01 -3.834004193299592189e-01 1.023543462455723585e+00
-1.232985747407409072e+00 -6.185991132140975512e-01 1.297648452145464537e+00
-1.018106932178211688e+00 -5.201002505520236907e-01 1.166218743402430924e+00
-1.283098347632589675e+00 -2.987402854165402410e-01 1.114631146505096426e+00
-8.634350871622159529e-01 -2.568854231493913343e-01 1.081051106401808237e+00
-9.650393257035071448e-01 -8.920160504001012347e-02 1.028146131331221236e+00
-8.814973480383254678e-01 -1.147137785744061916e-01 1.084480093284462932e+00
-6.266808189408390461e-01 -1.529773393506671242e-01 1.303623658857091305e+00
-7.491919820412882292e-01 -2.325055994113826296e-01 1.110911087339910397e+00
-9.641712244601863269e-01 -3.123170633650981243e-01 1.149726662584792169e+00
-3.259476812515090804e-01 -3.221799528638637500e-01 1.346088629164129857e+00
-3.671232951360359764e-01 -7.757535310003205176e-02 1.444713908220147669e+00
-3.438212121012305111e-01 -8.331137348979067436e-02 1.472603413660457106e+00
-2.750275424329941959e-02 -5.029561941935176694e-01 1.389293228117690848e+00
-1.516074573621671584e-01 -6.524505775278600650e-01 1.226375452052711479e+00
-3.788185245134298995e-01 -5.112412820198117824e-01 1.422279694447931231e+00
-2.104892996717671882e-01 -6.460249494512111390e-01 1.310511432760313122e+00
-4.788783765763098277e-01 -3.602418689713606792e-01 1.234737164547094368e+00
-1.115278463172409973e+00 -4.172670990115014411e-01 1.280155041061187049e+00
-7.447157134090774955e-01 -2.565648806322136655e-01 1.265538873566586675e+00
-8.973832599873093896e-01 -2.981238108088039573e-01 1.304263129787177178e+00
-9.402371616753740780e-01 -1.449528513009512021e-01 5.395891743667243778e-01
-1.005565646818477044e+00 -2.976034081686315669e-01 1.142861412030529156e+00
-9.518428542138610560e-01 -3.807665561884348571e-01 1.046788519039696608e+00
-8.716080861986112982e-01 -3.705211586074736441e-01 9.679938910777428074e-01
-8.434596496537490884e-01 -4.659295009132097820e-01 1.066870741211313645e+00
-1.300841937182981356e+00 -8.748608991601503071e-01 1.256705072841209248e+00
-1.256718915201344267e+00 -9.214292853934527017e-01 1.160185551917922941e+00
-1.110225810034041194e+00 -5.698844093946183742e-01 1.155211504424969116e+00
-1.357223638463132875e+00 -1.000714766123481647e+00 1.267995470272926806e+00
-1.243228784637715911e+00 -4.763950197449783874e-01 1.238510761348609490e+00
-9.355474065970529329e-01 -3.685028299254327622e-01 8.476171884457271988e-01
-7.523499472753918393e-01 -6.209079943763272658e-01 1.115017781503744310e+00
-8.269415290275095032e-01 -7.890262720489348292e-01 1.302265750367625818e+00
-7.620361392265510014e-01 -6.955768400060833301e-01 1.421357072268157884e+00
-4.620635667988447493e-01 -8.138606363873732708e-01 1.044033239596182439e+00
-4.433534559181248058e-01 -4.760420223413064922e-01 1.335217397204286671e+00
-2.271512851702840452e-01 -4.350627006631853644e-01 1.487257488959208285e+00
-1.614777335722938079e-01 -4.718003524015121908e-01 1.506920096637050621e+00
4.088944435426388260e-03 -6.762682237100613447e-01 1.183469609644612452e+00
-1.971261001233673427e-01 -7.173423950954738171e-01 9.846757472220748486e-01
-5.703372157205951476e-01 -1.346891180225299189e+00 6.467705102586811527e-01
-3.395515767607560353e-01 -8.648445829604145541e-01 1.045083111517845387e+00
-3.285264946574613654e-01 -9.279755917353481598e-01 1.015465591947272594e+00
-9.022668795090619254e-01 -1.094957105056874935e+00 1.321064285565662022e+00
-4.871353997917914347e-01 -8.432235699258678885e-01 1.022535715303371395e+00
-3.280342265259602041e-01 -7.581108325219360067e-01 9.256061878406972587e-01
-5.959118092374212639e-01 -5.038535790189728747e-01 1.391446157817396667e+00
-5.537477600497933139e-01 -7.233307164054679772e-01 1.605139200981880787e+00
-6.865464964671817716e-02 -3.967908192209782525e-01 1.526179647109370929e+00
-2.881905213543931379e-03 -6.731929929367224119e-01 1.210180334178091011e+00
-2.208129366435073182e-01 -6.984645987953800317e-01 1.136146318878935357e+00
-2.666907573042214263e-01 -7.011114999404305381e-01 9.613290519590117489e-01
-4.013229250298070983e-01 -7.735927010659902070e-01 9.850353989033611146e-01
-4.210428024888398513e-01 -6.913982353466708863e-01 1.026795284744733694e+00
-3.407270130005308206e-01 -8.862290292850821816e-01 1.033769593604177306e+00
-5.225977556973983029e-01 -8.027152287002637943e-01 1.035404472631038741e+00
-1.184345417680094048e+00 -7.268614492017395623e-01 1.386295919815813127e+00
-9.676673000569374627e-01 -5.014388644930991568e-01 7.216155679814120205e-01
-8.810892501186480263e-01 -6.844318995938002415e-01 1.016596673207146972e+00
-8.936375107663738770e-01 -6.630938987892485148e-01 1.020546897482351056e+00
-1.189983366234861561e+00 -6.228021816488119589e-01 1.249647752839680992e+00
-1.438040932537134609e+00 -9.129305118029241717e-01 1.208731545068382207e+00
-1.245164287869793496e+00 -9.063333095167592779e-01 1.302361790498791416e+00
-9.902033186755941907e-01 -8.476596992842052591e-01 9.955353385491141349e-01
-1.114838256374662828e+00 -8.743134940270355093e-01 1.381634144445805346e+00
-6.359414423170840491e-01 -8.322989294528863047e-01 1.033680693444540610e+00
-6.446073978311568364e-01 -7.938976954885743620e-01 1.015539522361365021e+00
-5.572228172500038879e-01 -8.682166734734321212e-01 9.835368156764945358e-01
-4.479310641355545575e-01 -8.981382463780560599e-01 1.013565751575346230e+00
-5.500044484909644149e-01 -9.051462371845176991e-01 1.133579664882109483e+00
-3.741068295918907327e-01 -8.579547627916509489e-01 9.796527478286974899e-01
-3.112167849565718458e-01 -5.430060787941715095e-01 1.230609352032549175e+00
-2.773299290041029708e-01 -8.344553086225007243e-01 9.156160794896315291e-01
-5.395950927083994347e-02 -6.657497600693061957e-01 1.257455156719952782e+00
3.986704574043765242e-02 -6.905609079457261101e-01 1.074385532387787112e+00
-2.572184857410416692e-01 -7.996758777306640642e-01 9.483181875393086324e-01
-3.386892577594005083e-01 -7.370437642129155087e-01 9.358566845744911156e-01
-3.872091074401659561e-01 -7.465286663242450826e-01 8.005249765217952174e-01
-4.552062681503576402e-01 -6.697761144459066784e-01 1.083918175527021743e+00
-5.372975140843044839e-01 -7.792959293587495839e-01 8.943890533415905786e-01
-5.478287137122908046e-01 -7.941604318816104513e-01 8.422600284225464362e-01
-6.887787130663536317e-01 -7.847477172767287623e-01 8.518497333709993402e-01
-8.096352466256374614e-01 -5.986231825120015282e-01 1.024338700402336766e+00
-9.177197468019603344e-01 -8.181803129309905831e-01 8.526192258986683425e-01
-1.378091386882719371e+00 -9.993690779599845309e-01 1.334808800856182476e+00
-1.176509166490490754e+00 -7.324331031365954869e-01 1.219561266201462324e+00
-1.235125501817917693e+00 -1.020884549599062385e+00 1.048510038682624046e+00
-8.915622267791809552e-01 -8.591327818418821316e-01 9.422403769871084966e-01
-7.323231479676147737e-01 -8.072948978307308288e-01 8.540386286448233832e-01
-1.221896543433877325e+00 -9.701532195296940220e-01 1.320300147906224852e+00
-5.188172831408884855e-01 -7.499946784145306022e-01 8.779782145662039516e-01
-4.441363151753302541e-01 -7.984551079647859151e-01 8.854032120355738167e-01
-4.065016317077976837e-01 -6.919048343217963914e-01 9.638041754455116683e-01
-3.322037681753541860e-01 -6.362144070902068238e-01 1.010902250463591834e+00
-3.886009395757430984e-01 -7.890964538177336340e-01 8.720835351851163875e-01
-1.443599112417171260e-01 -6.984799543827487911e-01 9.833554741703779412e-01
-9.258254676393420923e-02 -8.163418091332682591e-01 8.645097380146278265e-01
7.313268757982074875e-02 -7.065634721012064023e-01 1.082394883175401334e+00
-1.393466872865305184e-01 -8.475163844877816599e-01 8.907058247684139785e-01
-2.305829092769590416e-01 -8.961570359956930742e-01 9.430879530822443568e-01
-2.302575409470439538e-01 -7.787484488574865082e-01 1.029659685990721663e+00
-3.583080408197388822e-01 -8.371046060051698934e-01 8.517817290072344782e-01
-4.824285161245023823e-01 -8.638057952504815118e-01 1.087821367199729439e+00
-4.694713139752588194e-01 -8.121929742300931787e-01 9.770796564616781588e-01
-9.495643920169624108e-01 -1.057037568789559012e+00 1.131918405393458560e+00
-1.300399607649660672e+00 -1.022246875808887623e+00 1.199577987283209302e+00
-5.859574680214766351e-01 -7.854265255877045382e-01 8.504273016756663806e-01
-8.523240882791133233e-01 -6.399752666426258285e-01 9.852814763433839218e-01
-1.364084593203577223e+00 -1.073126360953195801e+00 1.116805697362170724e+00
-1.531870862152304946e+00 -7.282121573497324363e-01 1.368081841584277480e+00
-9.290191979070067108e-01 -6.834895560542245674e-01 9.339341067813302644e-01
-8.291338351198253021e-01 -8.335415330834611281e-01 1.094430817052324034e+00
-9.643298424320673190e-01 -6.446641450837863330e-01 1.081060149670687753e+00
-1.208359953334297021e+00 -9.006934332659150000e-01 1.300853999420605200e+00
-9.305625946631349565e-01 -7.008194327988562788e-01 1.150860288183773728e+00
-5.990934815051156548e-01 -6.988897779052902770e-01 1.016548395797926663e+00
-4.654748298838106146e-01 -8.593066323299046738e-01 9.092612078688390165e-01
-4.535831592444783400e-01 -8.677623114556975992e-01 9.356951223156209085e-01
-2.470807244746406894e-01 -8.643464044898687693e-01 9.179965583708296073e-01
-3.365404411735394841e-01 -8.538964353653420991e-01 9.082228720991092352e-01
-2.594594532161271783e-01 -8.883016925468963931e-01 1.018580927924619850e+00
-1.860293315686181725e-01 -8.802742906002023471e-01 1.022844933903004128e+00
2.253390568281158843e-02 -5.136967248861102897e-01 1.247212029203806249e+00
-5.996017689524015329e-03 -6.264468558346278915e-01 1.010196172369149936e+00
-5.224885767059842673e-02 -6.962124240970736233e-01 1.081957729329522833e+00
-3.884473270032487990e-01 -6.308707888539167863e-01 9.679884535521626754e-01
-5.814632577104035249e-01 -5.325220695399979220e-01 1.010436115521553546e+00
-6.561733981437215535e-01 -7.432857207830887436e-01 1.143990476025794401e+00
-6.514286370978493723e-01 -7.318950104886592367e-01 9.062555366466082951e-01
-8.170373318256535233e-01 -6.158979005772755588e-01 9.063791156742321276e-01
-8.898957711833705986e-01 -6.629778610105413472e-01 8.709818367096281433e-01
-9.487667699221660200e-01 -5.426555804299076913e-01 8.872880681540566972e-01
-9.443726069117557298e-01 -5.712831084812473037e-01 1.012180870491635742e+00
-8.307681482595888900e-01 -6.422761922046490435e-01 1.030508981008293024e+00
-7.028040024554793597e-01 -7.096407448720380984e-01 8.240053926742115786e-01
-7.122779535633154691e-01 -7.210374200181913773e-01 8.648559670105461228e-01
-7.580990717540221357e-01 -5.231428163376056206e-01 8.036493235900952214e-01
-5.802085971740250647e-01 -5.594616202127996596e-01 9.437557276536430173e-01
-4.173056789066109107e-01 -7.422636138927214411e-01 8.771775650933032464e-01
-5.249230414518251120e-01 -7.977930761564282491e-01 1.090092289596350295e+00
-1.660762406235753719e-01 -7.977237405626060873e-01 8.822876709994249556e-01
-1.245922797446773894e-01 -7.517395707288822004e-01 9.820869815277168957e-01
6.112534299652083725e-02 -5.814663416705520005e-01 9.764645832061370490e-01
-3.378681170229458353e-01 -7.006060900521292600e-01 1.134671891653866505e+00
-1.015431149574218261e-01 -5.431148131623872999e-01 1.013370396873444212e+00
-2.028786344470300540e-01 -6.653976112531121423e-01 9.431893604664126629e-01
-3.494573744493136847e-01 -5.026926897570538344e-01 9.816453327753020819e-01
-6.354237133034394969e-01 -6.458057549495694882e-01 9.163096631356995037e-01
-7.122189927852661251e-01 -6.740976747874579678e-01 1.073624020591327666e+00
-7.205520349542107184e-01 -7.285303688456093996e-01 1.005458756712385160e+00
-8.002559222732990030e-01 -6.503255743056447491e-01 1.039688800467700291e+00
-8.486301019080043639e-01 -4.379564025123708348e-01 9.695883049837846768e-01
-9.838879415626408109e-01 -7.507338238819695198e-01 9.912178983901497320e-01
-9.720474855775660394e-01 -6.380237847886393032e-01 8.458649284448713779e-01
-9.153092916005830526e-01 -3.777258859080362963e-01 9.983531842100556997e-01
-1.248045676898352774e+00 -4.070555258594270587e-01 1.128878301089078384e+00
-8.355852775906269514e-01 -6.089483402152302549e-01 8.826296148031758104e-01
-8.561685234839592207e-01 -6.801479511334757033e-01 9.643059390366129913e-01
-6.683160782827435309e-01 -4.514526979533149409e-01 9.459659792978658555e-01
-6.127659202302295771e-01 -5.082472180267714190e-01 9.227245606851982584e-01
-6.698804972292476956e-01 -4.061768736122666756e-01 9.356500053321735733e-01
-4.616144824550151848e-01 -3.998141684708297339e-01 1.086441229208176429e+00
-6.689932985721865899e-01 -5.251498248180841433e-01 1.136001082896745951e+00
-2.967070814364481945e-01 -4.667354291306800018e-01 1.059929350505627532e+00
-1.472100757179791441e-01 -5.278590468727475393e-01 1.062703045695079895e+00
-7.826624846944035818e-02 -5.097468264023946594e-01 1.149943106967972195e+00
-1.265792983571888686e-01 -4.739647590591828386e-01 1.324014250999577591e+00
-3.285605675794250891e-01 -7.411138015350482444e-01 1.000259873887494377e+00
-2.672998223191240252e-01 -4.632548012943952243e-01 1.367973193378339003e+00
-3.946235564126719941e-01 -4.602372750099220089e-01 1.198465566146533767e+00
-6.563600290052270525e-01 -9.092261040673219608e-01 1.247064277321931813e+00
-1.027175539280094974e+00 -7.364309222916171072e-01 1.187365173304629762e+00
-4.406479626016874263e-01 -7.401435316340344572e-01 1.006314857467871304e+00
-3.662212730695302842e-01 -6.480358567908646172e-01 1.186174678196244781e+00
-3.231646244431903847e-01 -6.533938880956546846e-01 1.141094762814943486e+00
-6.073859092076260291e-01 -6.038111727510461213e-01 9.489442695518613968e-01
-9.778496132343710290e-01 -5.018465947559369589e-01 1.152932895465392793e+00
-9.152053983150771899e-01 -3.328942603254961274e-01 1.002416027622123673e+00
-1.026494062262897522e+00 -4.988628397382865454e-01 1.136295139470234972e+00
-8.739405149832256692e-01 -5.560481424789961435e-01 8.809871777556337324e-01
-1.312072642354177310e+00 -5.267704777927459947e-01 1.131640951286177366e+00
-8.300773188954754245e-01 -6.321102579415344147e-01 9.516095434689790800e-01
-8.278182638117502767e-01 -5.422633894656987419e-01 8.805551391121179128e-01
-7.792392021992206042e-01 -6.434741521950811949e-01 9.581280121616261303e-01
-7.573686504231749161e-01 -4.108461222628394527e-01 9.108344320643958492e-01
-9.670315043636792396e-01 -4.668157972145727252e-01 1.134501060770704228e+00
-5.714885088231997923e-01 -8.147743433673509950e-01 1.185218295005213918e+00
-5.158038106364872810e-01 -6.731459728595565739e-01 9.635811580784807706e-01
-3.300674069104774233e-01 -4.119048035327555479e-01 1.072728554426159997e+00
-2.457888167330348761e-01 -4.207413904512108394e-01 1.061038005489681968e+00
-1.388498972698500311e-01 -5.156450126315097471e-01 1.067825901088087726e+00
-1.089507494500325524e-01 -5.095146248455855176e-01 1.081488669266992275e+00
-7.081004206294408410e-02 -5.485018963946969306e-01 1.261243055732840679e+00
-7.756826835193168790e-02 -6.351810184700421580e-01 1.094942768478658124e+00
1.684452426370290357e-01 -3.547316074754613968e-01 1.185575483857528756e+00
2.869856879029401564e-01 -1.189199608527423679e-01 1.659148262124310547e+00
2.245786020434249047e-02 -2.523436563474634187e-01 1.289436635310626578e+00
-2.484933218750671746e-01 -3.545611985984351705e-02 1.363001781366466769e+00
-4.750387088810392733e-01 -8.249071084158932088e-02 1.320991118462850666e+00
-4.072996285824855844e-01 -2.437776991831114293e-01 1.330944354324800294e+00
-4.480248346507790247e-01 -4.913138557075097390e-01 1.127092804904580081e+00
-5.455321332029692272e-01 -3.577136072101968489e-01 1.085411609613983197e+00
-6.484534993224447819e-01 -4.644904642192682065e-01 1.040437215418433370e+00
-8.620429218365047719e-01 -1.200361741629658308e-01 7.138674037159972174e-01
-9.124975984181963318e-01 -1.165105195246537162e-01 9.967191682771103789e-01
-9.474619920379750981e-01 -1.291674826316077662e-01 9.475060295665403975e-01
-9.409123796469848200e-01 -3.434057601642205859e-01 9.237960433001840554e-01
-1.283012329423977249e+00 -4.866028783778268418e-01 1.188536207306879033e+00
-1.015630275073873490e+00 -1.836131563520262966e-02 8.994051570561959474e-01
-9.792097028400855718e-01 -4.079001707451256065e-02 9.451968185705011960e-01
-8.541034159082195876e-01 -6.419018560709852106e-02 9.690926373739588984e-01
-8.292029388810560064e-01 -4.318956446886751399e-02 9.278151980975948288e-01
-6.956390790960210735e-01 -5.780349478618215797e-02 1.108132955369994344e+00
-5.995169857672897340e-01 -7.108069470140898627e-02 1.170604488079524108e+00
-4.342456338800737004e-01 -3.224060134406572797e-01 1.154566583722001605e+00
-2.074128963174466100e-01 -2.244563987290112139e-01 1.436428393963828043e+00
-2.279728157071497507e-01 -9.342678128538019211e-02 1.255838517364312512e+00
-1.009833992454823443e-01 -3.442768640806941893e-01 1.197133316180398532e+00
2.531782031195722177e-02 -2.989996785622043851e-01 1.257639272382271356e+00
-2.479305322841632298e-02 -3.109109998151586285e-01 1.225704726616404727e+00
-2.669734608403099840e-01 -3.993088373429935500e-01 1.098772685031180085e+00
-3.753286618910085526e-01 -4.706219592944068109e-01 1.057759302270183888e+00
-4.117906880348690679e-01 -2.324211708679417565e-01 1.150092447782138372e+00
-3.990219418860297962e-01 -3.284268566771884057e-01 1.087037061066137067e+00
-9.749092496991086376e-01 -3.790110312409891158e-01 1.182276033422037909e+00
-9.397972245933734481e-01 -4.315822347556483862e-01 1.081023759111766847e+00
-7.605115252451235541e-01 -1.717801633712838227e-01 1.138658296947709481e+00
-6.589518767699856783e-01 -1.640117569012025378e-01 1.140373726352692740e+00
-4.719598867811386489e-01 -2.674280017690706668e-01 1.101643073480546464e+00
-3.747426693515213403e-01 -4.274365183381000355e-01 1.132265485974961683e+00
-3.398693827807546808e-01 -4.130796470606707960e-01 1.242412126880265477e+00
-1.692936027274934974e-01 -2.264449860532279368e-01 1.303751551335788017e+00
-2.462848116848043722e-01 -2.891815985207982220e-02 1.333312272442617408e+00
-3.505923632675412849e-01 -3.463784754896786500e-01 1.303835849288051518e+00
-6.362362819292143312e-01 -4.779368206743082881e-02 1.369251655517765176e+00
-5.137154504792977860e-01 -4.539906272057796927e-02 1.260841343746451848e+00
-5.962734372870392985e-01 -2.327878875312186790e-01 1.169755717032200604e+00
-9.577984954020053454e-01 -5.891108476779164521e-02 1.081821125560062935e+00
-7.784176122116595042e-01 -3.019099352746573706e-02 1.165355470678655081e+00
-8.900310403704648765e-01 -2.002321369435376974e-01 1.042290828048028972e+00
-9.713818560377192046e-01 -2.250796305188343394e-02 1.022459319438907333e+00
-9.939449039210205283e-01 -1.354306063745751854e-01 9.655805796032823629e-01
-1.003969645394395371e+00 -1.768956552287224149e-01 9.351870850607720831e-01
-9.141486362885653527e-01 8.187385961493764963e-03 1.165352000958211454e+00
-9.669505009977552579e-01 -7.252556728442798549e-03 1.036737652543490373e+00
-8.990931761277707324e-01 -5.150101577852425616e-02 1.005541539028074194e+00
-8.731193108724616403e-01 -2.621461259697831919e-02 9.676559539139769628e-01
-8.982348256951612209e-01 -1.540136541844935349e-02 1.223815415340935298e+00
-8.111718001082051099e-01 -3.258802902878224494e-01 1.207625558009317368e+00
-6.266448835398692463e-01 -3.763062060307233864e-02 1.195323071437672136e+00
-8.195956691879787703e-01 5.428225269540966000e-03 1.263822928001957946e+00
-5.396459302891369880e-01 -2.280671947507727226e-01 1.272037608145690557e+00
-4.027694226088792684e-01 9.334860662214758409e-02 1.381589305850590588e+00
-2.363132484920027754e-01 5.146192980666781241e-02 1.502561788245738050e+00
-2.217613289891794959e-01 -3.178535677722901798e-01 1.539052649457817390e+00
-3.788190046219667151e-01 -3.257780684209702349e-01 1.460824616927502317e+00
-2.367988597138923623e-01 -7.705405582718134749e-02 1.532219449670277456e+00
-4.706105584333438729e-01 -3.178070404154258455e-01 1.416059275867371126e+00
-6.511148529418745445e-01 -3.114698219656832166e-03 1.371536850758442672e+00
-7.083508689358826160e-01 3.855445342964990141e-02 1.322361909004925229e+00
-9.751192231812999545e-01 -9.906387393338254854e-02 1.181438623648461750e+00
-1.026284061445465134e+00 -1.954479046538685760e-01 1.209837742216865131e+00
-1.140118711637548854e+00 -1.261909851211202305e-01 1.155054813980284756e+00
-1.075570987141739154e+00 -1.283910311863721287e-01 1.136454756636713137e+00
-1.030764227517944054e+00 -2.291422739192010283e-02 1.049536331909622922e+00
-9.760122457389552864e-01 3.360485548273349499e-02 9.104370257731372318e-01
-1.241858835106197878e+00 -2.882106351511732334e-01 1.163726536961740443e+00
-9.169133566307355876e-01 -3.330549009284405199e-02 9.540873888516805401e-01
-7.219392704387258553e-01 -1.700391539834522348e-01 1.240613911743608799e+00
-8.151126486180727548e-01 -1.359132427913640473e-01 1.105093179808718684e+00
-5.461671978815569872e-01 3.239989634467532048e-02 1.377790349221181376e+00
-6.856149453461517496e-01 -8.462251591361949488e-02 1.240342724166827226e+00
-3.747310636175020249e-01 -2.590800557505332224e-01 1.352824880112044381e+00
-8.973123954783159828e-01 -2.366653506338827206e-01 1.451372869876747185e+00
-3.620720990969656383e-01 -3.178763854702337105e-02 1.583080309194095703e+00
-2.679655047474859275e-01 -2.254874443953807095e-01 1.462531919767931621e+00
-5.930702038969908330e-01 -2.725970776637349213e-01 1.611486862097940786e+00
-5.733323380344389486e-01 -9.685656538887654765e-02 1.421873351744473268e+00
-8.191081328169008691e-01 -9.566189985151578312e-02 1.358608505529386390e+00
-7.186201641765269654e-01 -3.560822358957962397e-01 1.377045267656971550e+00
-7.395192019388947546e-01 -4.371335159555974625e-01 1.220249472634509891e+00
-6.364286703778279097e-01 -3.788663717382283885e-02 1.394274909390749606e+00
-8.805307989659842960e-01 -1.379580004049892894e-01 1.089103281601393913e+00
-8.311577499992391926e-01 -3.886498994276986751e-01 1.182497532461153966e+00
-1.203964327777060861e+00 -2.938921456344015803e-01 1.200233902216815807e+00
-1.039222139768450015e+00 -1.127830006710614091e-01 1.076133079952848348e+00
-9.241256212563144778e-01 -2.226302655379189810e-01 1.094365279103728827e+00
-1.052558899059242048e+00 -1.754657804551548184e-01 1.183039011857050848e+00
-9.403938364204569300e-01 -2.288561110714866786e-01 1.082269926825555340e+00
-1.183188140139595168e+00 -4.224215766906682101e-01 1.246415930252681825e+00
-8.610908713772952305e-01 -3.976355266295837354e-01 1.078185689875480024e+00
-1.066373480778919136e+00 -3.487203052844575213e-01 1.277696712328421969e+00
-4.662715075193216707e-01 -5.612913836312601740e-02 1.466606633308693564e+00
-6.221006613592398038e-01 -2.180440743038924295e-02 1.389396060404076261e+00
-6.105461065573126733e-01 -3.712354697927223723e-01 1.292725776764707790e+00
-3.561900756776744670e-01 -4.796248892079768567e-01 1.317357691670244524e+00
-2.360384597315201283e-01 -8.300331956019425805e-02 1.587219398612844889e+00
-2.818199078290829496e-01 -5.037829157147156733e-01 1.375902358584182750e+00
-6.434844810972367712e-02 -1.383201710637635695e-01 1.626334558899316107e+00
-2.423487776252108150e-01 -8.133692396396904889e-02 1.557629948746219517e+00
-6.605615308398413710e-01 -4.178740261786791921e-01 1.626616800535295448e+00
-5.287584937924478812e-01 -5.262976702899871961e-01 1.362489759939472966e+00
-5.839606626204921769e-01 -2.350827485832521491e-01 1.308767949608050429e+00
-6.279268951632704931e-01 -2.735011520659531015e-01 1.279165174969052687e+00
-8.332824235698492732e-01 -1.626733175778250495e-01 1.144692534303860532e+00
-7.754257618252654582e-01 -2.008839357421044192e-01 1.236495944150128867e+00
-9.903097051303451082e-01 -1.793145235902717793e-01 1.159779006717690297e+00
-1.029344106048355245e+00 -2.847928729190284947e-01 1.261595897210350259e+00
-1.026885617159021491e+00 -1.851007760759279530e-01 1.136803465553863024e+00
-1.307260431487659691e+00 -6.475382518909224006e-01 1.284350289275967949e+00
-1.227340853017311550e+00 -4.938986252025314161e-01 1.245038234060475979e+00
-1.139456562962594122e+00 -2.509266500081235307e-01 1.175069264789460055e+00
-8.957214626770890753e-01 -3.420346409750328887e-01 1.143502138416227831e+00
-7.212624074283392472e-01 -2.849243094765460116e-01 1.440701807892017516e+00
-7.543691189459755808e-01 -4.101618239331670801e-01 1.168473861125313151e+00
-8.575323751668569860e-01 -5.929396132492559257e-01 1.484617896570181061e+00
-6.717561936409921497e-01 -1.979768246362394457e-01 1.367915587098350816e+00
-6.796163965950144936e-01 -4.962614582207003355e-01 1.544368629693121608e+00
-5.570929413682400577e-01 -3.761910850573564891e-01 1.557777969086209913e+00
-3.821681996146424898e-01 -4.527945182428051996e-01 1.458832574231118784e+00
-1.003460431013790816e-01 -1.911859570092733218e-01 1.545941221778782904e+00
-2.409862810192149596e-01 -1.028078982112304168e-01 1.515021687804878558e+00
-2.808357163940133211e-02 -1.812996428579120300e-01 1.836838864634689816e+00
-4.680200825621518290e-01 -8.359898898828821423e-02 1.461081041413352155e+00
-4.759334299338360830e-01 -1.203092369483126922e-01 1.425060915803813000e+00
-6.892064288300294717e-01 -3.920300705375042161e-01 1.258466720020032348e+00
-1.134621797896290918e+00 -3.998553129351400948e-01 1.246879756597274236e+00
-1.112548927203052651e+00 -6.644894016215555643e-01 1.303189176265966642e+00
-9.955984638279576915e-01 -2.901143070320200690e-01 1.088035410472836917e+00
-1.070978033951983210e+00 -1.082678956483753840e-01 1.134329006353716141e+00
-1.188835604673447177e+00 -7.421088753306032126e-01 1.283771598699575911e+00
-1.192289010353762668e+00 -4.981850225998116222e-01 1.254438471095495444e+00
-9.682354267703087158e-01 -7.136931057488245245e-02 1.245587110028666844e+00
-8.984082180988326449e-01 -1.717253500804812316e-01 1.000726766385955813e+00
-7.261313283270818264e-01 -5.071398907684945279e-01 1.510949119588449907e+00
-5.232495511752525141e-01 -3.004675455151309960e-01 1.378620657102713754e+00
-5.605551786015616766e-01 -2.229224256260695647e-01 1.332746920965521609e+00
-4.383093866797477256e-01 -2.911513818351931238e-01 1.386556591124958659e+00
-4.055233761564133732e-01 -2.182054250085337932e-01 1.433975708988629583e+00
-1.325745438901934914e-01 -2.303837104450086326e-01 1.522144864894443783e+00
-7.713321455325503062e-02 -2.225405112663601248e-01 1.617622298852053220e+00
-2.286564539099250268e-02 -3.407564564250280537e-01 1.573677970299349971e+00
-2.764351304791974884e-01 -7.108896183635925459e-01 1.192219567017046788e+00
-2.982728518102210069e-01 -7.027034479869981309e-01 1.187943525886380414e+00
-5.144730163001433043e-01 -3.745239276553691266e-01 1.369245953378876779e+00
-5.775110521177576617e-01 -3.223915771225734916e-01 1.382567406121050224e+00
-9.337712597782269475e-01 -2.971851596390540085e-01 1.427344711324977311e+00
-1.015417655873936287e+00 -2.956585612544554986e-01 1.324680938124699559e+00
-9.911025227968585094e-01 -4.275926935851152022e-01 1.339325202809215742e+00
-1.130588485929601372e+00 -6.624535863458557161e-01 1.390007469383806482e+00
-1.112537335574319775e+00 -8.605900754996044233e-01 1.341102979922538463e+00
-1.101078830389074170e+00 -3.013493166928398748e-01 1.227359700341967619e+00
-1.039844493220369204e+00 -5.577446425239221961e-01 1.094757749163726812e+00
-1.146252825119000507e+00 -4.210964635053518479e-01 1.114004621946799833e+00
-1.187488089480148279e+00 -8.322653212312961513e-01 1.274360250473306477e+00
-1.263570430501755659e+00 -4.620890238553043150e-01 1.239364162401396019e+00
-1.005292898867784945e+00 -8.671215921652766223e-01 1.328447986117139434e+00
-1.136655088496731691e+00 -7.509492580954437724e-01 1.349851745298636940e+00
-8.033268187282092132e-01 -5.826076063027399998e-01 1.137151611382967609e+00
-9.297527443829624039e-01 -2.872805395114007565e-01 1.372470416800362525e+00
-6.266121471016290467e-01 -3.457385430607221033e-01 1.305156074352729512e+00
-4.814824476019354815e-01 -4.004215366750937255e-01 1.336955336055433596e+00
-1.995023366712037616e-01 -6.337421629563164682e-01 1.316350390275650817e+00
-2.406655538182680409e-01 -6.600096846275104179e-01 1.095554067909181084e+00
-3.888940097828806342e-01 -2.868397297930926348e-01 1.406643566332925310e+00
-3.715135351492542259e-01 -2.803790018691023067e-01 1.382291328446066725e+00
-9.432243951161335405e-01 -2.518584397948169240e-01 1.467268368954531166e+00
-5.554772423149852978e-01 -1.081698629579728455e-01 1.439792757549500202e+00
-7.150492669317592975e-01 -1.274510912575393951e-01 1.411460936805053024e+00
-7.201650655687364955e-01 -2.019808136136842097e-02 1.283033320227797480e+00
-1.080223400850515381e+00 -2.027960662099573264e-01 1.210601844721471476e+00
-1.058196945163589309e+00 -6.514600675873510882e-01 1.269908633279752674e+00
-2.387225378628424544e+00 -1.246721173648723591e+00 1.824739140796238779e+00
-1.255987030948718663e+00 -6.602119900225172922e-01 1.243959474102092067e+00
-1.004918985260786712e+00 -3.977689378018751665e-01 1.117028672480691931e+00
-8.117662283796659439e-01 -3.617999483563931751e-01 1.115422078107331849e+00
-6.393483992459390031e-01 -5.399883749776526187e-01 1.138572231612163588e+00
-8.268877448792317786e-01 -6.653997753410512139e-01 1.395409291550565367e+00
-6.367454718975099626e-01 -2.812888617663767965e-01 1.483036437379301908e+00
-3.389532771088585861e-01 -3.192058499220878365e-01 1.460280658689040667e+00
-5.504577138031616634e-01 -4.233520971950179290e-01 1.590647957279622826e+00
-3.408816604385142557e-02 -2.801830133140247314e-01 1.576562354896275941e+00
-2.814422821147777865e-01 -2.399244326000989636e-01 1.463089517110793381e+00
-5.216583133307131082e-01 -1.509375198456510692e-01 1.401496739036990569e+00
-5.902766601224639365e-01 -3.795087861929363759e-02 1.277528916289512928e+00
-5.672026056848769038e-01 -5.244498471545789853e-01 1.244780185214552581e+00
-5.091760410538651582e-01 -3.647388264629830568e-01 1.208233767577811424e+00
-1.217530474297380261e+00 -4.814386896706757124e-01 1.224427242405121019e+00
-1.093038565958030839e+00 -7.018480592273110830e-01 1.359890182527132341e+00
-7.483295237368771113e-01 -4.080604924942880518e-01 1.095144461463424257e+00
-1.305166211965201217e+00 -4.655913666521827587e-01 1.255133444621590488e+00
-1.339401778720231251e+00 -5.792551932519388602e-01 1.243798711901563436e+00
-1.075488874506592696e+00 -6.200013073801902141e-01 1.243445769488317643e+00
-1.032492159610451488e+00 -1.584562109586821754e-01 1.030142236091355468e+00
-9.474120296936942021e-01 -1.584270487035230046e-01 1.222698147370953947e+00
-7.031335118150737751e-01 -3.864998398689874493e-01 1.118775900636409748e+00
-7.725701857438387332e-01 -1.044335802980236316e-01 1.264653404916646684e+00
-7.227531020221040770e-01 -1.301266080959534721e-01 1.253252328911012459e+00
-8.239145258259463755e-01 -1.331463712603146166e-01 1.069586543105284004e+00
-8.667321700750636460e-01 -5.068324085604036799e-01 1.387010338541195376e+00
-4.986874469413209998e-01 -6.162232455764964784e-02 1.343634159592951072e+00
-5.258122376005858190e-01 -1.022049317311285732e-01 1.360334439558299247e+00
-2.834623257841609179e-01 -5.239775783252901276e-01 1.180009617027158120e+00
-2.241912504031592368e-01 -2.576761988950928561e-01 1.567252865867029277e+00
-1.689464997320654638e-01 -4.791843112162541551e-01 1.235277154748435358e+00
-4.402536901093130617e-02 -2.515071991234115178e-01 1.624400113140600732e+00
-6.588889364435536466e-02 -3.212253558142098564e-01 1.309580203508706742e+00
-2.329206325462827021e-01 -1.957272306697512704e-02 1.551065901697105787e+00
-2.236162761440720348e-01 -3.136837435098655535e-01 1.302431746906869803e+00
-4.856034645072103140e-01 -1.637627224763675560e-01 1.269073198074470499e+00
-4.100112317946957297e-01 -5.244949063423840485e-01 1.234748714349209298e+00
-4.492505178600884608e-01 -3.446470565371105299e-01 1.233063631060860699e+00
-6.559486482495918702e-01 -1.970969826094994548e-01 1.369907912281728368e+00
-7.144147625779380117e-01 -4.904087677610924345e-01 1.262483191980037667e+00
-7.431513312903386126e-01 -2.041479386530367368e-01 1.155214493404929321e+00
-8.436372141431682792e-01 -1.494543968883373375e-01 1.083919570493733220e+00
-9.652031057762251454e-01 -1.497040464041831387e-01 1.035172273886550531e+00
-1.279881678307744242e+00 -2.409235569505316088e-01 1.165008365050345995e+00
-8.980953308618185860e-01 -3.415662037304439957e-01 9.728745338047390945e-01
-8.470882428213942772e-01 -4.641801113903598619e-01 1.020376958109900256e+00
-8.791895286571925761e-01 -6.082096962304542886e-01 1.111007273581262167e+00
-9.429468192010169725e-01 -5.311842569102601663e-01 1.077519015864077501e+00
-8.652090274544044224e-01 -4.878226360641962356e-01 9.381018568977615990e-01
-9.576832981309810755e-01 -3.258822417617225908e-01 9.859512103903209645e-01
-1.011651184278817395e+00 -7.014892203532908654e-01 9.116009009875006841e-01
-5.902307744367583098e-01 -7.573499494005432320e-01 1.007386972415776238e+00
-6.872554510149179174e-01 -5.491640203991516866e-01 9.286608993719345229e-01
-8.171606052200505177e-01 -7.186462733927506674e-01 1.300875624001275321e+00
-4.617953915009983534e-01 -3.752642050691625819e-01 1.234731206813354465e+00
-4.854044943850821525e-01 -4.204957617176449669e-01 1.189285668806545182e+00
-2.580612941150723372e-01 -6.989675526919196802e-01 9.948215926574721646e-01
-3.327303289466863601e-01 -4.749569998524247882e-01 1.198306269011555125e+00
-1.975807732620554202e-01 -6.666211391693379618e-01 1.025261908253453313e+00
1.129340394648969959e-01 -4.687563808542399291e-01 1.257171034099621387e+00
1.603397800858045452e-01 -6.221078176216809918e-01 1.047433783156219045e+00
-8.558209656579944535e-02 -5.552606765700864866e-01 1.127182378595804169e+00
-3.023828924943489094e-01 -7.400043740806236947e-01 1.138882418578932354e+00
-3.151047707262736863e-01 -8.351231402899930156e-01 1.127359002968017165e+00
-1.961004674330428799e-01 -6.392710407379595949e-01 1.088446781968630539e+00
-3.686717653232458036e-01 -4.159866572322568623e-01 1.251645151113000898e+00
-4.258782741647597070e-01 -8.007842385156099807e-01 9.535537941906848669e-01
-9.225668561958160208e-01 -6.269424385433578495e-01 1.095068108395405249e+00
-6.102923717738274467e-01 -7.761336242745676683e-01 1.005248997583378046e+00
-4.487961281971102889e-01 -7.645907104839666513e-01 9.767530085365581094e-01
-3.962964416429616277e-01 -4.891640369125794807e-01 1.318205035799931535e+00
-5.866763053267016748e-01 -7.214599062556722453e-01 1.079850070355699909e+00
-8.267169040098397703e-01 -7.773212698164764234e-01 1.032290269650836256e+00
-7.425889607220612643e-01 -7.561245819669158985e-01 9.742094257960665082e-01
-9.476037651262085859e-01 -7.714499805532335497e-01 1.210449023302547333e+00
-9.402408626734288788e-01 -6.390393779588142698e-01 9.684317133879392081e-01
-8.702999758234657435e-01 -7.600153962815529018e-01 9.903203349473863604e-01
-8.687238760651939673e-01 -7.089961175655650205e-01 9.325386471221612794e-01
-9.253958193423168499e-01 -7.738605937869637019e-01 1.053738897415249287e+00
-1.237503774626430575e+00 -9.980563332534387877e-01 1.106025619306990393e+00
-8.825178829532847047e-01 -8.275813209982126883e-01 9.219719436395470424e-01
-8.423605621090812789e-01 -8.149265413453319340e-01 9.542926452193883913e-01
-5.011358121590949732e-01 -7.639838713141569038e-01 7.589676881063444069e-01
-8.681137923965355219e-01 -1.024795558921595573e+00 1.138652500536913470e+00
-4.276673277485639191e-01 -8.719203170792337865e-01 9.098976636853643996e-01
-6.112774099883846457e-01 -7.616857166113349953e-01 1.136572675473584315e+00
-3.775763578946504384e-01 -7.605688591189161407e-01 9.985492360094934128e-01
-4.339380300726576323e-01 -1.141390815540140435e+00 6.238041742956367264e-01
-1.203380544050431378e-01 -8.898790696043391568e-01 8.969483411755987401e-01
-1.689764744357970805e-01 -8.383520903910360866e-01 9.381736352612896068e-01
-6.329003048660067354e-02 -6.325573828121264786e-01 1.099524998320126956e+00
-3.639190960441652245e-01 -7.937624855853052663e-01 9.553551512104740961e-01
-1.490917231252385233e-01 -4.635108165891346221e-01 1.455642010616011728e+00
-3.246602510616399262e-01 -8.168182461130183425e-01 9.416849447133937012e-01
-1.875686415688083142e-01 -5.216936676093664182e-01 1.399385912524378162e+00
-6.179759337621675286e-01 -8.947546098405129156e-01 6.701317941295730218e-01
-1.043280592249819838e+00 -5.509310219452930868e-01 1.315217383161354503e+00
-1.194604695860699728e+00 -5.775758181128770596e-01 1.323447417852570140e+00
-6.852062208662951237e-01 -6.483033415337675631e-01 1.061141746291464960e+00
-8.155357304617838476e-01 -4.673398458230702546e-01 1.218804644942336424e+00
-1.158012642277881810e+00 -4.477416578234428290e-01 1.208093517391399141e+00
-1.264457579642721097e+00 -7.937773312580747032e-01 1.266174758945730172e+00
-9.880868339708596126e-01 -4.248965810018611178e-01 1.143740692010187354e+00
-9.429900870026514115e-01 -9.182046898631751608e-01 1.272267438748275303e+00
-7.601320740354998717e-01 -8.098174359593951488e-01 1.111780173226939672e+00
-6.247283964335176298e-01 -8.359271843174017613e-01 1.109884780631070766e+00
-7.575263569610568570e-01 -9.039791981476477112e-01 1.229449860538151640e+00
-5.272423486390728220e-01 -3.311679013745051359e-01 1.310989171159379074e+00
-3.611497513785176805e-01 -7.532346398354804462e-01 9.304366230752268985e-01
-2.782075284789822245e-01 -6.539949925939717579e-01 1.040302470260504375e+00
-1.069629593847997856e-01 -7.397672712085473501e-01 1.086992680315177262e+00
-1.727317483661450215e-01 -7.565589868194253498e-01 1.080555379564946739e+00
-1.112125012752777087e-01 -2.805370775586193410e-01 1.516625330735261956e+00
-2.356334574680159222e-01 -5.893689223049135562e-01 1.167501211818567253e+00
-1.997706807540902962e-01 -4.485646937404629275e-01 1.248914624247932093e+00
-4.415744620390820718e-01 -7.019198198989966553e-01 1.062537948565361212e+00
-6.970635582438243771e-01 -8.026486735408330242e-01 1.446171964215225980e+00
-9.532511559696426051e-01 -7.978058517271605643e-01 1.325031929303945200e+00
-1.085141543257265972e+00 -8.615183370914385463e-01 1.345436887248362190e+00
-5.786562884278562136e-01 -7.256000681061446356e-01 1.068899346889572666e+00
-1.088176460075637397e+00 -7.944623816555431706e-01 1.208650093459458619e+00
-9.367214138073292062e-01 -7.545897094799491889e-01 1.120452333029815728e+00
-9.802950065369374633e-01 -6.627241431876408351e-01 1.245485287219514126e+00
-8.757392605697972288e-01 -3.850015245296029565e-01 1.093778741103250463e+00
-9.732043290176964900e-01 -4.635279344027388726e-01 9.546160161355432550e-01
-8.687517968583744477e-01 -6.163962838639437392e-01 9.664139448138934219e-01
-9.139729020563382988e-01 -2.472561182060403762e-01 9.347330948280870855e-01
-6.239737624428470797e-01 -4.725660860311922673e-01 1.083329067843254112e+00
-6.680895857294085749e-01 -5.736978357842532628e-01 1.027808073221011309e+00
-4.306868726373071499e-01 -5.880844634929432990e-01 1.107616006695273825e+00
-3.902531541770571377e-01 -6.457160046220340455e-01 1.038437067393404911e+00
-4.455237349326660046e-01 -7.273188172681558372e-01 1.038271242775351766e+00
-2.600478899128089161e-01 -5.885910769586778502e-01 1.136091824977838005e+00
-4.250117603113916509e-01 -2.950415279400252500e-01 1.282833672668789671e+00
1.031836410171541457e-01 -5.224911814247593655e-01 1.383513367606356459e+00
1.184684489093125875e-01 -4.124464213380855115e-01 1.431769542738186018e+00
-2.941878031831325901e-01 -1.869402090590575882e-01 1.310148936276410270e+00
-6.990666504696636807e-02 -4.342743269838199027e-01 1.196379397658353216e+00
-1.732761222493873210e-01 -7.049523086828635154e-01 1.072569482192352153e+00
-2.395056910580334875e-01 -4.122336280861702562e-01 1.132500034250238707e+00
-8.382899942873368870e-02 -5.014079253394480018e-01 1.109963397696236198e+00
-8.059347887659733256e-02 -5.620200209306294159e-01 1.095569590947302441e+00
-1.426566726538948948e-01 -5.744571859332829877e-01 1.083843037869267167e+00
-1.434674872745828611e-01 -4.594135318943962654e-01 1.147779236164280459e+00
-2.672217026173182575e-01 -2.439689314328369052e-01 1.333557206575795240e+00
-3.026277207709267003e-01 -3.359828600435902368e-01 1.208491499589619877e+00
-6.481121029044204507e-01 -3.480027615705086341e-01 1.384392695913492233e+00
-5.213066338498323349e-01 -2.646339181774873817e-01 1.217574398578890271e+00
-5.519441253353366550e-01 -2.354671229635654506e-01 1.218325666668224061e+00
-7.814789031970176270e-01 -1.134654774534224614e-01 1.164992642791403021e+00
-9.517850291555821629e-01 -1.204833481583307414e-01 1.048240281849357913e+00
