nan nan
nan nan
nan nan
nan nan
nan nan
nan nan
nan nan
nan nan
nan nan
nan nan
nan nan
nan nan
nan nan
nan nan
nan nan
nan nan
nan nan
nan nan
nan nan
nan nan
nan nan
nan nan
nan nan
nan nan
6.173617858581209248e+02 4.706534146481790231e+02
6.161852102814292493e+02 4.671016096730963341e+02
6.102181737391690604e+02 4.506619640079982219e+02
5.949465308879825898e+02 4.259809092501313330e+02
5.919392930298556621e+02 4.000485312460663749e+02
5.536020535015424002e+02 4.057609236152677568e+02
5.395303543806594462e+02 4.336969775970244996e+02
5.126724791292703003e+02 4.382796250391771196e+02
4.624856034482758673e+02 4.322134482758620493e+02
4.345055930920407263e+02 4.473771902772715521e+02
4.188590245639017553e+02 4.476615521537913764e+02
4.091568192511930988e+02 4.476980405995832371e+02
3.787386504463946721e+02 4.473009054351400096e+02
3.512662353780756348e+02 4.526517267057619165e+02
3.238826539937854250e+02 4.422781941144214670e+02
2.968159203980099505e+02 4.437240719479525524e+02
2.691780906142005847e+02 4.670664871626348713e+02
2.220864818005245240e+02 4.402333176047142160e+02
1.936479247243549082e+02 4.425596374761877314e+02
1.803110601507723061e+02 4.443966471611576594e+02
1.495387398796870002e+02 4.582991541906010866e+02
nan nan
9.884150956998161064e+01 4.623716973651011131e+02
1.163968003075805768e+02 4.188748531516329763e+02
1.454797126788221249e+02 4.143064070211098624e+02
1.798857860110803415e+02 4.139970394736841968e+02
2.765520469848135008e+02 4.388177536409954200e+02
2.960147291583000424e+02 4.389744159126880731e+02
3.102613166485310217e+02 4.410044795067101973e+02
3.295167444809499102e+02 4.239963686667819616e+02
3.467616592580564543e+02 4.225397324781293946e+02
3.722997794441993733e+02 4.254371415968240058e+02
4.024812428395072743e+02 4.253667326838192935e+02
4.335967455224080709e+02 4.187598453317580152e+02
4.417380576391630598e+02 4.105938116857481077e+02
4.839416040797403866e+02 4.084489105238757816e+02
4.905107815964523184e+02 4.274388026607538791e+02
5.156179769473303622e+02 4.040278079288778486e+02
5.334163019224167783e+02 3.942782354960521616e+02
5.680834701525272976e+02 3.972940129591798382e+02
5.856761197190554640e+02 4.205863127801503651e+02
6.104632440279793855e+02 4.067262768905899293e+02
5.900677475033904784e+02 3.779254715818024692e+02
5.657010001721137087e+02 3.723180088351724066e+02
5.432619021973287090e+02 4.091497738043946697e+02
5.202651443185969811e+02 4.070507855316039354e+02
4.978518278874150838e+02 3.791425478436154322e+02
4.808344120348099864e+02 4.170140814273844398e+02
4.450130718954248437e+02 4.059680997781375709e+02
4.255682675971219737e+02 4.127894160708788149e+02
3.788995595660113622e+02 4.187893684358396058e+02
3.557039294984004414e+02 3.906830446067483535e+02
3.470734032411820635e+02 4.019073347165367522e+02
3.070861175115207402e+02 4.195223868873062543e+02
2.965741374216211170e+02 4.184937132727093854e+02
2.885428805237315828e+02 4.093392798690671270e+02
2.589644565960355180e+02 4.274669856459329935e+02
2.244925809822361487e+02 4.293761755485893445e+02
2.225219827176906335e+02 4.206962301775709534e+02
1.786112982929020632e+02 4.134737707261292030e+02
1.454893036228228880e+02 4.187115093611844827e+02
1.401280982611095851e+02 4.085644217499310002e+02
1.230133998731699307e+02 4.342202156111279692e+02
8.352025166191832284e+01 4.093054605887939488e+02
9.785672242735012105e+01 4.019442453349703328e+02
1.259845051053087701e+02 4.172063599713650319e+02
1.588881870109921692e+02 4.186659146546344914e+02
1.975861723016066378e+02 4.037836890105532461e+02
2.276207461589263801e+02 3.987615606036061990e+02
2.456898207309503732e+02 4.094284931906969973e+02
2.775814989485210731e+02 4.184986872067991612e+02
2.881387743298295163e+02 4.183294900165971058e+02
3.204972846878790733e+02 4.171723803303163436e+02
3.524917002832374919e+02 4.162272766286155843e+02
3.797107405859549658e+02 4.177105820639563944e+02
3.943493620037806977e+02 3.973334120982986519e+02
4.105412877303018604e+02 4.071815366522932322e+02
5.031203265015242891e+02 3.941501656262784650e+02
5.305264279134039498e+02 4.045166254030400523e+02
5.423931829731626522e+02 4.020366865910025922e+02
5.786366454063351057e+02 3.938820589078400189e+02
6.086124535052102829e+02 3.819876203185780241e+02
5.736463511745635060e+02 3.789558045617428093e+02
5.555605079681274674e+02 3.616248754980079525e+02
5.022426976711009843e+02 3.758153643139912106e+02
4.964908278365403476e+02 3.840419382537762090e+02
4.882628658501523660e+02 3.958136248634351091e+02
4.589350025724575630e+02 3.801174755616532366e+02
4.393178228154006888e+02 3.708288460482232267e+02
4.126187739179814002e+02 3.841405328000395230e+02
3.803368541250356998e+02 3.998636406889332875e+02
3.542000592391994473e+02 3.914984555494435767e+02
3.250947920672416558e+02 4.017266384661868983e+02
2.722567542521492214e+02 3.930332378114559901e+02
2.309084497633226363e+02 4.000148877691250391e+02
2.297892257847029782e+02 3.935619709341523844e+02
2.197425536707500839e+02 3.912473792733006235e+02
2.053427808148895224e+02 4.142147621322293389e+02
1.201354720262827271e+02 4.160425161851386520e+02
1.207823398104438866e+02 4.163857479172003195e+02
1.094871231539118810e+02 4.097574911509825597e+02
9.447504479140005174e+01 3.983941643204504999e+02
6.386406717359184171e+01 3.999540523982846025e+02
1.159487008766506619e+02 4.207209460851920539e+02
1.256539294570642369e+02 4.182039174243771527e+02
1.336449940043293338e+02 4.144147758242100394e+02
1.685616212638943239e+02 4.236123364082062608e+02
1.770092488438945111e+02 4.246572147231595977e+02
2.176313266224979088e+02 4.023432436375343855e+02
2.348220538319537809e+02 3.778608050973620038e+02
2.692710433840191513e+02 3.790160596407106937e+02
3.012850168091843557e+02 3.740208684977750409e+02
3.207419300341503003e+02 3.865497109896342636e+02
3.381180408856698705e+02 3.998835797874123728e+02
3.573479395604395563e+02 3.725328983516483277e+02
3.853087696441658068e+02 3.767886165621691816e+02
4.146968813387424007e+02 3.777497464503042579e+02
4.343423734822299025e+02 3.743457413808384331e+02
4.725169269855934431e+02 3.658057857204723291e+02
5.025222258568676352e+02 3.645657325627885257e+02
5.309097754944049257e+02 3.557287634597790316e+02
5.621352315247895604e+02 3.647551449953227234e+02
5.969237707452839459e+02 3.622589767377933754e+02
5.985935871313672578e+02 3.503577479892761630e+02
6.009294364131573047e+02 3.407586842656610315e+02
5.591752486834406000e+02 3.383069046225863303e+02
5.554429920116194808e+02 3.576591140159767406e+02
4.712919435811618314e+02 3.333082237628496500e+02
4.469496620834304395e+02 3.506098811465859058e+02
4.170672190298008672e+02 3.519989309100628248e+02
3.712115977489601164e+02 3.492236359187668313e+02
3.535309221332082075e+02 3.694237589246807261e+02
3.344103184411896450e+02 3.638940720678078833e+02
3.095980349105280425e+02 3.573042686720093570e+02
2.772442387327997722e+02 3.792950270189968478e+02
2.686277457073827577e+02 3.823747994319543864e+02
2.305284888521882749e+02 3.664766308835672817e+02
2.017417497601068135e+02 3.621008803037256598e+02
1.632096583921086221e+02 4.107538967395396980e+02
1.886563375948588259e+02 3.347974635947221032e+02
1.989832248849388918e+02 3.369639581018885792e+02
2.204926505328363646e+02 3.408365793479972581e+02
2.486944632970173359e+02 3.268882836220753916e+02
2.752962875443069493e+02 3.576994838629438505e+02
3.000680947108423311e+02 3.566481560344093396e+02
3.301825853350189846e+02 3.509678571428571558e+02
3.502979398004621885e+02 3.648135956259511659e+02
3.718534257120862208e+02 3.306075442648190688e+02
4.205557596826922122e+02 3.236685980234212252e+02
4.306192119419507662e+02 3.307464497604345297e+02
4.560808839467637767e+02 3.485236810161703147e+02
4.828172516860821588e+02 3.509254675045984300e+02
5.054581772020250128e+02 3.540958506033678646e+02
5.388446768353747984e+02 3.481916647407749679e+02
5.710705600071092931e+02 3.471055141668024362e+02
5.946394248052725970e+02 3.370091414876316094e+02
5.519063430874364258e+02 3.348891492903451876e+02
5.435354624637079723e+02 3.336625743121803112e+02
4.939051284080566688e+02 3.243053104348858255e+02
4.838958622073090510e+02 3.219122383105988661e+02
4.650945008725222465e+02 3.188420063537518558e+02
4.407612437946108912e+02 3.183608387463261806e+02
4.209865956206810438e+02 3.485385896261760195e+02
3.991056471840084896e+02 3.316272769881685463e+02
3.831375058906046434e+02 3.404552040067070493e+02
3.358122151604402461e+02 3.285207564718648428e+02
3.088440480051897339e+02 3.322306843983133149e+02
2.794118402135962356e+02 3.321344988704046273e+02
2.540508202943781271e+02 3.390186833115431568e+02
2.238024853722690466e+02 3.391714799506146392e+02
2.386387329116023466e+02 3.365749520221764328e+02
2.048453100068383890e+02 3.386634659220424055e+02
1.650593845988036890e+02 3.476111440426793138e+02
1.387467244921250824e+02 3.479653960283040419e+02
1.059542228041762826e+02 3.516566279590641102e+02
9.103748223590714872e+01 3.858295239223116937e+02
6.110469833791388794e+01 3.563223072896217900e+02
1.297381867791144714e+02 3.634170904129976520e+02
1.266110678215002849e+02 3.241940240357239418e+02
1.627799859071191122e+02 3.218516338933785619e+02
1.944191315563198543e+02 3.392992261392949445e+02
2.197621538327979920e+02 3.356356454553346680e+02
2.525061799518173302e+02 3.161156907929192244e+02
2.773361253939293647e+02 3.144781887543539369e+02
3.131708596549558479e+02 3.351256788207913360e+02
3.286371206675899543e+02 3.322376711488227556e+02
3.539289893166016441e+02 3.061890791928099134e+02
3.897677156337318252e+02 3.088298487733694628e+02
4.151312885492088753e+02 3.205456221507106420e+02
4.608181260974720885e+02 3.221383560282278040e+02
4.628640171680904700e+02 3.214510337996781004e+02
4.966761540640045496e+02 3.117557349192863398e+02
5.240717494233336993e+02 3.033558334345028697e+02
5.557316416015751201e+02 2.952975427142838498e+02
5.823204003753519373e+02 3.139817453862996786e+02
5.724941570881226198e+02 2.877205938697318288e+02
5.444986347801525426e+02 2.935948592411260734e+02
5.262637700340851552e+02 2.901016117920081001e+02
4.957614274258219780e+02 3.006002405773857049e+02
4.771650377409557109e+02 2.882898535470483807e+02
4.561953103191588070e+02 3.154365869544989209e+02
4.277401522183033080e+02 2.925035084462595023e+02
4.011101743409758456e+02 2.978418723534124410e+02
3.701952966714906097e+02 3.001706222865412315e+02
3.520920810313075435e+02 3.240020718232044032e+02
2.899494933667606915e+02 3.316780267418782273e+02
2.859100993616889355e+02 3.318881612923216835e+02
2.778721137194535231e+02 3.334052818934000584e+02
2.371338582677165334e+02 3.122260875177487947e+02
2.192197484276729540e+02 3.160584905660377331e+02
1.891199394627317361e+02 3.074452732284741501e+02
1.601271195292642915e+02 3.116663068834650403e+02
1.173079077818868541e+02 3.394088598630891624e+02
1.004060776589758035e+02 3.523921215531794928e+02
8.906584565337361425e+01 2.821454587702227741e+02
9.398753894080996929e+01 2.837983606363195008e+02
1.009318525019682795e+02 2.871595012842189476e+02
1.444690369347600836e+02 3.124332067656196159e+02
1.589655403572055548e+02 2.731317734186711164e+02
1.914570877531340329e+02 3.081180921296639781e+02
2.276263963591228787e+02 3.031884567645842026e+02
2.560154528352593388e+02 2.977691480784735063e+02
3.051318208869461728e+02 2.831777175809066307e+02
3.089936181546984812e+02 2.825159066695077854e+02
3.372407931158984411e+02 2.779789685882777803e+02
3.710282292847115286e+02 3.011113272330564996e+02
3.966832574727591805e+02 2.928047132076215462e+02
4.497196819085486936e+02 2.932262973880852996e+02
4.789700331220375915e+02 2.689039746445091623e+02
5.076665814079063352e+02 2.807818228322960294e+02
5.240306244925336614e+02 2.731696614537366941e+02
5.733250338051022936e+02 2.877782204994140329e+02
5.733690629309944597e+02 2.831317661279074969e+02
5.750691082403110386e+02 2.688104853881851000e+02
5.561863742149392920e+02 2.763989543150444774e+02
5.283526219652769669e+02 2.860932806043732057e+02
5.026912315208425639e+02 2.685402893217435576e+02
4.926642043094261680e+02 2.824864449943107161e+02
4.550955848884843249e+02 2.840326064468076197e+02
4.197395972160521183e+02 2.766303864948911837e+02
3.798094814814814981e+02 2.778199999999999932e+02
3.582537200917731752e+02 2.936020976728941605e+02
3.452902697295805865e+02 2.915902317880794499e+02
3.335485432826819192e+02 2.870268056090736764e+02
3.016990271250721207e+02 2.921695110891252511e+02
2.834435618653967026e+02 2.932766645700422146e+02
2.675931692985677728e+02 2.623521116415718097e+02
2.327771130319972031e+02 2.867725606695136094e+02
1.749830902600713785e+02 2.707976338602753685e+02
1.616054588072879881e+02 2.705788262701505573e+02
1.397777375335278123e+02 2.674809405407522149e+02
1.208633516730682658e+02 2.800519971856004418e+02
8.521279072357867790e+01 2.984772545000890887e+02
6.012496165879393573e+01 3.123754616281210019e+02
6.822907596865476876e+01 2.920450315629081501e+02
8.279739042416007067e+01 2.593245330634090919e+02
1.176186146903002196e+02 2.484951054134780861e+02
1.325961411860029386e+02 2.483321010786448539e+02
1.544868097670634199e+02 2.774523264299554626e+02
1.833717079900985993e+02 2.818741359953468759e+02
2.104107212162578264e+02 2.724795305202018199e+02
2.342507729302645032e+02 2.789420302301614356e+02
2.752983463455052515e+02 2.690773203094913129e+02
2.933767303326676483e+02 2.762510198508201711e+02
3.254248252758043236e+02 2.744781955755790364e+02
3.490439446692387264e+02 2.686753552272513161e+02
3.796659610449508477e+02 2.753372556439882146e+02
4.082469028998546605e+02 2.446502872171084562e+02
4.230619370460048572e+02 2.677255690072639140e+02
4.559974512866891132e+02 2.603393525819736283e+02
4.625781984067542680e+02 2.567985973990603839e+02
4.863529719479500386e+02 2.594104492251356646e+02
5.178020311829494631e+02 2.548445143756258062e+02
5.530594710379912158e+02 2.429947936810162616e+02
5.690186621933319202e+02 2.674823233382260241e+02
5.967366134825829249e+02 2.234693008102915428e+02
5.464358849091049706e+02 2.325219373805421981e+02
4.808872350241604749e+02 2.561449263045431621e+02
4.599490546477760518e+02 2.588441526385940392e+02
4.328448680916618514e+02 2.599355671095705702e+02
4.074175568573397754e+02 2.564099758787043584e+02
3.860981132075471578e+02 2.541711175616835874e+02
3.724053585550753951e+02 2.467034661255921435e+02
3.430796597061097941e+02 2.498092291827790632e+02
3.318779317225962018e+02 2.494017454563825424e+02
2.856890105350134377e+02 2.467014821317909536e+02
2.632806441036645992e+02 2.644983085199922357e+02
2.521055619390702134e+02 2.639216546069997662e+02
2.247481358447892035e+02 2.641033501784641544e+02
2.017184503191610361e+02 2.674101832409052690e+02
1.887606922617863461e+02 2.610549035209866702e+02
1.552927081432828516e+02 2.532427172657057781e+02
1.335148872385364882e+02 2.761220276623288328e+02
8.988309438365124038e+01 2.561420439478848152e+02
1.170572850885939431e+02 2.490889041530950578e+02
1.488036938031591774e+02 2.534738517618469018e+02
1.659332355302128690e+02 2.447785866526420762e+02
1.846277454117775676e+02 2.403759379302170771e+02
2.186872257435397273e+02 2.598551600845116241e+02
2.336881411058293736e+02 2.562142857142857224e+02
2.432744576340564890e+02 2.309603629417383104e+02
2.859810617115802529e+02 2.604064111294873101e+02
3.034936864798275451e+02 2.419867570064675135e+02
3.239736360307579730e+02 2.418679970706700715e+02
3.678624745794047044e+02 2.509483499722684314e+02
3.739906331959535351e+02 2.521348070438366449e+02
3.920016900048285606e+02 2.326342346692419198e+02
4.147612754117488407e+02 2.221217520082574026e+02
4.449487791932059508e+02 2.300074309978768667e+02
4.681124194623416770e+02 2.330719840035547747e+02
4.996647216448373570e+02 2.173515313916506102e+02
5.199991029706275185e+02 2.365245222797062752e+02
5.481410085803622678e+02 2.290623892757716931e+02
5.699343889287160891e+02 2.382847380232522028e+02
5.679298245614035068e+02 2.082665681482323521e+02
5.495898590867531084e+02 2.109286559457860619e+02
5.195579946458992708e+02 2.119795570698466918e+02
5.011013622649559807e+02 2.365175083046353564e+02
4.735561539324581872e+02 2.179891170200830288e+02
4.584625740635787565e+02 2.282095677263125424e+02
4.070188544332380047e+02 2.427162238446485105e+02
4.067757237592697948e+02 2.429923167427267572e+02
3.742269568095317140e+02 2.264222240608968946e+02
3.562584126082635407e+02 2.357755217946897517e+02
3.321099921321794000e+02 2.345110936270652928e+02
3.078961852861035595e+02 2.265202997275204382e+02
2.780571626759839887e+02 2.182523635803103446e+02
2.110249683019603992e+02 2.335092168145908431e+02
1.550645341268365200e+02 2.514552104643233577e+02
1.266215798730595736e+02 2.582142387397720995e+02
1.201119130689535837e+02 2.526415425999414026e+02
1.061046781902704055e+02 2.452479375368297099e+02
1.168801919709102606e+02 1.988674117348234631e+02
1.504047300908605109e+02 2.253629075360769605e+02
1.719080054669012156e+02 2.127386454233684674e+02
1.999779408385545025e+02 2.335910323381179126e+02
2.317530008662294279e+02 2.271395454357958954e+02
2.638034675969975638e+02 2.188772597526165669e+02
3.003073518422716575e+02 2.240972006667816174e+02
3.067075923606762444e+02 2.269563087038196727e+02
3.095060301965509666e+02 2.250079592518708296e+02
3.376453098827470853e+02 2.144907872696817321e+02
3.640981467370598352e+02 2.074746366951504797e+02
3.950869166815662652e+02 2.131098918290720405e+02
4.096951433409943206e+02 2.249450526188460060e+02
4.264303186353395745e+02 2.175391052462182131e+02
4.819460981953768623e+02 2.103795204411827342e+02
4.819861563398998214e+02 2.102790636545510381e+02
4.851693163500742685e+02 2.155097822307911031e+02
5.291543467471917666e+02 2.157634016258798795e+02
5.578503194433141061e+02 2.103795576625701926e+02
5.773839309615163984e+02 2.168890361891164957e+02
5.657836090467753820e+02 2.118450636173296857e+02
5.261011633517396149e+02 2.047664718811987257e+02
5.131751385062517556e+02 2.106740032091065871e+02
4.720374348527738562e+02 2.132005608613984577e+02
4.720961296370697937e+02 2.132088388911209336e+02
4.495282437893136489e+02 2.175595938913062071e+02
4.126223421232616602e+02 1.902792917394938854e+02
4.031651981778007894e+02 2.155952699200742018e+02
3.765771250808015793e+02 2.180730850032320518e+02
3.509798178547335397e+02 2.193453451765234945e+02
3.190441825170560151e+02 2.141139242301746037e+02
2.746624381466486966e+02 1.984253711201079682e+02
2.652296555827328461e+02 2.050807165994579293e+02
2.434007579346281318e+02 2.196780181413056710e+02
2.291028494030300067e+02 1.944405939600682132e+02
2.058403349213223521e+02 2.018024397285982445e+02
1.853274199104374702e+02 2.201496727523251877e+02
1.618333987441130262e+02 2.126847527472527588e+02
1.332076392394413631e+02 2.089199057714958769e+02
1.115167794798717438e+02 2.151730673316708362e+02
5.444355137875602679e+01 2.202905073987057278e+02
4.269991165808632871e+01 2.047619337740274830e+02
3.133671329675695816e+01 1.897638813087065159e+02
6.971125827814569220e+01 1.869653421633554160e+02
8.769258677830106308e+01 1.999461364032792687e+02
1.634916348538958175e+02 2.003512921555864352e+02
1.988789894912659122e+02 1.782490778759830050e+02
2.108841238873308157e+02 1.976280209730520596e+02
2.667747096377201501e+02 1.920203830474578979e+02
2.789683953298941219e+02 1.948856367092044479e+02
2.936987833290189087e+02 1.978117007507118785e+02
3.164032066589343231e+02 2.053475472470491923e+02
nan nan
3.629816138917262265e+02 2.019794377581382889e+02
3.634527559849141767e+02 1.856374967226670378e+02
3.660025019752436037e+02 1.727836449828812135e+02
3.669041186264961993e+02 1.927155917187647276e+02
3.509181645741125521e+02 1.777307379640502347e+02
3.677864318513696844e+02 1.787161280106968775e+02
4.069193237263133938e+02 1.883545898105072069e+02
4.273753640594505327e+02 1.732188260021017925e+02
4.549280390362378625e+02 1.871677079850050234e+02
4.773853964693000194e+02 1.801687525038057913e+02
5.074210788519553716e+02 1.856787615436421106e+02
5.293191932983984316e+02 1.986095283784781031e+02
5.697735027491113442e+02 1.920833466586304894e+02
5.726547422236423017e+02 1.853226406968505557e+02
5.622936373522543363e+02 1.827826110209830119e+02
5.341383883603805316e+02 1.779989367655288106e+02
5.098538791781662098e+02 1.751122355105795805e+02
4.897118299903896741e+02 1.502514647983383327e+02
4.706238115179997976e+02 1.515361158934748005e+02
4.421609136184097792e+02 1.812556242486690792e+02
4.187899874055415808e+02 1.664926007556674961e+02
4.160788988667110857e+02 1.848680705331817080e+02
3.824872417982988964e+02 1.779147934386391228e+02
3.592558517869214256e+02 1.683560322990409759e+02
3.444719854369781729e+02 1.692974217150058678e+02
3.064562314540059447e+02 1.838962908011869501e+02
2.854571064224437578e+02 1.848506839786691387e+02
2.383012984130507164e+02 1.789516146931528056e+02
2.113528658189409839e+02 1.741021541089390894e+02
1.923151303258799203e+02 1.679473217314165083e+02
1.908062702496664826e+02 1.933373737373737242e+02
1.541262457640894752e+02 1.613387227870102834e+02
1.239079404381168530e+02 1.783428934970253579e+02
1.091506732915676565e+02 1.684449197090804375e+02
8.069645500241804825e+01 1.931830678370971839e+02
9.282893990198607526e+01 1.627151405726076803e+02
1.422288067002146477e+02 1.626180807263257861e+02
1.421885086577384527e+02 1.625892433618060977e+02
1.604555508534348860e+02 1.772612780363944012e+02
1.755331543010599091e+02 1.771130188840956521e+02
2.077676310543612885e+02 1.819979526965142043e+02
2.280956823114048007e+02 1.818766235869530021e+02
2.899023483724728862e+02 1.758210136835614037e+02
3.171500178062677833e+02 1.493035968660968535e+02
3.612408852192986615e+02 1.718052571041345402e+02
3.681341726835397026e+02 1.678485555201762338e+02
3.918231908141711415e+02 1.523155476359704892e+02
4.090782922723008141e+02 1.531837657914690851e+02
4.154351030552341513e+02 1.664955649826455897e+02
4.446418690739056956e+02 1.416507500974152549e+02
4.596725164406238946e+02 1.723942560332913274e+02
4.856983655274888747e+02 1.558945022288261555e+02
5.196235555254329483e+02 1.453319495747060159e+02
5.297652252931898147e+02 1.666544304231534284e+02
5.604437844516252198e+02 1.612842853069758462e+02
5.812767343296899298e+02 1.591149230426053975e+02
5.652780484103498111e+02 1.579659306472418336e+02
5.357002931430027957e+02 1.275525958025320818e+02
5.271863257842970825e+02 1.510975942007832771e+02
4.964966676053693959e+02 1.483964574803775065e+02
4.801241626628783479e+02 1.460977669236540066e+02
4.565503445438650374e+02 1.506351948986938112e+02
4.315376109809902232e+02 1.575648455798246061e+02
4.059171765157513505e+02 1.252063869094748014e+02
4.005546281180980941e+02 1.539356325574867697e+02
3.754640949338866562e+02 1.568304531018227692e+02
3.520191647412943894e+02 1.605985345692535589e+02
3.304763486427671637e+02 1.603169167334784220e+02
2.928361900851893438e+02 1.417804577645489132e+02
2.545445762488467096e+02 1.406084882035059991e+02
2.521319442738150940e+02 1.412984594216074186e+02
2.135555659174981997e+02 1.379536510304951946e+02
2.083517288560759368e+02 1.390178729226646794e+02
1.774556760945370115e+02 1.413342309182487497e+02
1.646155102589847274e+02 1.517413755830879154e+02
1.437140500458014003e+02 1.504272462374460702e+02
1.154481186511610247e+02 1.746248525737765078e+02
1.048159103830846561e+02 1.399903345267913437e+02
7.640821020728473911e+01 1.470844022297992240e+02
5.903141402581001529e+01 1.762217530289277363e+02
3.107423715720355517e+01 1.576499034376207078e+02
1.316725993550818785e+01 1.790064910590895693e+02
nan nan
9.865016949152542125e+00 1.293254237288135471e+02
1.960381103266972502e+01 1.446060482080834220e+02
5.204432994586380801e+01 1.496774325671953534e+02
9.957481229518397470e+01 1.209220350935412966e+02
1.108013634575886073e+02 1.354424332473888910e+02
1.139945632994095917e+02 1.392411224402201526e+02
1.450849593949933762e+02 1.501115401183847382e+02
1.659964545099570614e+02 1.276841858648965200e+02
1.877670707932252867e+02 1.399628609723406782e+02
2.668996071352729018e+02 1.481613665321724227e+02
2.925639617760413671e+02 1.425246819069742799e+02
3.174958207957204763e+02 1.381258776328986926e+02
3.635144790526420593e+02 1.428818787939098343e+02
3.884559964775166350e+02 1.478187021850404506e+02
4.071149695899548533e+02 1.322503433392191425e+02
4.265663937095798701e+02 1.259817731354394397e+02
4.430977087249552824e+02 1.363834647654853143e+02
4.550904255319148888e+02 1.336289893617021391e+02
4.886773075847745531e+02 1.349882274234133490e+02
5.058998150431565932e+02 1.202997621983441974e+02
5.294450319691369486e+02 1.338262245843112908e+02
5.695316222273200992e+02 1.359700365279076664e+02
6.196296447471123656e+02 1.553476050326895574e+02
5.644271260357610345e+02 1.270783689489751396e+02
5.425415295325052512e+02 1.157221927310047107e+02
5.153934097421202978e+02 1.344398280802292334e+02
5.110537215947747995e+02 1.426319907470404189e+02
4.737446259315283328e+02 1.414558486795542649e+02
4.672246734063572831e+02 1.451074162174605249e+02
4.383684386866204932e+02 1.426906410542774211e+02
4.299544160347306274e+02 1.488473486877343248e+02
3.933599629500984065e+02 1.160809115819536146e+02
3.793340141398271612e+02 1.444578161822466598e+02
3.570201406708633840e+02 1.226123797744097175e+02
3.443449944175660562e+02 1.458046148120580483e+02
3.211930420199004175e+02 1.217736099890578458e+02
2.908858031804563211e+02 1.459396174233694410e+02
2.659039713957349136e+02 1.502998339931043290e+02
2.395121834687052171e+02 1.513088602219037000e+02
2.191112795031055782e+02 1.499429316770186347e+02
2.154556017071325584e+02 1.336562040565808900e+02
1.806521881658744348e+02 1.530994591050647387e+02
1.497430459602553867e+02 1.420789568200928841e+02
1.245045305191866021e+02 1.486196668957771010e+02
1.031385347332895890e+02 1.602527421018093321e+02
9.224968021253566519e+01 1.620321755387188887e+02
3.081632434745399962e+01 1.356259092854086532e+02
2.865113094322203580e+01 1.242208493614402158e+02
2.761319262517918105e+01 1.215328579902130457e+02
5.136709812642997974e+01 1.008860658229468328e+02
5.771230103499759423e+01 1.241675734494015302e+02
9.819094647735118997e+01 1.106820160297781683e+02
1.311325970787317488e+02 1.118151525947037186e+02
1.328665840343890920e+02 1.211590759249980209e+02
1.739029270100037081e+02 1.091965115284863401e+02
2.218605014719317694e+02 1.051561871891178583e+02
2.241080335615777699e+02 1.081617513742887411e+02
2.366052720944053078e+02 1.267079972833007844e+02
2.647015777699281784e+02 1.371173319204050358e+02
3.329060420200965495e+02 1.313640001739962599e+02
3.554111206953752458e+02 1.300696038749917136e+02
3.780605157611584559e+02 1.382842968284393521e+02
4.070826677974886252e+02 1.301427073762574480e+02
4.443847777911661296e+02 1.147872317017586994e+02
4.545994470568775228e+02 1.145288924596516864e+02
4.711328240166600381e+02 1.140007312165102888e+02
4.954365325852827482e+02 1.136070918699594188e+02
5.171507520596609311e+02 1.150445755964828294e+02
5.350497703727437511e+02 1.150882635655992630e+02
5.446371474010211386e+02 1.179429982422365413e+02
5.790116991045009627e+02 1.238116131678401644e+02
5.559845666970130651e+02 1.177648155373477294e+02
5.306987440678778967e+02 9.778339964527107497e+01
5.251110997817974066e+02 1.024901197055284854e+02
4.977412379211282314e+02 1.226123478715069268e+02
4.743424490022788973e+02 1.199067867266966800e+02
4.682467178460169066e+02 1.271112872719181155e+02
4.343810769615760705e+02 1.014872716518415672e+02
4.079510152053173329e+02 1.163425293635618658e+02
3.826266667862299187e+02 1.178690961916120443e+02
3.612992782885780798e+02 1.185479227031096769e+02
3.485181656067377389e+02 1.299933396356136086e+02
3.427217685799957394e+02 1.318814387449132539e+02
3.105292732386995453e+02 1.072421291667056096e+02
2.923169612830904498e+02 1.265283694058808379e+02
2.607690077273571205e+02 1.291256945337161426e+02
2.694370254919584795e+02 1.117555889158746254e+02
2.427315116026892099e+02 1.238837562350900043e+02
2.274098016459168718e+02 1.347909685587676734e+02
1.747094817851018433e+02 1.403439290643690640e+02
1.516228606213855983e+02 1.100308117346819330e+02
1.359831057864113291e+02 1.107584184725340180e+02
1.292239906529923417e+02 1.145336232636635145e+02
1.085833632324124380e+02 1.444344106201529030e+02
9.967534739413143541e+01 1.188486318777436708e+02
9.279004867981245752e+01 1.042488951701550093e+02
1.106937934471478258e+02 1.103597871089756666e+02
1.351230332550723574e+02 1.026565073413463267e+02
1.673028428366684182e+02 8.283131655811759231e+01
1.882109791069233893e+02 1.177308138740953183e+02
2.243330684677526108e+02 1.164078267779102163e+02
2.482226137487635924e+02 1.214115046983184953e+02
2.680000000000000000e+02 1.090000000000000000e+02
2.928841729928686277e+02 1.015632620197837639e+02
3.125954051291581663e+02 9.350620237874001361e+01
3.336244540006094894e+02 9.190818745132563095e+01
3.640257713641209421e+02 8.684476924740818049e+01
4.011792002632877825e+02 1.047368767483955878e+02
4.623590173638515921e+02 1.057244475138121516e+02
4.897352953803880951e+02 1.002521251931993760e+02
4.986145226181056387e+02 9.875906340202163847e+01
5.146566559433155135e+02 8.416950360386040586e+01
5.308241168478260761e+02 1.075840353260869620e+02
5.618899371069181825e+02 1.120414915110633132e+02
6.167018162653045010e+02 1.071797496911681264e+02
5.692089711038568112e+02 8.475163825414097118e+01
5.267407078804778848e+02 1.066243860705345554e+02
5.175912228535017903e+02 1.004642383051027394e+02
4.944778804083616706e+02 8.411531761464917167e+01
4.658146371567224833e+02 1.078845409408398552e+02
4.609194312796208806e+02 1.095698851313358517e+02
4.270876654454236245e+02 1.063547215895963234e+02
4.151354799328551621e+02 1.115461925835495123e+02
3.859351406681348635e+02 1.097754738050187626e+02
3.724696896300319509e+02 9.456720931256697327e+01
3.318635239239522434e+02 1.022400640799114200e+02
3.056787897719666489e+02 1.062097817841046066e+02
2.945164070268478440e+02 1.050619821014252580e+02
2.706698314486878871e+02 1.015911030509921034e+02
2.471890281173594133e+02 1.007770476772616206e+02
2.209582536037760008e+02 9.248013139431050433e+01
1.940580546243600679e+02 8.154069540812348293e+01
1.797331642716258102e+02 1.289638529968200373e+02
1.570085244680467724e+02 1.002773846283235883e+02
1.555046137621935145e+02 1.472744968802179528e+02
1.759585257189145295e+02 7.214597002835155592e+01
2.074560102097790661e+02 9.688510010369306258e+01
2.236409544110568675e+02 7.765108987141580599e+01
2.498892002989536536e+02 7.380795964125560715e+01
2.619136492429641976e+02 9.691381438281155170e+01
2.938700325732899046e+02 1.009328175895765440e+02
3.152139228598306886e+02 9.548447789275634534e+01
3.217458221661674429e+02 7.016033422670660968e+01
3.552119932298834328e+02 9.824339201822236589e+01
3.700402331914240790e+02 6.899599841470742945e+01
3.991658506838574567e+02 7.117227981531492276e+01
4.228476457828250545e+02 8.193951767257878771e+01
4.411346334145883930e+02 8.789930620663791672e+01
4.726706742310669256e+02 9.896464720695297501e+01
5.165386697840398256e+02 7.524762607928792590e+01
5.231130573987286425e+02 7.603972746817626671e+01
5.384643900755227151e+02 7.735252843259199551e+01
5.594745496427333364e+02 8.386859408022006335e+01
6.233018849295394830e+02 9.115261646171798304e+01
6.186868797106449165e+02 6.528787907297645177e+01
5.613668847166766227e+02 5.681111205505055040e+01
5.333214777811324439e+02 7.556493289051134354e+01
5.230570098597132755e+02 7.448883588884484652e+01
4.920706831119544518e+02 8.159184060721062792e+01
nan nan
3.978157813813321582e+02 6.256477172553763211e+01
3.924243722872369631e+02 8.423581121916377867e+01
3.592321909625430294e+02 6.212691794139005452e+01
3.456222335841063682e+02 8.078248484405814622e+01
3.287140731035170234e+02 6.526156617840790375e+01
2.917685536099784258e+02 7.628186615495322087e+01
2.559927826784282274e+02 6.708961507618283804e+01
2.559948538575965813e+02 6.708985647087203574e+01
2.245789651217702101e+02 9.077683329960197511e+01
2.041212017859357672e+02 9.677551779734589843e+01
1.881740921191421023e+02 7.825104224220201843e+01
1.612778292322711593e+02 6.355981376254725035e+01
1.299607550596782630e+02 8.328223923196678413e+01
1.249295159175878354e+02 7.249296777639308687e+01
7.624204049509908998e+01 7.247127423624526443e+01
1.182510910382624587e+02 6.105033999797016264e+01
1.454539489382009094e+02 6.417495824385588321e+01
1.589237469955316158e+02 6.174509202948814846e+01
1.672329150072683888e+02 5.840435414641699197e+01
1.893412600578254796e+02 5.250158011520272794e+01
2.198862199747155444e+02 5.372084994651366685e+01
2.429450580572076035e+02 6.569116397621070291e+01
2.708444427140113362e+02 4.996820329128380678e+01
2.995218949940520474e+02 4.906603864578979568e+01
3.160590406315507721e+02 7.554891619463894870e+01
3.357421175325541753e+02 7.093493873770633229e+01
3.652140853507092970e+02 5.445076482533931284e+01
3.918933110113385396e+02 6.849973365801689340e+01
4.067298337056341779e+02 5.596239761727476036e+01
4.261521353242142709e+02 5.644659079043541539e+01
4.555604301075268836e+02 6.882322580645161736e+01
4.836394947291893800e+02 6.536777535441657960e+01
5.279736236456259348e+02 5.343187401411910997e+01
5.381790470930602623e+02 5.309833889160312026e+01
5.470365217267152502e+02 5.285214982759974589e+01
5.656984144261818983e+02 5.171541308370523637e+01
6.034354773493073480e+02 8.999519281168102225e+01
5.778034554661900302e+02 6.230445550874505045e+01
5.557330910795921000e+02 4.834326280623608341e+01
5.417512506564219166e+02 5.084317735828197016e+01
5.124835122411556085e+02 6.694256361862071003e+01
4.823030153759543737e+02 5.212803912599838441e+01
4.687602386326991564e+02 6.843534343760077832e+01
4.546585747126436559e+02 7.022767816091953819e+01
4.392644258290266066e+02 5.328115551757222335e+01
4.119709875826853818e+02 5.216525472902402072e+01
3.879584253866238441e+02 6.497720425788311616e+01
3.710692184220274044e+02 5.826707000864304575e+01
