-8.569999816070136278e-01 -2.727290500907692650e+00 3.581277622958688678e+00
-7.585894730366049554e-01 -2.109919193868047937e+00 3.869322047685859189e+00
-1.508154075025380791e+00 -3.188415678302057188e+00 3.999606879900635015e+00
-1.440189030555968586e+00 -2.610222360603455360e+00 3.344474177536789217e+00
-1.510442409800542229e+00 -2.308324479935600415e+00 3.025232969361417723e+00
-1.937051567476282932e+00 -2.136417617820267179e+00 3.459025454203605410e+00
-1.658158534036039411e+00 -1.012896095234122829e+00 1.854635389047041949e+00
-1.023839132688441733e+00 -4.662855945911745237e-01 1.001709633221937290e+00
-2.251134174043250447e+00 -1.362449572127772734e+00 2.311763130785305709e+00
-2.164361106328758222e+00 -1.358779637892366665e+00 2.169068840163268064e+00
-2.169704958742478151e+00 -1.776996534225076196e+00 2.319200702318293672e+00
-2.110895357850680387e+00 -1.773746436057051179e+00 2.339283115659525514e+00
-1.924804247236711952e+00 -1.585776432628304811e+00 2.066829400362545144e+00
-2.438364704563503960e+00 -1.608329473266190801e+00 2.577245100801342836e+00
-1.920868896819818872e+00 -2.046567797448695991e+00 2.677848825810622557e+00
-1.066211636595937762e+00 -1.342297000487617353e+00 2.110804610498558720e+00
-9.773534966214035835e-01 -1.062319882338393473e+00 2.188930529762354027e+00
-2.446453380014446122e+00 -2.842000636249908396e+00 4.075991868846035260e+00
-2.213534739950325125e+00 -1.782986637728285251e+00 3.147374103347484464e+00
-1.945336647865952617e+00 -1.112936305598332787e+00 1.999677508049686914e+00
-2.998071734412798062e+00 -2.131838354955386095e+00 3.227444867986575261e+00
-3.877084529671475099e+00 -2.859153746805016993e+00 3.897281245922940673e+00
-6.079672602635665113e-01 2.622516227150662252e-02 2.787680543388369458e-01
-3.862965121087150067e+00 -3.021085882250858390e+00 3.712062805115043496e+00
-2.816921211946224357e+00 -2.111741686818247477e+00 3.250932333855330203e+00
-1.783922769745255987e+00 -4.978358630151857311e-01 1.651567402699183118e+00
-3.860818278956860805e+00 -2.065198446730700077e+00 3.560408334198923441e+00
-2.709055271705378853e+00 -1.414288459836954948e+00 3.328723783263238367e+00
-1.190833898583901762e+00 9.788828814339989304e-02 3.843127774369059502e-01
-3.805100541003959780e+00 -1.040785091700062504e+00 4.171367309146705615e+00
-1.707171809667129114e+00 -6.197169727416406149e-01 1.861635640630797450e+00
-3.644385097262111017e+00 -6.248584405283239551e-01 4.002739159423228443e+00
-2.842394376968718106e+00 -6.503452915312064597e-01 4.063243569662271959e+00
-2.604734015550177695e+00 -4.952050551570038595e-01 4.008773953257970035e+00
-2.822704651961833289e+00 -7.277383894697088129e-01 4.996718426622443587e+00
-3.714105656555973578e+00 -3.785191834746746142e+00 1.085965783680032537e+01
-2.577913855886831307e+00 -3.594848591546591088e+00 9.274915340103458306e+00
-1.378350556251931147e+00 -9.205597918689228942e-01 6.344813800802965531e+00
-1.210083352311907001e+00 -6.642375807452735037e-01 5.763499480224744786e+00
1.363285092427180545e-01 -1.232302211379680656e+00 5.232778048225217304e+00
-7.936141914659720908e-02 -2.211224222907318460e+00 5.019365945159552034e+00
3.470396669128582356e+00 2.058063871818749035e+01 -4.558112577577798419e+01
5.136936816377532189e+00 1.306818015870414307e+01 -3.131226492895906333e+01
7.238072124167095112e+00 1.039397088849787743e+01 -2.570244608370819961e+01
4.750274314710166479e+00 6.960464089037354363e+00 -1.146189418033312357e+01
-3.831598346041632297e+00 -2.057283936237557231e+00 8.158070350062054388e+00
-2.833162036434489384e+00 -1.143961304906556231e+00 3.602500617317833775e+00
-2.670188155159081145e+00 -9.057156512041568686e-01 1.843927167007422208e+00
-9.114182609885563835e+00 -7.004532591298398891e+00 9.980212813686152984e+00
5.583626116121306637e+01 3.604196802300917568e+01 -5.903865547277757742e+01
-1.064553218941653867e+01 -5.060088722134977957e+00 1.033041689754812609e+01
-6.204424505713287630e+00 -2.583034269082743251e+00 6.357250428449496837e+00
-4.486120138893379128e+00 -1.767084683430978576e+00 5.329128834491904776e+00
-1.176466320462870563e+01 -1.270643552273141985e+01 1.230290968627655701e+01
3.519142617179124244e+01 2.989189411520103690e+01 -5.587832876559122042e+01
-2.319347867092867777e+00 -2.258642441354995700e+00 4.029555826630285331e+00
-1.026676280632756644e+01 -1.711558593564689446e+01 2.709470000108519017e+01
-7.170570333796376650e-01 -8.899849788032410114e-01 3.482104443678387895e+00
-2.940306153076721163e+00 -3.312066504921421295e+00 9.582097820440115044e+00
-1.225039238283053555e-01 -1.108341206032966042e+00 3.886830391585455846e+00
-4.702940966276575874e-01 -6.173247292952220855e-01 2.593258246315981008e+00
-1.657744352528830678e+00 -7.449681657573949956e-01 4.519827262447002170e+00
-2.609365579679340463e+00 -1.504479484291947999e+00 5.785772070586042481e+00
-3.232295594750449030e+00 -1.957409903578445132e+00 5.684306514702435642e+00
-3.435442204784152853e+00 -1.538180164043961184e+00 4.511684306883535278e+00
-1.828412112754862706e+00 -7.875124473482578713e-01 1.878270760151957042e+00
-3.563851951315501143e+00 -9.501860287862768928e-01 3.746165190400281286e+00
-2.074959631782214764e+00 -5.789983676855087191e-01 2.652896671464060496e+00
-2.152965543878185173e+00 -7.881534925359535704e-01 2.194308286577620226e+00
-3.121501665046548357e+00 -1.692466799077579687e+00 4.288267937284647502e+00
-1.240536090882136788e+00 1.074547065265291437e-02 2.723246824128589427e+00
-1.080682569645167401e+00 -1.095858133649295907e-01 2.254223559790865306e+00
-1.282112836654218269e+00 -5.821310054034511960e-01 2.434922588550261668e+00
-1.626633995291689505e+00 -9.694579136937663266e-01 5.295098271515147559e+00
-1.062311448564392746e+00 -4.294900269172141627e-01 4.198526164612506051e+00
-2.093004889633515442e-01 -4.950473605286551115e-01 2.920964905880279350e+00
-2.708873362610277891e-01 -9.772597764458399450e-01 2.629778883056783201e+00
-8.634618918898961937e-01 -2.210931965121416543e+00 3.396070783476558663e+00
-9.135884698975453855e-01 -1.353281188942569990e+00 2.746462793446594386e+00
-1.344346628543382050e+00 -5.086016685157312978e-01 2.491819189455413586e+00
-2.300006549098239983e+00 -1.888067547408057711e+00 4.451764878681857773e+00
-2.116865722860853616e+00 -7.679874716235560728e-01 3.399601915131348573e+00
-2.667299423060941699e+00 -1.764059950371273278e+00 2.744522040784052042e+00
-7.469585817206640943e-01 3.404910047102138182e-01 9.812923216913289892e-02
-2.455121511293569814e+00 -1.503600540509456129e+00 2.904790395630556077e+00
-4.293670967799863902e+00 -2.168520857704723692e+00 4.118660140010280024e+00
-2.135525542774673102e+00 -5.196582842463071117e-01 2.171373036708640569e+00
-3.008612474461902941e+00 -5.909768171126260627e-01 2.147453515652723244e+00
-4.295820558283955037e+00 -1.391182454185040607e+00 4.731930216153293678e+00
-2.346459056480067140e+00 -1.207212947988732132e+00 2.993009228264304600e+00
-1.792700395698999749e+00 -9.213238061904764908e-01 2.419684180211968183e+00
-1.743324516315409634e+00 -8.504746241215244140e-01 2.261732013641375438e+00
-1.242848014093585141e+00 -1.926887722018974791e-01 2.545068053808117181e+00
-9.734387236575323676e-01 -2.670859839632496735e-01 2.648944050205464418e+00
-9.533880197128445921e-01 -7.130915720229993870e-02 2.673016091566279950e+00
-1.875632251119605243e-01 -2.820344739758385844e-01 2.588528275297993897e+00
-3.603284020644926811e-01 -1.054190962606207926e-01 2.875548809737234368e+00
4.405206215819470472e+00 -1.150049465070526544e+01 4.244443150111465002e+01
3.199224416334027321e+00 -5.556646638671079330e+00 1.901446694794894299e+01
-6.111648243997503949e-01 -4.123053570265952317e+00 6.669277922695199479e+00
7.105285682957090954e-01 3.378275267139736915e+00 -6.428807894674274159e+00
-2.607742571201709492e+00 -2.796097429767524734e+00 5.586612037845065437e+00
-2.253175176034829086e+00 -8.489637675661214633e-01 1.048113886727848554e+00
-2.449047622826838744e+00 -6.747229298695548438e-01 4.289372773110146753e+00
-3.305814120212591245e+00 -9.080250785548880099e-01 4.700138949522518317e+00
-5.705971820412586659e+00 -1.747113190889678425e+00 6.378935987097162474e+00
-5.202382299231967266e+00 -1.361214060087272193e+00 5.338690656489932351e+00
-5.893622277436610268e+00 -1.545498831013089491e+00 4.031228952332065241e+00
-2.759007409949892242e+00 -1.436075555872498466e+00 2.925540711538748173e+00
-9.878968438427644827e+00 -6.150350835179681397e+00 1.210848048392489318e+01
-3.454406568535953959e+00 -9.105925230166361795e-01 3.977452030205349320e+00
-2.661989193407597654e+00 -6.258407265737876424e-01 4.113988687378170361e+00
-1.301463571120559326e+00 -2.901412615066130130e-01 3.137433793696307038e+00
-1.310473569472656141e+00 -6.552639204966717035e-01 3.530272993495930489e+00
-1.514422192979531401e+00 -4.742500174456446005e-01 2.944833271834706334e+00
-6.819702966858455229e-01 -1.096465631438101829e+00 3.047092102679040959e+00
-1.389923740204674019e+00 -9.363767806508629388e-01 3.925126422714924068e+00
-1.474207694413316672e+00 -7.250891208895575701e-01 3.168137262561687262e+00
-1.493719313022665141e+00 -2.378164429316744322e+00 4.668359275346361414e+00
-2.716579578155538410e+00 -1.778127974290611535e+00 7.267832193314342604e+00
-2.561895850144667808e+00 -9.081588187542819490e-01 4.052828838554159319e+00
-1.076754897065253846e+00 -5.387916506808138745e-02 2.246199169772391979e+00
-1.813925001002986814e+00 -1.248944944906912102e+00 5.873364832942180591e+00
-7.594009218853687848e-01 -1.666583127200903236e-01 3.169137089434171717e+00
-1.080168560716483483e+00 -1.884727785888680840e+00 7.006005081599973927e+00
-1.202995535361884583e-01 -6.312559802981796420e-01 2.680634672142276020e+00
-9.245141635430367821e-02 -1.570289385055584797e+00 3.500919509657410167e+00
-1.533609042103570408e+00 -5.450266425539302517e+00 9.047879472206870943e+00
-1.882448264916144254e+00 -5.220919010073099997e+00 8.321240387874594191e+00
-1.047117260819019791e+00 -2.703375722842952911e+00 4.293820583347367048e+00
-1.238182673941652645e+01 -2.105431747471950388e+01 3.325688467762518741e+01
-2.114432584812623972e+00 -2.113570483386514542e+00 3.021866870553954421e+00
-1.814418706807957804e+00 -2.250488569639658820e+00 2.772682225929875344e+00
-3.956658048621171986e+00 -2.320529259010309708e+00 4.663583083706932975e+00
-2.183845133750698775e+00 -1.173545528171895391e+00 2.458325707695992346e+00
-4.070633491316683283e+00 -2.604034795855353135e+00 3.502373789259048742e+00
-5.489537724279825781e+00 -4.404421810014708782e+00 6.667192987816962457e+00
-8.738270728907703955e+00 -5.570831171765360246e+00 8.279417226950121389e+00
-2.531777051968440606e+00 -8.149117825862688402e-01 3.069427047364346794e+00
-6.494809439791445982e+00 -3.136785721160918694e+00 7.284737506105500415e+00
-1.923600718886004701e+00 -7.578198329735543748e-01 2.681273770059735995e+00
-7.443557707434882431e+00 -8.697748282271502873e+00 1.234968030891186253e+01
-2.526782535509305649e+00 -1.361450577883927204e+00 4.795985375506834458e+00
-2.353403538530427497e+00 -3.493405256263025116e+00 8.962568695245634487e+00
-1.033411326456717294e+00 -3.457640327348798781e+00 5.723805449884684649e+00
-2.630758848274533435e+00 -6.173967907743628913e+00 1.347982666763070370e+01
-3.982799835805048705e-01 -3.844922953689926981e+00 9.244309485646487801e+00
-6.320514130714269818e-01 -7.373598298619576941e-01 2.427657738962979650e+00
-1.471135166429478947e+00 -7.866451902223328130e-01 2.932634071174027746e+00
-8.419896816216174695e-01 -6.560974837841536678e-01 2.185713346499628340e+00
-7.404536204294283053e-01 -1.329257025842566442e+00 2.737379998934521996e+00
-1.781971315431320146e+00 -9.517965986030292314e-01 2.360782309278977031e+00
-1.698780805595794030e+00 -1.372448317726875811e+00 4.729418821861481881e+00
-1.830072546198179495e+00 -1.592185405371630225e+00 2.768861981244510329e+00
-2.293341111188540005e+00 -8.969051773222496138e-01 3.416797880002656385e+00
-2.209771563181019083e+00 -1.923968615269176619e+00 3.268683844914209491e+00
-2.145927655984623872e+00 -5.908449652414720088e-01 2.856732849936493235e+00
-1.881064035625342967e+00 -1.336158464555494696e+00 2.452052584459909923e+00
-2.847101656309383610e+00 -7.399146519567401104e-01 2.198203269199224152e+00
-3.649399656824515503e+00 -2.456513622292469279e+00 3.811204013166455074e+00
-4.001321444725197907e+00 -3.019874559836160266e+00 3.951924988526611671e+00
-2.430786504209459853e+00 -1.217040168482601104e+00 1.894297181964763377e+00
-2.962288011615932248e+00 -1.507508148355966471e+00 2.886165941570798310e+00
-1.674904671929421829e+00 -3.946584960794942143e-01 1.822581692678163501e+00
-5.911007521883879789e+00 -1.701118224948250157e+00 4.694619397384037995e+00
-2.185590456600409404e+00 -1.878800908691287130e+00 2.932334572243929571e+00
-1.671664029384237971e+00 -1.119050251514802419e+00 2.157486698431005934e+00
-1.811204639219120116e+00 -1.441567911320377204e+00 2.406490841464759445e+00
-1.322460278355569674e+00 -2.294879224811347207e+00 3.467501707121934285e+00
-1.240141290432585475e+00 -2.047919569627854042e+00 3.361402641363941957e+00
-1.053817550237331480e+00 -1.208258217262484724e+00 3.837419128093445320e+00
-5.338344075226640228e+00 -6.643214950420467169e+00 1.089319215311981104e+01
-1.083416203956631207e+01 -1.401067434009960522e+01 1.876508866000004971e+01
-1.776520527509038549e+00 -5.525250326201981421e-01 2.691511945011941798e+00
-3.930581042176352291e+00 -1.557282171575399721e+00 4.173081365203470838e+00
-1.829798453218158372e+00 -9.031879241741803677e-01 1.926215200374540970e+00
-2.028966451075748800e+00 -1.042416546263251753e+00 2.204028919063423242e+00
-3.269519251130721837e+00 -6.080667396580337059e-01 2.353165529007779533e+00
-2.285377441490795469e+00 -7.038696076701572713e-01 2.924696340701258723e+00
-1.560416144528846027e+00 -1.136177932890346720e-03 1.827659377632361970e+00
-1.715767382895856397e+00 -1.283344503075116161e-01 2.245206529354177416e+00
-1.342907278544767768e+00 -2.330765279964233105e-01 2.811907482222572696e+00
-1.954801774275154669e+00 -5.973106779656426335e-01 3.003803263616934505e+00
-1.381454579708896624e+00 -4.077806905488584044e-01 1.704572836802977998e+00
-8.516784591694476214e-01 -8.682530461191900750e-01 3.466700909136297248e+00
-7.625158352663677919e-01 -1.035758145973894595e-01 3.005633512902254445e+00
-7.777591744096029602e-01 -1.630934172897740841e-01 3.217279580056176869e+00
-1.260218601371590197e-01 -1.264376770748783407e+00 3.222769500617520766e+00
-3.478311036373317178e-01 -1.679723891770522837e+00 3.270808883485516461e+00
-5.551463264457491276e-01 -7.856188834037294288e-01 2.140330884872480244e+00
-4.342897964770968122e-01 -1.353080855118904191e+00 2.753379438147636638e+00
-1.682961888287650254e+00 -1.292521988726561988e+00 4.376536043012491106e+00
-1.375658338548296999e+00 -4.793756377904720978e-01 1.618139981716296250e+00
-1.467909643992037161e+00 -3.671269418914744342e-01 2.762005329157781297e+00
-1.348297378589004891e+00 -3.647634622956069661e-01 2.052315606078875199e+00
-1.541781465286981234e+00 -1.339688196756834981e-01 9.621280345619817043e-01
-2.285457287990953823e+00 -6.429369308100340019e-01 2.613354828500416005e+00
-3.309020900555143641e+00 -1.328473052909123764e+00 3.647532645934679518e+00
-2.353096595206405350e+00 -1.082047769616748756e+00 2.768776450870963579e+00
-1.870586746826892632e+00 -1.098216851534726146e+00 2.489797483043130200e+00
-1.994397351193409884e+00 -1.334415662902852295e+00 1.970859641688475605e+00
-2.101119022086067378e+00 -1.529460836021038439e+00 1.996037613682367651e+00
-2.264999130119693227e+00 -1.159945658912006516e+00 2.266021610232022088e+00
-2.106115224893825744e+00 -1.552909430857206452e+00 2.102030955431761328e+00
-1.482206262672889796e+00 -5.404122692722806987e-01 1.496087719626147949e+00
-2.023793207526952465e+00 -9.646861223031821808e-01 1.983325141010965798e+00
-1.959406934055801353e+00 -1.619489894664394525e+00 2.846917221013994581e+00
-8.666864951116735050e-01 -7.052235427323040318e-01 1.035065748387653084e+00
-1.079722803791226760e+00 -9.699216233085674599e-01 2.037990530993623484e+00
-7.745108067861422585e-01 -1.233375218906725301e+00 1.553738439297037699e+00
-9.237918907058316753e-01 -9.955603869841223030e-01 2.807105676382983805e+00
-4.667161101961528891e-01 -8.469821886697912472e-01 2.501857083973720197e+00
-3.325709043215206995e-01 -8.545409126010649059e-01 2.398934058860747509e+00
1.224013339519804122e-02 -2.372500052982259966e+00 4.136895750809329364e+00
-6.099622208718619154e-01 -2.464473025618905577e+00 3.632096619400673632e+00
2.011172550979461182e-01 2.438006018690932031e+00 -9.417649456657052331e-01
-9.902791689743069004e-01 -2.961394807235161242e+00 3.918239088877992327e+00
-1.638046750252445172e+00 -5.075399272154873742e+00 5.876822750818713637e+00
-1.507008864858342845e+00 -1.918125760058420504e+00 2.572763679047300300e+00
-2.355003858234468783e+00 -4.098783216649414030e+00 5.123341388422985254e+00
-1.615505659672629823e+00 -4.007730948916290004e+00 5.257445109605427547e+00
-9.302597228202241775e-01 -7.639934542466360057e-01 2.175687989213877849e+00
-9.268468658972225382e-01 -1.205768641900998306e+00 2.736191666352492557e+00
-1.995383314018286114e-01 -7.584920335837900263e-01 2.394420899578991069e+00
1.248644393888912948e-02 -2.329357403861735953e+00 4.168316089466665098e+00
-7.606157080997213438e-01 -2.500922372939394123e+00 4.105828145516724703e+00
-9.098301166731587175e-01 -2.709446439989851019e+00 4.116681501075317051e+00
-1.618133390919830550e+00 -3.263972039529550617e+00 4.372091936600825512e+00
-1.894015115398616000e+00 -3.269015083090019314e+00 4.851381126817340572e+00
-1.444519274671193898e+00 -4.096441632253098319e+00 5.080319027333790594e+00
-1.983324516042040075e+00 -3.016018727621692985e+00 3.951177709900409507e+00
-1.641090894722401661e+00 -9.986820729699242838e-01 1.942136441715971662e+00
-2.414734504052659325e+00 -1.716619545921142853e+00 2.050504831865170630e+00
-2.597871529308376726e+00 -1.914820306711525255e+00 2.708074813194219832e+00
-2.959642589971045901e+00 -2.143863442262060381e+00 3.188829468950265422e+00
-1.530060560713211837e+00 -7.417181358226938581e-01 1.386216976015262725e+00
-7.237984587496413269e+00 -4.117341735507799250e+00 5.135619344309135137e+00
-1.949262755976983508e+00 -1.414464496630557511e+00 2.042838935616349438e+00
-3.509077652869655672e+00 -2.931220309422495784e+00 3.549843779351149919e+00
-1.807187916885939494e+00 -1.406550219884010744e+00 2.229627465288903210e+00
-3.152669214024510502e+00 -4.070913945701116532e+00 5.144194136898568637e+00
-1.020139709621200375e+00 -9.927749878407003958e-01 1.180266379562979306e+00
-1.637268939676816526e+00 -2.631684498516316140e+00 3.192297906624864012e+00
-1.704896610960999981e+00 -3.554498709131316492e+00 4.241992154152860017e+00
-1.745441340691664900e+00 -3.206376764361781539e+00 4.035762302468589802e+00
-1.563715508915960672e+00 -3.830228161387760455e+00 4.631368837695291951e+00
-8.144879407560644546e-01 -1.430377437410348618e+00 3.321138248548535454e+00
-1.126140123663379011e+00 -4.054692103860108254e+00 4.872523342971546434e+00
-2.208716285227476095e-01 -2.147840188562549546e+00 3.783109303966780246e+00
2.515399697170097038e-01 -4.741973088890246046e+00 7.079446616792878011e+00
4.502634208129110860e+00 1.596804904906195333e+01 -1.894402688964587966e+01
1.670721128900092367e+01 3.766439374857777267e+01 -4.893967288404166993e+01
-5.457406870190573578e+00 -1.062998799726800492e+01 1.202071068740321280e+01
-2.908913019071817541e+00 -4.498601896894258267e+00 7.293271282369906849e+00
-5.767183280613644314e+01 -8.297050609509601315e+01 9.715813107728052955e+01
-1.013732471486890319e+01 -1.446583756588775493e+01 1.605180087474080608e+01
-1.110744094816704575e+01 -1.232653456027868266e+01 1.370517713473107690e+01
-5.903554045160772645e+00 -4.453550190982856094e+00 7.541422508935993640e+00
-3.667678136049381976e+01 -3.195829068999632128e+01 3.461008658494308321e+01
-2.436350754079626757e+00 -1.722623178212178141e+00 2.340689308322790207e+00
-2.709756836244564759e+00 -1.671143127411378826e+00 2.794453496091873657e+00
-7.126793849943207526e+00 -6.010175049280977788e+00 6.663584989422574267e+00
-4.204910762028704951e+00 -4.050882789873722523e+00 4.813887042872528887e+00
-2.121794330435953952e+02 -2.291897725113268791e+02 2.476031048698878578e+02
-2.630097763893749718e+00 -2.054675351780825832e+00 2.904436115535086849e+00
8.930003340997265227e+00 1.295158109603360330e+01 -1.544662287920113819e+01
2.496541945119285444e+01 4.502513834540711457e+01 -5.148386404864088917e+01
5.194948982133404947e+00 9.536823159754220569e+00 -1.336915268066089091e+01
-7.025741321183861743e+00 -1.396307311313057120e+01 2.304626667491411496e+01
-2.120323165963320822e+00 -4.691990899134416360e+00 5.619115246696489763e+00
1.701656964859163290e+00 9.476328153143310118e+00 -1.364058087859753954e+01
-3.183515742438199347e-01 -9.090936171574602653e+00 1.065983350770662952e+01
4.753152865151064055e-01 -4.919386232139983939e+00 7.296717252828242906e+00
-8.490080968120027327e-01 -7.944193659958329157e+00 8.975671873448163751e+00
-1.560373349538101584e+00 -6.904580857077369238e+00 7.653414347939081708e+00
-1.145067336732694896e+00 -4.378869530839483382e+00 5.910110187473062382e+00
-2.234529774358487320e+00 -5.642728641375295062e+00 6.176151935346292809e+00
-1.664641690391415185e+00 -3.120423505027457800e+00 4.135526464383395329e+00
-3.068701288764549062e+00 -5.172898102313745916e+00 6.179183271040216141e+00
-2.288985443658365870e+00 -2.660683778744597383e+00 3.211727259673782697e+00
-2.296350536611650561e+00 -1.803928721409438163e+00 2.277620210092301534e+00
-5.146304844172249204e+00 -6.717973651609346675e+00 7.422094206931855176e+00
-3.968959834573538625e+00 -2.930464933609543632e+00 4.393603389956837191e+00
-4.524426516908505391e+00 -3.579200149445188384e+00 3.929729553951827548e+00
-2.454331791967978127e+00 -1.116911632392368903e+00 2.236258828520459208e+00
-5.691910367589420261e+00 -4.088461307349748886e+00 5.524297312356758027e+00
-6.371002677139885328e+00 -5.937952321231054320e+00 7.400130583328437872e+00
-1.888476946103387677e+00 -1.197900169707462936e+00 1.870920614083168676e+00
-3.071305941648286630e+00 -2.281965029139192858e+00 3.373715882557739576e+00
-2.680028915103759513e+00 -2.010469523061984898e+00 3.254174724149117459e+00
-5.773495106956053391e+00 -6.709915603205901746e+00 1.001470832519966514e+01
-3.797029784153855836e+00 -7.186270719170217092e+00 7.941099309173183407e+00
-3.728960297829102100e+00 -7.284312969479721289e+00 8.204312441688021096e+00
-1.764064536551261053e+00 -6.780292454733933383e+00 7.579238542854559668e+00
-1.856900071083435355e+00 -5.128727046409368384e+00 5.817997908456518097e+00
-1.062983211119729710e+00 -4.215892183938695581e+00 5.119840221155815385e+00
-6.511057786712122208e-01 -4.165667639707617553e+00 5.160994385810957930e+00
6.426203013009695875e-02 -2.263878088838243929e+00 5.152325632000879452e+00
4.934048766225455296e+00 -1.115520138981344189e+02 1.866881681399516424e+02
-1.820647973908179618e-01 -5.230444141213102860e+00 8.327945872493337731e+00
-8.043326733974764942e-01 -1.542340128002264388e+00 2.656765303423903823e+00
-1.993982383024900784e+01 -1.859910527628235499e+01 3.597849863864200159e+01
-4.546805396571640046e+01 -5.276461307847131366e+01 8.364636846620618371e+01
-4.965952681532440849e+00 -5.849410890750436742e+00 7.784939548492218364e+00
-2.487454409724013260e+01 -1.884934965351816061e+01 2.761494446081579213e+01
1.662329497628365743e+03 1.173488237572652451e+03 -1.473547814536432952e+03
-1.824055480689867537e+01 -1.020946150156544618e+01 1.587767688960422596e+01
-7.638072018982639655e+00 -4.636236643725176521e+00 7.927603311889061644e+00
-1.506854352766659133e+01 -1.149030786179499053e+01 1.771460994406675482e+01
7.668627138479436667e+01 7.680835876309704702e+01 -9.141784310425117610e+01
-5.457961767712837364e+00 -5.215010455163168857e+00 6.183358598266360140e+00
5.567613002637591535e+01 4.712123038877962244e+01 -6.588130998742171585e+01
1.264982792546283363e+01 1.226713725354640339e+01 -2.103772955201184303e+01
-4.038445071422962052e+00 -7.377593618591026470e+00 9.234621250038452800e+00
-3.216959010914586692e+00 -5.066533540920652889e+00 7.307747971036684831e+00
-1.675993282544053997e+00 -1.108686177817752494e+01 1.341271985120652666e+01
-7.696928846451130957e-01 -7.064567662949145621e+00 9.802322865480224579e+00
-1.395216802233925524e+00 9.599014061225499717e+00 -1.661571586869895256e+01
-3.607298174811765179e+00 -7.998704467155776321e+00 1.359390014481995834e+01
6.025005613165023144e-01 3.936242939071156854e+00 -7.528075938992863314e+00
1.071015461070656372e+00 4.683074535862628451e+00 -7.368977448907259031e+00
3.027147158063411947e+00 4.420055281808592973e+00 -8.892393141302690651e+00
1.700559271191360011e+01 1.731591336138245296e+01 -2.487862171549236834e+01
-6.187478302900764504e+00 -5.863785489522231664e+00 9.607053418129103406e+00
-7.057752469126343797e+00 -7.087684614030593799e+00 1.001871151472784049e+01
-6.955704064169907497e+00 -5.653871811942426717e+00 9.104836982272432877e+00
-1.312359065812217018e+01 -6.747183145645558433e+00 1.531557781754494840e+01
-8.684243235444702336e+00 -6.474804721597607227e+00 8.807280680356980085e+00
1.114750441639986178e+01 7.130761244439386637e+00 -9.460404140830082298e+00
-6.588322116607537637e+00 -2.743493117500568790e+00 7.171714161537166454e+00
7.188368663695520411e+01 2.114264403689107752e+01 -5.196075412952617967e+01
1.166736841408887315e+01 8.397928209544389233e+00 -1.209746905886003532e+01
-4.378967215678844127e+01 -3.371168816773097632e+01 4.803489899742110936e+01
1.499546926557550997e+01 1.012071294101516905e+01 -2.160841991926017869e+01
7.354605774260741136e+00 6.159479375275203950e+00 -1.110009976784799335e+01
-3.252997622342248860e+02 -1.965223866428345332e+02 4.576801932120781089e+02
-3.140938106979186628e+01 -2.706769858742299206e+01 7.692930780011555214e+01
-2.721252883541615208e+00 -2.153122765935126637e+00 4.769621059804814323e+00
1.191597616411139171e+01 1.927507195374765558e+01 -4.508763309257031437e+01
4.715656684857652436e+00 1.838984167041875750e+01 -3.784587189171141830e+01
-9.988045120870182592e-01 -8.008583941817176921e+00 1.819701995089598867e+01
-3.465842147786477034e-01 -1.285985208431148497e+00 3.516422281987347631e+00
-5.574531714955896611e+00 -1.397165772662859240e+01 1.985160099339534412e+01
-5.954185923814279136e-01 -1.045526685797605548e+00 2.904724494672466850e+00
-1.993267185336135228e+00 -2.399099373906740773e+00 6.265156618580230763e+00
-1.651630289659571371e+00 -2.394229156322760232e+00 3.322430159981593967e+00
-2.698415661118204856e+00 -1.858373299710765592e+00 2.877260463424656578e+00
-9.601488722297716549e+00 -1.559238349442724747e+01 2.127058604648120266e+01
-1.024511833824242268e+00 -1.891458131502183004e+00 3.503709906045061384e+00
-1.568571809264605044e+00 -3.337914541911282118e+00 5.829111134144016049e+00
1.053135700030220967e+01 1.042922429322731226e+01 -1.699513284102498289e+01
-2.753044485773807448e+00 -1.402423509672194868e+00 3.248989167946493062e+00
-4.352441826308217188e+00 -1.560893468780571558e+00 4.810670086157410097e+00
-4.263342146121764209e+00 -2.094871388187264483e+00 4.686819488383884291e+00
2.168586320053315220e+01 1.360379730458430991e+01 -2.120917547509744949e+01
-3.171243159728738270e+00 -1.128897262930412815e+00 2.325722236582284275e+00
-3.736578378709745607e+01 -2.811894005219454584e+01 4.176842032941435434e+01
1.458692048292791021e+01 9.516390975525485629e+00 -1.544061273234720844e+01
3.305833792802381765e+01 2.704761039415818402e+01 -3.999031373685920698e+01
2.580399061025437391e+01 1.413599631727190697e+01 -3.105113792467968636e+01
-3.442599712009958957e+00 -1.631733813169890412e+00 4.110765897058843876e+00
3.160342888934181804e+00 4.673933511273354213e+00 -6.902243391765904512e+00
1.116938718407102726e+01 1.484336311950662335e+01 -2.198737082589939718e+01
1.008566061800679314e+01 1.276852949293257211e+01 -3.395714257470488917e+01
5.775962583712749066e+00 1.007992385353069764e+01 -2.594823308915695037e+01
2.117889961527498421e+00 9.510645898214301397e+00 -2.065215678990170645e+01
2.539381006715788480e+00 1.570582644861100086e+01 -3.529240109067512066e+01
-2.335899787008209327e-01 -1.917299076903753896e+00 4.149664557555449385e+00
-3.045257910238268750e-01 -4.097089889856366796e+00 7.342154515414586413e+00
-8.155394506799311216e+00 1.862190406156685185e+01 -5.937543706853503522e+01
5.887451155014585824e-01 -5.676882255482329498e-01 4.513571800382253585e+00
1.308903472669118440e-01 -1.507721809970473359e+01 7.218628742702438217e+01
-7.500908585332468625e-01 -5.459911815234720633e-02 3.955618849260293501e+00
-9.902491814928591207e-01 -5.820406997662402188e-02 2.923310619796991805e+00
-1.020362606537831507e+00 -5.942573027417773490e-01 3.415540927450806397e+00
-5.640367491760484242e+00 -6.252394956967188833e+00 1.486494171328137526e+01
-6.933306605793381650e+00 -4.439449651009430120e+00 1.413241123568661983e+01
-6.775179567072088460e+00 -4.886277368526833698e+00 1.115860429819602473e+01
-3.027989466681692665e+00 -4.092128573606264030e-01 2.729272500731942497e+00
-3.645464668047444956e+00 -3.950316275584762615e-01 4.038580050274171107e+00
-4.509936608426103000e+00 -5.352693282100854377e-01 4.595669679036178401e+00
-7.056029309544835648e+00 -2.561592253634599636e+00 6.945041084492962646e+00
-1.802267139277625274e+00 -6.491340090150633513e-01 1.689005617360508582e+00
-3.246023518873424774e+00 2.591566979534240187e-02 2.925632733126110274e+00
-3.104896263668373457e+00 -4.965226231990047673e-02 3.040328480858274673e+00
-3.313436783597018209e+00 -1.066224439575835653e-01 3.866736662039182537e+00
-3.010116822865488651e+00 -5.266531432665349372e-02 3.485172905688317613e+00
-2.940899685016784115e+00 -1.239992009874161388e-01 4.739751665317087692e+00
-2.914753265182714159e+00 -2.405856767169860244e-01 5.638469289448360122e+00
-3.691576731337776085e+00 -2.671891237658505336e+00 1.029264377155377019e+01
-4.926281577487082730e-01 -5.223056156836066721e-01 3.207639141985294096e+00
-2.009890057680892905e+00 -8.488164264376917290e-01 1.017448470300417007e+01
-2.081556305260849449e+00 -7.196424643337451243e+00 2.542554329991070006e+01
-6.302010768145782649e+00 8.316481103870576419e+01 -3.418163187582056253e+02
-1.920512514070128240e+00 -2.069967263835128435e+01 7.751050225137826999e+01
-3.198243220908458895e+01 -4.994014313451728526e+01 1.453525029819080601e+02
2.560513736425586728e+01 3.303097426665007674e+01 -7.704717172580903650e+01
-2.890468630601508604e+00 -1.563135340411234697e+00 7.949448517680360204e+00
-1.937816692064563995e+01 -1.577958820667877404e+01 5.395290958038872020e+01
-3.615442494422596464e+00 -1.209259255739888017e+00 4.843045675006093731e+00
-3.772834595761232812e+00 -1.704944655991583957e+00 4.436048938915028828e+00
-1.870953245218518024e+00 -2.814898035919223274e-01 3.020300842031663269e+00
-2.715424569641374131e+00 -5.460066966500279895e-01 4.946176374839394541e+00
-4.673896716779176508e+00 -2.496259560946545886e+00 1.112191034471314133e+01
-5.485864757146912751e+01 -6.453273225515249578e+01 1.755289286448710868e+02
-1.243985926660560848e+00 -1.555595064418543227e+00 4.855984005819323102e+00
-1.374800332997430985e+00 -2.016312519831968686e+00 1.026883899090759478e+01
-1.064238104157442910e+00 -1.412228218196164009e-01 5.486904958535673948e+00
-1.066439179161640993e+00 -1.075315373995667567e+00 4.161353340786024368e+00
-9.275386021644718149e-01 8.072168527183885833e-02 2.178235770144596017e+00
-1.602613846017864052e+00 -6.997998716753621451e-02 3.852442636557132705e+00
-2.450717578832953603e+00 -9.009644844644598694e-01 4.788215058761821297e+00
-1.568930964698745933e+00 5.596243237838955872e-03 1.859283708304763527e+00
-2.017366345574374442e+00 -6.816935141790740268e-04 3.042576269166731961e+00
-2.841714352039638847e+00 -5.801056886578983551e-01 3.389617012359543935e+00
-2.429558996797125836e+00 6.701514262615110643e-03 2.575953519326358965e+00
-3.544731929270683590e+00 -4.435045991960249179e-01 3.537005653930579196e+00
-3.503631632502768767e+00 -5.228623906291981482e-01 3.371608065705261392e+00
-1.049683459724068735e+00 3.050900564586832009e-01 1.611109368714258805e+00
-1.165870630097501248e+00 2.951702034061695068e-01 1.458888562930826360e+00
-2.217510290308250642e+00 -1.872766853467845716e-02 2.545747478179041234e+00
-2.073931614945527357e+00 4.525566085966923474e-02 2.396856440339970806e+00
-1.060316465785950957e+00 1.961528228773544158e-01 1.670172161693674440e+00
-1.556894002611553418e+00 -6.469010754007421538e-01 2.247276851978022183e+00
-1.817516097626651561e+00 1.414810604276306102e-02 3.474595469412519400e+00
-1.084227877895302283e+00 2.408282723757514399e-01 1.924955603223129419e+00
-1.731777269442879685e+00 -6.419113496478817682e-01 4.052870206801021169e+00
-8.164819136725849358e-01 3.183521264852431920e-01 2.837428666392785903e+00
-4.918585363945113809e-01 1.401247836283364134e-01 2.837549367393386035e+00
-3.783584230645512525e-01 -5.439745744984283427e-01 2.380366457069171382e+00
-5.379760775848624332e-01 -4.951473840438628815e-01 2.184494217289090656e+00
-3.879292559266374618e-01 -1.068163311638055668e-01 2.373849703891569796e+00
-8.134562873527722004e-01 -5.592968017338934006e-01 2.424550830710402227e+00
-8.856494487447077457e-01 1.783367884974194073e-01 2.079781825445879750e+00
-8.992676076971073407e-01 2.900559237209701102e-01 1.955252934235582218e+00
-1.149142410843288609e+00 -5.828894090286067947e-03 1.493220910718727534e+00
-1.265743891104240681e+00 -2.031873258404160165e-01 1.490165235773761143e+00
-1.380058211663367063e+00 -5.905837310610023705e-02 1.464379240681964012e+00
-1.284239326132336378e+00 -7.235952955476969428e-02 1.414154763851741325e+00
-1.312837329210078785e+00 2.327506386678644124e-01 1.540858595211142212e+00
-1.071228182407587326e+00 3.195056463415956727e-01 1.152253934458114859e+00
-1.896920422366974224e+00 -3.756793924325995127e-01 1.592339032207029881e+00
-1.880475315282826410e+00 3.823857969883429596e-03 2.053419498704052604e+00
-1.758128722859148230e+00 -3.568576910113159806e-01 3.082176336692959318e+00
-1.904029228024380682e+00 -2.641493026341397710e-01 2.688378022873368245e+00
-8.643200166129564321e-01 2.354151877826710648e-01 2.404275270100905804e+00
-1.697982898723749079e+00 -1.716079331177852163e-01 3.033673715827826189e+00
-7.280860567697960972e-01 -5.165767433666383912e-01 2.618023650954941051e+00
-1.036427838478343411e+00 -1.960437372904088871e-01 1.711891549853200356e+00
-5.349252915879821879e-01 1.242182989677607582e-02 2.361988581032200774e+00
-7.440178932220536945e-01 -6.264930285422112277e-01 3.799063833236748344e+00
-7.568790977454088464e-01 -3.152004696281857088e-01 2.102215852427128606e+00
-1.021755254545522407e+00 -4.367309339286144093e-02 2.741320094826176668e+00
-9.694716016748066156e-01 -8.091886973049742734e-03 1.678440296755311811e+00
-1.223965035289833470e+00 -6.162957589722115603e-01 2.318377894236362646e+00
-1.766401170035841073e+00 -1.063157288838673331e+00 2.958585155886050089e+00
-8.782568898831558668e-01 8.358436139962549527e-02 2.066800695995952175e+00
-1.843012869714741653e+00 -2.559938566566481444e-01 2.355369281761509281e+00
-2.068800339756684981e+00 -9.780600725290368169e-01 3.052927610050361729e+00
-1.315850826009053121e+00 -2.810778222524975001e-01 1.294952872920658526e+00
-2.071215832214081232e+00 -1.839720725577608518e-01 2.182745444367827137e+00
-2.154437830252490915e+00 -5.014566926829382432e-01 2.584791279267565134e+00
-1.228181246203927435e+00 -1.405563497561596042e-01 1.411625071864730963e+00
-2.556826585067433655e+00 -6.177228013414459706e-01 2.972053745641532796e+00
-1.377753077132159554e+00 -4.673210072887438726e-01 1.461760899285013515e+00
-2.499028835985864561e+00 -1.216867278312019351e+00 3.307418595848619081e+00
-1.265021884654999651e+00 -3.820476335082127473e-01 1.526559264087258949e+00
-8.316489192591746127e-01 -1.254717384814045544e-02 2.625528930514378079e+00
-8.460349966098892338e-01 1.162634468003546084e-01 2.053430085103099767e+00
-1.595454693300673910e+00 -1.004102131975072698e+00 3.505510109859788059e+00
-7.455874919822971236e-01 -1.012628340030636176e+00 2.883090475220270399e+00
-5.104522147730569115e-01 -1.806160445606626030e-01 2.975753172601226293e+00
-7.680638387158899016e-01 -1.450497884209598576e+00 3.872580831158857428e+00
-1.968803174635105901e-01 -3.276025850537027106e-01 2.676025189928031622e+00
-5.492938052375185842e-01 -2.001315827815963455e-01 2.828928418414143220e+00
-8.057633225642369945e-01 -5.064198018937745571e-01 2.044342230865747734e+00
-8.044410712390740459e-01 -7.847191091093110860e-01 2.144676880584949874e+00
-1.240042651527623052e+00 -4.555720511915448134e-01 2.783986557899383651e+00
-1.459521366716963753e+00 -6.291202113002430929e-01 2.992278867110984564e+00
-1.598977804718944240e+00 -2.850728155805906106e-01 2.239901113471833405e+00
-1.545461489131782162e+00 -3.468107613509474052e-01 2.484219346762277070e+00
-1.673214403674744499e+00 -2.595828671420337130e-01 1.991332409532154957e+00
-1.199143159409779447e+00 -2.991640284368691227e-01 1.463167853871719437e+00
-1.227890678794032686e+00 -1.768089779912557780e-01 1.395693322143280568e+00
-1.667037136361508409e+00 -8.192628472444838383e-01 1.660125586460663660e+00
-1.469001293313566991e+00 -5.753036611408973711e-01 1.504508455558525304e+00
-1.309543624646668070e+00 -2.339516823408435975e-01 1.391667230615260875e+00
-2.297546178883055124e+00 -8.670249234985649700e-01 2.984871099289666763e+00
-9.727753623696678842e-01 -3.742290766057185247e-01 1.834663150018553734e+00
-1.965838882034592450e+00 -1.061563589658152784e+00 3.138439691691737199e+00
-1.195117963168581099e+00 -7.943320556293101964e-01 2.080341253744523833e+00
-1.250002369037385375e+00 -3.492575992465585810e-01 2.495041210920328378e+00
-8.574025793248808425e-01 -6.111934468966382372e-01 1.922986170951078488e+00
-7.533547433830111162e-01 -5.052832584020751083e-01 2.133146524670775257e+00
-6.701579122135908895e-01 -8.067183932821383463e-01 2.564619359676347798e+00
-4.520842243731418852e-01 -6.836735373945590499e-01 3.665686621488957186e+00
-6.235160130033710058e-01 -3.049447360780536131e-01 3.106188130191863461e+00
-1.133884881499204605e-01 -3.033000982811755453e-01 2.551473307098577337e+00
-7.927260080375969631e-01 -4.730818001168095310e-02 2.592677759523420722e+00
-8.739544245094982289e-01 -1.717724674287095799e-01 2.691117029713723685e+00
-1.754150788361524826e+00 -1.001577375972151795e+00 3.257669914860382487e+00
-1.313537930600633619e+00 -4.359617067326650997e-01 1.457897678867447144e+00
-1.621450641130813830e+00 -9.535919585276152466e-01 1.898064533491317318e+00
-2.208779873436363062e+00 -5.770017400882361258e-01 2.484419603691156109e+00
-1.292180778925592577e+00 -6.667962510268206529e-03 1.487850287680134942e+00
-1.785691857402318616e+00 -1.107228692242426371e+00 1.937306512057732633e+00
-1.448094635990941903e+00 -5.930188232885341693e-01 1.535009842615815190e+00
-1.174720043310859108e+00 8.155840328072026801e-02 1.681711667440398017e+00
-1.880064908527968370e+00 -3.531591845266754404e-01 2.195606537807475167e+00
-9.807240568043256168e-01 -6.788190818128888582e-01 1.999349672472843897e+00
-1.165211946533338372e+00 -6.621888010419714199e-01 2.980150192879223336e+00
-1.141554765899266854e+00 -4.027445724999467735e-01 2.710894074637494988e+00
-9.597922031046466351e-01 -6.238492986441004362e-01 2.988810320935793463e+00
-8.262917475798197131e-01 -4.205811959805610400e-01 2.961215386567820129e+00
-6.718252956836942014e-01 -1.054522419211185058e+00 4.638479495059841362e+00
-2.882842842818004181e-01 -6.144850508362948993e-01 2.945450293450656787e+00
-1.255264791413330250e-01 -6.763612805508133485e-01 2.481448178318965248e+00
-7.477323914533150484e-01 -2.104487615166634740e+00 3.687201052962745251e+00
-8.402717867412546893e-01 -2.091847744720262359e+00 3.733935920028428779e+00
-1.025907291876109850e+00 -7.526264094662936666e-01 2.796348085655260718e+00
-9.942350160962546424e-01 -5.297493658323683130e-01 2.490306852780046487e+00
-1.020002195435562919e+00 -2.390631734199765712e-01 1.636380773537039257e+00
-1.141626728367310495e+00 -2.633158713752829505e-01 1.519355141327155323e+00
-2.059435559181427511e+00 -8.706832266488424565e-01 2.850602160839560639e+00
-1.516483598751295903e+00 -8.838062612500492410e-01 1.837526865668049458e+00
-1.875911155501293504e+00 -1.433077484476877883e+00 2.279534377744125706e+00
-1.159783098663295098e+00 -2.877982689282145290e-01 1.252524866079662402e+00
-2.491027679487993751e+00 -1.330755243453890291e+00 2.558988930234828985e+00
-2.243813679015234541e+00 -8.259326708297123343e-01 2.179261859210356089e+00
-3.127780964749424797e+00 -2.152014760965694773e+00 3.446850757278701938e+00
-1.478515305505910593e+00 -5.093647234973545102e-01 1.484368833706849911e+00
-1.847738314525592118e+00 -1.590604743201537774e+00 2.442295609745691376e+00
-1.633830335896796271e+00 -1.055916944728337858e+00 1.961679630455812173e+00
-2.322538510362901487e+00 -1.732834964973969161e+00 3.297446972912021490e+00
-1.060422749598558756e+00 -2.482021602618245393e-01 1.613285997650600878e+00
-1.181693024420728877e+00 -6.020877385210342547e-01 2.461820913016032009e+00
-1.008020021395672483e+00 -8.376973190102995348e-01 2.754396276797793863e+00
-4.601349097665219934e-01 -1.379687148485846615e+00 2.904953116177903194e+00
-5.988899181499857116e-01 -1.764658138594658032e+00 3.224587133914671888e+00
-7.322289919236694145e-01 -5.664387602067261218e-01 2.585559611817558334e+00
-6.919982973501547230e-01 -5.676299514953094816e-01 2.636112048478741254e+00
-9.896041322939767015e-01 -1.872131840365738875e-01 1.595463330720732875e+00
-8.171606858268444240e-01 -9.301963860617801227e-02 2.216560427585567705e+00
-9.890124191807118104e-01 -1.328463157347140565e-02 2.168276050305276037e+00
-9.361805787135134560e-01 1.900347039970085306e-01 1.924870686756775306e+00
-1.352060231416515990e+00 -1.660552549937221178e-01 1.613588342490713146e+00
-1.786965669021948200e+00 -1.072507796659921242e+00 2.130354335675485267e+00
-1.815876157504847432e+00 -9.784097240754550118e-01 1.753811691941667084e+00
-1.690500573329367873e+00 -8.892919286764462417e-01 1.702752273214523493e+00
-3.580278796909714956e+00 -1.581377189452139120e+00 4.074386335561587913e+00
-1.817789828516002126e+00 -7.947192315180968691e-01 2.604855009101487706e+00
-1.595571625369127666e+00 -1.341603376330390507e+00 2.950627347771358711e+00
-1.208451510080715607e+00 -9.097913091438624145e-01 2.144299031916558906e+00
-8.747193830121953173e-01 -4.015888532745481299e-01 1.982307820692938538e+00
-7.543134287141194383e-01 -6.961136269347626415e-01 3.018947823569813504e+00
-8.298685183086661477e-01 -6.309663722976111000e-01 2.354092087279585854e+00
-1.925668119133984724e-01 -6.872715795659017912e-01 2.747689072338213467e+00
-6.940159747541687629e-01 -5.840685571814904220e-01 3.280530747367139899e+00
-1.010303220566333371e+00 -2.297202748412222606e-01 2.730360285882661220e+00
-8.748549593637292565e-01 4.850944782884163142e-02 1.988459137600542270e+00
-1.503726069404870636e+00 -1.383155065510023096e+00 3.397704293411316190e+00
-1.842175819488183430e+00 -1.336601985378430779e+00 4.379325481181630231e+00
-1.281972112079765136e+00 -4.871924570471485305e-01 1.198292775441152536e+00
-9.435431331725356863e-01 -4.832398878386565677e-01 8.695658314919364473e-01
-2.305584011841950165e+00 -1.266755565927531135e+00 3.513955884127330176e+00
-1.992350336181382575e+00 -6.567243825324207140e-01 1.783152871185103683e+00
-1.802080923130374490e+00 -7.564586717137172789e-01 1.678679657476767284e+00
-1.884957720012346405e+00 -1.085890826651382923e+00 2.153095498390598550e+00
-2.524479133042810464e+00 -3.293483510104787126e-01 2.565875965376622769e+00
-1.414719678035884165e+00 -1.284110658553458129e-01 1.930350836410618331e+00
-2.652597249791905476e+00 -1.486555053597703679e+00 4.315929427508240046e+00
-1.345918775859151983e+00 -3.973818136080297693e-03 2.445470245167666867e+00
-1.482678898806739864e+00 -1.473049418017398915e-01 2.711508993830982206e+00
-2.094850550667028077e+00 -3.050302409767128853e-01 2.770334948695966748e+00
-1.566769764360836703e+00 -8.563725620285101980e-01 2.573968431272098734e+00
-9.095565047420016702e-01 -2.731360278222316664e-03 2.534670922473479582e+00
-9.937970015877428676e-01 -9.225549368521047955e-02 2.629827444431233729e+00
-9.336342750454872386e-01 -1.787073414784250414e+00 4.346132876622143648e+00
-3.858806969196684200e-01 -4.645936932022898258e-01 2.369666063721430405e+00
-1.149125847249094168e+00 -3.350171875138099775e+00 8.427731075708264186e+00
-2.071340712171003684e-01 -5.868126461244260739e-01 2.692971553663787265e+00
-4.435939179377544894e-01 -1.884569968334150358e+00 7.180482859244843752e+00
-5.949000787983949046e-01 -3.544098734836086811e-02 3.567205205156537495e+00
-1.143651127953658753e+00 -1.619218305283377735e+00 6.622454615824471702e+00
-1.641671244295814125e+00 -5.090963267040687912e-01 4.258453459507281380e+00
-1.614316939567331133e+00 -2.153947942601639909e+00 5.287068247477264116e+00
-1.873860503922429199e+00 -1.419693145020099800e+00 5.190156529810826314e+00
-1.074174762435935460e+00 -2.554349135358928158e-01 2.263116074843644743e+00
-1.583332840046450585e+00 -1.069742553432589505e+00 2.920826281762917365e+00
-1.577881570069178840e+00 -4.010269377754333009e-01 2.460244890678526808e+00
-2.157040992430286686e+00 -3.655535003455274712e-01 2.815506468812120300e+00
-2.564897753252548540e+00 -3.644626427868863372e-01 2.773951587436186195e+00
-4.868179927821675967e+00 -5.908492317015856532e-01 3.414832134553814846e+00
-3.859523193110159678e+00 -1.456816051400311007e+00 4.246035679244656080e+00
-4.903467795606761825e+00 -2.698694326169883251e+00 5.892899049660674571e+00
-2.637490482922622004e+00 -1.818024337468277407e+00 3.310770618382921526e+00
-3.572241019069845702e+00 -2.002829136879457739e+00 4.124194621918867654e+00
-1.754591170993383287e+01 -1.000531151580621980e+01 1.849713124470195424e+01
-4.066955519405318853e+00 -1.371681734287079069e+00 4.252421460076591053e+00
-9.398097907467040102e+00 -6.339545634409453179e+00 8.606354480443878074e+00
-1.794026113784423870e+01 -2.284668799099473091e+01 3.090107937783128733e+01
-2.097684935595632183e+00 -1.647362815793159685e+00 2.841037786737937942e+00
-2.223501367047027610e+00 -2.006242279864282718e+00 3.660419288189631359e+00
-1.841928991969153939e+00 -1.507836819926389182e+00 4.824281621370739792e+00
-2.759127294475488767e+00 -2.375613983043548316e+00 6.804933276640641182e+00
2.138296859440231756e+01 6.484332109153022827e+01 -9.586573674430754011e+01
-3.085216163622870322e+00 -4.457392731624705284e+00 1.168351765093196803e+01
-6.997655510868367124e+00 -2.797302341906423706e+01 4.492088752192669432e+01
8.203712063210182315e-01 -4.503881353896482587e+00 1.051072663990525413e+01
1.572815905265411374e+00 -7.132982320851747104e+00 1.137172827636797656e+01
-1.895667485926559870e+00 -1.382192319885178122e+01 2.814841929572665435e+01
-7.317708781802657603e-01 -1.998746142742658272e+00 3.247327760548400555e+00
-8.976976938866362277e-01 -2.686520697325863072e+00 3.726478726181967627e+00
-2.340155649135405636e+00 -7.658250972551114977e+00 1.289548660050987472e+01
-1.120046154050709619e+00 -1.265183392257125838e+00 3.588338750385487330e+00
3.291269368517778275e+02 7.016076696552454450e+02 -8.292720997913921792e+02
-4.089026071200053458e+00 -2.749981134141305628e+00 4.691146464861957632e+00
-3.721809834584185683e+00 -4.753198213982281928e+00 6.321011452240379747e+00
-1.792234099240063605e+00 -3.050186351645297833e+00 4.025459509918360546e+00
-9.733190642387493652e-01 -1.180938377855911714e+00 3.018150586056541407e+00
-2.806085917436690558e+00 -3.430539107006099098e+00 5.220120449491965964e+00
-1.105179712852495832e+00 -7.749365769950196103e-01 9.808050719856985511e-01
-2.260604558454967883e+00 -2.105941700747526291e+00 2.618366387869981882e+00
-2.146219663658954335e+00 -1.736821621186428688e+00 2.747451164708337501e+00
-3.394277039650327232e+00 -2.169345006942457132e+00 3.105058299696418889e+00
-3.861830273488269238e+00 -3.305012988819212794e+00 4.337127042131157850e+00
-4.873180998344812664e+00 -3.899141739790074723e+00 5.085566200455992281e+00
-3.527111445587172156e+00 -2.916851759874981909e+00 3.958725891628797289e+00
-2.169784778595280628e+00 -1.785665806571775649e+00 2.155677395635249294e+00
-4.897438092370203222e+00 -4.475544501330783298e+00 5.078707508191008912e+00
-4.174472678467752829e+00 -3.962075970184181894e+00 4.658287961886131257e+00
-3.913017794371413949e+00 -6.029150977395930866e+00 6.442610202050160773e+00
-1.788044372945069238e+00 -2.169062477191092242e+00 2.675524927689896693e+00
-2.641339310798078266e+00 -5.516736920424540003e+00 6.080299163149356367e+00
-2.303259087777672853e+00 -3.016499821909465417e+00 4.391611323881733142e+00
-3.107492202151135974e+00 -6.686180434609712897e+00 8.887353949795908648e+00
3.733443538012578555e-01 2.785309404891670670e+00 -1.269918919034703109e+00
-4.901182361985372826e-01 -8.015327739336351343e+00 8.861072529947572107e+00
-5.093552688787696958e-01 -4.084298388908304211e+00 5.078906356571421199e+00
-1.385863581614770190e-01 -1.620579240199761406e+00 2.860715096854860917e+00
-1.227324014930262219e+00 -2.945073202426628178e+00 3.826329186108189173e+00
-3.421316824940232038e-01 -9.730807486259469563e-01 2.726058736734847887e+00
-1.467705713877042184e+00 -4.296772022029011318e+00 5.424163286857255351e+00
-4.299698223400406083e-01 -1.129455594447825728e+00 2.561868254329166206e+00
2.138926024262731929e+00 5.291180197904421512e+00 -3.356589480814372806e+00
-1.727072784391900928e+00 -9.243175305207279591e-01 2.229285244858680404e+00
-1.385965594506526122e+00 -6.423207788978442245e-01 1.508038812086989644e+00
-2.668229302237870471e+00 -2.546323523489891993e+00 4.215428585663793193e+00
-1.746275966559869053e+00 -1.001767656517505323e+00 2.579846778361805537e+00
-1.450957315417343629e+00 -5.425476836988988305e-01 1.466803635407281536e+00
-1.921330965899283427e+00 -1.201056755754535743e+00 1.938399312793088303e+00
-2.133352592284762927e+00 -9.123847848635184832e-01 2.440393376751859744e+00
-2.483884784694420311e+00 -2.404400311146677627e+00 3.412846231304378808e+00
-8.058999560430791798e-01 -5.622308870183779783e-01 7.268766823024941370e-01
-1.472686057884688760e+00 -1.826505120243987923e+00 2.377943285915234295e+00
-1.462642718428719180e+00 -1.688266481473629010e+00 2.360032809453356695e+00
-8.861396254459252830e-01 -5.537351001639865267e-01 2.207428851188792507e+00
-1.489522086895602060e+00 -3.418970361425329951e+00 4.528791324195756474e+00
-1.175034942156292450e+00 -2.961314243708936811e+00 5.039447014657151946e+00
-2.895331353200491509e-01 -2.861199804940355751e+00 4.558821722152917921e+00
-4.030651590158980113e-01 -2.483176762773671165e+00 3.954466498870433444e+00
-2.908949744660828118e-01 -6.691736549894752306e-01 3.011401960596001182e+00
-1.082167015458147530e+00 -2.984698092258248003e+00 6.096708430244770049e+00
-1.067167370194685105e+00 -2.378581596733349457e+00 6.642970118354663001e+00
-1.847711544950537688e+00 -3.003846923505377298e+00 4.632216741520082337e+00
-1.127918241205980943e+00 -1.300552589505284962e+00 2.529911318310765989e+00
-2.070684652969327466e+00 -1.705525388711165213e+00 3.026642459529953477e+00
-1.934382173229270974e+00 -1.520237374107546335e+00 2.480822568849543774e+00
-3.619835746560139178e+00 -4.517855276601744130e+00 6.768202124074900183e+00
-2.175623117149057428e+00 -1.571431073486534213e+00 2.491689850630648184e+00
-2.316722732111465177e+00 -1.811825792807777447e+00 2.661928696123102789e+00
-1.997586511334447756e+00 -1.345288614364717805e+00 2.475157014062323579e+00
-2.778432259679815441e+00 -1.217672102080763930e+00 3.511967438169117717e+00
-6.093304239509159892e+00 -2.930436914414813909e+00 5.877633859407716876e+00
-1.171381482355028680e+01 -8.335641837805557230e+00 1.298848113583740727e+01
-2.416706402435192302e+00 -6.894751711529395477e-01 2.632334975318963544e+00
-5.109137429013346221e+00 -3.904377548993804403e+00 8.967603509798925288e+00
-8.631068236610992983e+00 -7.402073828481380957e+00 1.330967972316735626e+01
-4.007464827309654254e+00 -5.545856552648333881e+00 1.054114891338592663e+01
-1.867331278983815901e+00 -3.187885391992870243e+00 5.371211336598390673e+00
-2.719884006825998846e+00 -4.666043008132779946e+00 6.825877009384274885e+00
-3.731502366253963920e+00 -8.873331482509614787e+00 1.731021455571867662e+01
-1.248686081402549108e+00 -8.349359482737196414e-01 3.894561047453058755e+00
1.353769953338892218e-01 -1.681610427021615894e+00 3.852443440542833830e+00
1.525787452041146297e-01 -1.448806790426494073e+00 4.020819401720442166e+00
-1.036943763659239792e+00 -5.969249719388421971e-01 4.656510384800106372e+00
-6.525191698404513296e-01 -3.845273598192909592e+00 1.008264575367013727e+01
-6.665602489511457396e-01 -3.309708774255335939e+00 5.314838796113615871e+00
-5.545191090845717596e+00 -9.585189282777504260e+00 2.588023159660597017e+01
-1.470759781363907592e+01 -9.735763333899190286e+01 2.160189245606978261e+02
-1.637392732192426648e+00 -1.360001776377237981e+01 2.716519051693498810e+01
-1.080021072146900352e+01 -5.054115461648631680e+01 9.864910598734259395e+01
-3.345582011792427313e+00 -1.112469831328278502e+01 2.814053184740592428e+01
-8.722782062891420995e-01 -7.909055635880684054e-01 4.320429693579063368e+00
-2.462552554291661977e+00 -2.746302241498518093e+00 9.960097540250103521e+00
-1.294339514111978895e+00 -6.340187979365486948e-01 2.919093930559906180e+00
-2.165069792113625713e+00 -1.027470990120238126e+00 5.225772545147884252e+00
-2.083732651560635141e+00 -8.738931680587241901e-01 4.540249105251910500e+00
-1.824062832172820947e+00 -1.570188707062720179e-01 2.840161191764327242e+00
-1.498535301982421908e+00 -1.036278870911221950e-01 1.761615525271431171e+00
