-2.885380595468856613e-01 -1.989361107235105841e+00 2.052373069205546852e+00
5.065901005020969489e-02 -1.246202925231680192e+00 1.692703569407155495e+00
-7.411237682376087266e-01 -2.369647504442966568e+00 2.716165104961461463e+00
-6.343520590375432144e-01 -1.748803821989356688e+00 1.940402908980520147e+00
-7.128659561169333747e-01 -1.650491735745860167e+00 1.862417139513318887e+00
-8.154776790821128829e-01 -1.615232532961342393e+00 2.482590292626951189e+00
-8.087479376474926429e-01 -9.604196626596657183e-01 1.323264323505334072e+00
-6.948063122990161267e-01 -1.040598269060206471e+00 9.639587628111042639e-01
-1.763148092986746907e+00 -1.431424430661486946e+00 2.498896138783709198e+00
-1.564182125897715325e+00 -1.319277895121039768e+00 2.146985142425516191e+00
-1.189847768980957232e+00 -1.266208610289126346e+00 1.538163212485203157e+00
-1.162017886586063087e+00 -1.287967804791338544e+00 1.601577339153995805e+00
-1.113110035798759334e+00 -1.323433833032945151e+00 1.495931914424034614e+00
-2.009057901765847198e+00 -1.644164764845615689e+00 2.871691279153021803e+00
-9.684201041786687503e-01 -1.340002333460390993e+00 1.619760517161114022e+00
-3.838379201849534406e-01 -1.281052125399895880e+00 1.388204758877267686e+00
-3.000933327558865660e-01 -1.260628888339437870e+00 1.579477384100070436e+00
-1.556436929632414312e+00 -2.453932339008836117e+00 3.723219069861607000e+00
-1.403208002067704463e+00 -1.732122253387022637e+00 3.011989558124353650e+00
-8.818465542551355840e-01 -8.475586189401360659e-01 1.218673000535584139e+00
-2.494308099854923633e+00 -1.919075465975302652e+00 3.583467667136955637e+00
-4.067925491258874260e+00 -2.775451876819458708e+00 5.057756530062829547e+00
-5.840966816231765030e-02 -7.908568306704398809e-01 1.924658345010287971e-02
-3.578734792897018568e+00 -2.518222619279591790e+00 4.044889212962802461e+00
-1.948114379843515653e+00 -1.747497803063895239e+00 3.050104157704268015e+00
-1.032750319107440085e+00 -7.194580672615015215e-01 1.436788824227427375e+00
-3.978918511654729429e+00 -1.990596932673302621e+00 4.917975086177728272e+00
-1.875716151190642611e+00 -1.417180032403300594e+00 3.634189909349758718e+00
-2.276629700011035151e+00 -1.064618708157855531e+00 4.843694458777622280e+00
-3.327688741528236349e+00 -9.696979195849284583e-01 6.207597014374329980e+00
-9.798064252791099937e-01 -8.674776930436998157e-01 1.714643287205926736e+00
-3.122708679882610028e+00 -5.225618031612022651e-01 6.339988411923484612e+00
-2.096735629433080561e+00 -9.676760402583497456e-01 6.536071707067408809e+00
-1.469844861934174407e+00 -7.334728419066747218e-01 5.349682783419980048e+00
-1.891042096691219143e+00 -1.225158551210813629e+00 8.579708224236460623e+00
-2.764063314583247166e+00 -6.465323424415389653e+00 2.046080579205480632e+01
-7.752534031016088401e-01 -3.458055126399278922e+00 8.755996550269141920e+00
3.027470280152737558e-01 -1.319570354319752559e+00 5.338032101800699536e+00
3.972655196611016293e-01 -1.375362886387923478e+00 5.731812783943437850e+00
6.709985186888511866e-01 -1.250585321505082392e+00 2.520386052626014894e+00
3.953180430455808803e-01 -1.621882958691870602e+00 2.388714032455572234e+00
3.851916566372929562e+00 -4.499350770428725355e+01 1.104368154773845845e+02
5.459981215322886605e-01 6.455060701031277937e+00 -1.967422447245718331e+01
1.040035260968551700e+00 2.288033815928597559e+00 -8.724419125588033452e+00
1.830165749951885967e+00 2.148835184672664766e+00 -6.253467572279429731e+00
-2.864243148476306899e+00 -2.988447584623187492e+00 1.413308246537809332e+01
-1.754637455826492998e+00 -1.225780641921383030e+00 4.310243374861828514e+00
-1.858509001248844994e+00 -1.251381599528616828e+00 4.104423705734110861e+00
3.599368114445134097e+02 1.973430617139380558e+02 -4.736888123696889465e+02
4.664478113566281614e+00 1.593978649437049588e+00 -6.442685585851185337e+00
2.904568998996501961e+01 7.953904461969911743e+00 -3.909785459640439598e+01
-8.486311895746270650e+00 -2.624847525428953166e+00 1.287538522588182488e+01
-5.821917002659753315e+00 -2.324941298396846268e+00 1.128913192585274494e+01
-1.247342272104809524e+00 -1.789665421400947976e+00 3.187785759260742147e+00
3.726325653929302817e+00 2.421178706414354398e+00 -9.388481440901648156e+00
-1.010755872083636042e+00 -1.587343556295947700e+00 2.844212794434969549e+00
-6.555066206212119440e+00 -1.247817801909297408e+01 2.520300967942970516e+01
1.578230305450794291e-01 -1.204753227648606373e+00 2.402486708700876328e+00
-9.026294431514148009e-01 -3.160569845267398037e+00 9.328710468317368054e+00
4.343194638734454993e-01 -1.210058853259246892e+00 2.037806895286816466e+00
2.047564268657721120e-01 -1.047092731927688813e+00 1.685111255953519516e+00
-2.829373135284922736e-01 -1.170500480494448325e+00 4.439097662676091183e+00
-9.368609094944659876e-01 -1.559973422488246886e+00 5.933031684160230412e+00
-2.231808219033614815e+00 -2.285094972112025502e+00 7.647917515569390368e+00
-3.428828877800613295e+00 -2.072458506949233392e+00 7.420695479087216384e+00
-1.091139308423541898e+00 -9.036633733330122764e-01 1.597894561952775350e+00
-2.933033869044118447e+00 -9.025912847843645670e-01 4.984992155057850205e+00
-1.065266953735174660e+00 -7.818652548255046186e-01 2.718848114045874009e+00
-9.275203215543414981e-01 -8.502885960610373495e-01 2.241234314241160153e+00
-2.014322492126290776e+00 -1.702731626236916540e+00 5.142817900472048898e+00
-2.259786139506613500e-01 -6.277733903943967242e-01 2.841774763064564446e+00
-2.007716662262611640e-01 -7.196725110273491932e-01 2.090131585253478974e+00
-4.405512362220343481e-01 -8.924696100376150465e-01 1.882088456040205360e+00
-1.531882206816309877e-01 -1.690334943492846298e+00 6.171604491984923335e+00
1.857926912611532755e-01 -9.942614538650682565e-01 3.602175555139442320e+00
4.109462675400707421e-01 -9.850815510972608102e-01 1.748648620024619849e+00
2.258708477867780728e-01 -1.278690623632639856e+00 1.591415100454223408e+00
-1.814898033849613457e-01 -1.559365257889394396e+00 1.802690457787703426e+00
-1.623722434968112582e-01 -1.237769615215755126e+00 1.647017075286874910e+00
-4.533861350075147900e-01 -8.267416967737020173e-01 1.931809695273856819e+00
-1.123415194845446941e+00 -1.817776775649015297e+00 4.167752367887577414e+00
-8.956812268725102832e-01 -9.562522265057559201e-01 3.286888944047144712e+00
-2.345932259351604376e-01 -6.674882090699388870e-01 3.079543949447063333e-01
-1.336113453107138138e+00 -8.348929487666869598e-01 2.858267197392676096e+00
-1.386644166195962091e+00 -1.198401996960917204e+00 2.371908307691611650e+00
-3.367268572636862967e+00 -1.573036446763852236e+00 4.431793799331002148e+00
-1.081054969043042435e+00 -6.185179106598410748e-01 1.752336866892875600e+00
-3.309835734543886687e+00 -3.659359321248084052e-01 3.003605393120993394e+00
-4.939525732130959135e+00 -1.564204215237636753e+00 8.898595234462526093e+00
-1.408578334092431161e+00 -1.206636354640815645e+00 2.838898636411532284e+00
-9.462738153112756345e-01 -1.116874471392073076e+00 2.217463724141186532e+00
-8.753881387028364935e-01 -1.022388989778365564e+00 2.004783938103689156e+00
-3.032118841247642416e-01 -7.583769402328012221e-01 2.453610791183963968e+00
-1.234785472194306101e-02 -8.868471591955646716e-01 2.406249572393770464e+00
6.710001555952081753e-02 -8.401364165028126774e-01 2.824832515081840967e+00
4.491153958040653427e-01 -9.448136574212704364e-01 1.686987099743648910e+00
5.140060052551309600e-01 -9.206295699680921985e-01 2.286841578603279856e+00
1.910960135377949953e+00 -2.718217412929010202e+00 7.230479338570873438e+00
1.342550458488680709e+00 -1.916471394063086864e+00 4.144635978486122418e+00
1.277274640954273455e-01 -1.893420575819426688e+00 2.575471380957197187e+00
-3.586835001344410023e-02 -1.034787320217560769e+01 3.298381050857889107e+01
-1.029384708158209483e+00 -1.798561418114456689e+00 3.656900224572719349e+00
-1.173398606716684833e+00 -1.156142414907675775e+00 2.608109896233274050e+00
-1.403706043238938106e+00 -1.066524442048690346e+00 5.673791965263670356e+00
-3.266329605884933596e+00 -1.405391864837754579e+00 9.341740370660973625e+00
-7.899829837145485811e+00 -1.725978528058581318e+00 1.469886018477329159e+01
-3.991299934236561153e+00 -7.097195317890228061e-01 6.682495991021101034e+00
-5.206284214403389399e+00 -9.194636614799081564e-02 4.385373232454889525e+00
-1.522878839261279538e+00 -1.033538246332089683e+00 2.266628526049629055e+00
1.439195991291984683e+03 7.010330718808562551e+02 -2.521911234436126506e+03
-3.976996344789278215e+00 -1.430800911564757305e+00 9.855779777388955054e+00
-1.679980824203166412e+00 -9.285854333044935016e-01 5.872616212310731498e+00
-2.646819881181241008e-01 -9.279044048108675558e-01 3.311339302660176287e+00
-2.055204725727630966e-01 -1.122561567893531898e+00 3.239008193433877469e+00
-5.179816380408582832e-01 -9.175033862802460805e-01 2.805847499597329708e+00
1.996879665366664558e-02 -1.211406760215200773e+00 1.868127329191160424e+00
-1.965427698094445730e-01 -1.133671270488686211e+00 3.043446525307631934e+00
-4.033483243276798635e-01 -1.100665331039348604e+00 2.939810070221416716e+00
-4.406192454514284984e-01 -1.979740819786296901e+00 3.307176678324751595e+00
-9.352920718840442849e-01 -2.020703690148212495e+00 8.012838200644418762e+00
-1.479045144799169487e+00 -1.149754963270876784e+00 4.868624688196358186e+00
-2.192287429324381309e-01 -7.144294921068008453e-01 2.187391900556775237e+00
-2.520473192066912116e-01 -1.621960001683833141e+00 5.732952599407097338e+00
2.759925162966854195e-01 -8.681251405866339255e-01 2.729119928452070187e+00
3.355998807728683420e-01 -1.742873054415038814e+00 4.632522085745642393e+00
3.656467181067079575e-01 -1.028268540226263239e+00 1.484792246154725603e+00
3.055758554702550089e-01 -1.341331192760734758e+00 1.683206399134455467e+00
-4.138297388038155722e-01 -3.647674505994695782e+00 5.646532522396283227e+00
-5.710410087450840111e-01 -3.241818667163718359e+00 5.011716858414605014e+00
-1.856697693284104500e-01 -1.789794089350216888e+00 2.339778198571100809e+00
-6.784359778522716766e+00 -1.271622572629845038e+01 2.590106794709299010e+01
-1.057854550104693869e+00 -1.417438585065437850e+00 1.937025967252804071e+00
-1.729075798961814625e+00 -2.762476037482857638e+00 3.289488986043731078e+00
-5.744643685852667048e+00 -3.627049179199637763e+00 9.928459397115165785e+00
-1.220074279546778273e+00 -1.035406064924881964e+00 2.050152376605822280e+00
-1.985526972420543546e+00 -1.186974374764090401e+00 2.017576538334423741e+00
-6.353043047205993332e+00 -4.608290611981039397e+00 1.026399107305582881e+01
-1.200855585200494033e+02 -4.909715594974807118e+01 1.458409712889265393e+02
-1.746089992167646265e+00 -9.865338114015166360e-01 3.572523122329684053e+00
-1.402726902807110676e+01 -5.424156707089678342e+00 2.394858992159938893e+01
-9.556486143237673536e-01 -9.280903978495494977e-01 2.403435275809421956e+00
-1.468697091074940175e+01 -1.601029031295472294e+01 3.145401838920207993e+01
-1.360360671171531699e+00 -1.629153708544673007e+00 5.500168915563962813e+00
-5.294610024939053750e-01 -2.720784828164932723e+00 6.677324507681414723e+00
-2.009281280375951884e-01 -2.534763212723592396e+00 3.549511946264997331e+00
-4.028291861084558056e-01 -3.876235564483693441e+00 8.433209201357856344e+00
4.910273300675642716e-01 -2.125044393285159039e+00 4.014147137745395000e+00
4.897463135071648127e-02 -1.028404800735802205e+00 1.526085910047428662e+00
-4.682088696170731423e-01 -9.827566366607167758e-01 2.278825966002576031e+00
-1.512256890013634614e-01 -9.039556485267080665e-01 1.347589957836564878e+00
-6.196703476249871417e-02 -1.280057271657070395e+00 1.633768406321897571e+00
-8.222459963148243123e-01 -9.252533416181215609e-01 1.748718878180125502e+00
-3.413307226667659511e-01 -1.446165442343021246e+00 3.903682416286840873e+00
-1.038898023340362631e+00 -1.488161481235344086e+00 2.236541512372204110e+00
-1.108319222483290512e+00 -1.005056250634813964e+00 3.416809938755030363e+00
-1.236789584028348044e+00 -1.635017688969249594e+00 2.748191752951418376e+00
-9.737120462268263887e-01 -7.354975277656361499e-01 2.518179979229417054e+00
-1.111888894917229198e+00 -1.370587594294381040e+00 2.214707572250542711e+00
-2.381684021146932562e+00 -5.244971467123707987e-01 2.345729072769819012e+00
-2.874828836498954043e+00 -1.976112574081254625e+00 3.912296139218311541e+00
-2.644162938039077648e+00 -1.866026117720204214e+00 3.248082505446467039e+00
-1.732388226144234267e+00 -9.673399238267780254e-01 1.667076481080835615e+00
-2.406963732379868048e+00 -1.449204503406986477e+00 3.293333024039448720e+00
-8.505347593981019694e-01 -6.951091545827815521e-01 1.612845049969437783e+00
-1.339457766600062882e+01 -1.556640227607889171e-01 1.413828800944806119e+01
-1.142142382698806857e+00 -1.372431331059944304e+00 2.069105200419845580e+00
-7.945901751664496970e-01 -1.009003622542649303e+00 1.508622875273879282e+00
-1.023215753068235534e+00 -1.295457271804222765e+00 1.859154612274385832e+00
-4.417279471769937627e-01 -1.610514377937980468e+00 2.035333566846027509e+00
-5.426200353898097406e-01 -2.070837807126503005e+00 2.710528258650615641e+00
-5.194477943113585267e-02 -1.302391463674880567e+00 2.655422268808013797e+00
-2.910370933561205131e+00 -4.360014109040739605e+00 9.091037739894817449e+00
-2.582680357253509751e+00 -3.654736219269967279e+00 7.210475007791201207e+00
-8.799098889701774118e-01 -9.157425471321908317e-01 2.730904443068501664e+00
-2.866043257397381083e+00 -1.197341419238825200e+00 4.678395579618785050e+00
-9.367271851806331373e-01 -8.728361496143181020e-01 1.430556601592059884e+00
-1.243570277318336581e+00 -1.064081702127736451e+00 2.030845379896397240e+00
-3.335548685601406937e+00 -2.519555132116991780e-01 3.096402876813503902e+00
-1.153543217900924400e+00 -8.344665803818425154e-01 3.054347512184524049e+00
-6.900541435378783062e-01 -4.881021173480432629e-01 2.072208047663671948e+00
-7.887967721448119196e-01 -5.651819462774955172e-01 2.575620019398442206e+00
-3.917421118497560473e-01 -8.027617889085262304e-01 2.840356710424202014e+00
-8.731283730170420476e-01 -9.367025067460242882e-01 3.362106987505315114e+00
-6.854812639736895807e-01 -8.688795125090785776e-01 1.647471572969962050e+00
9.847478934724215871e-02 -1.167391219922215617e+00 2.460869426427575224e+00
2.475509624911893247e-01 -7.845378183136845207e-01 2.511289029129353700e+00
2.556593982497783468e-01 -7.810655548738218990e-01 2.522520573327248439e+00
2.910558081135071751e-01 -1.279419381766452535e+00 1.662830958074137611e+00
1.218877957077187379e-01 -1.526134487836330544e+00 1.812566943502606165e+00
5.967511264051116038e-02 -1.088708041225633139e+00 1.345430096761152550e+00
7.243060199495353346e-02 -1.350696989983238394e+00 1.565062453910524010e+00
-3.959269248626909321e-01 -1.394870648742041253e+00 3.655911984910235280e+00
-6.600047387807411736e-01 -8.109180025400014591e-01 1.335998834755136144e+00
-4.898612914944624475e-01 -8.235190217765321341e-01 2.540319999830559894e+00
-5.735543379748678783e-01 -7.987641676743463259e-01 1.791278389070530386e+00
-1.051238825619530415e+00 -8.045766150720050636e-01 2.828600920433772536e+00
-1.264408333612734747e+00 -7.259277140260580463e-01 2.432532635585825442e+00
-2.246926095649872668e+00 -1.121925047182932955e+00 3.924041939375108701e+00
-1.244858478496539300e+00 -1.172346256537443621e+00 3.003620140443540532e+00
-8.411914390980391731e-01 -1.175345701777063878e+00 2.250623919145025909e+00
-1.047261190357541061e+00 -1.055367645256126030e+00 1.370424021775187073e+00
-1.248879021991387450e+00 -1.235230320196385234e+00 1.493630569714838430e+00
-1.402558152499800759e+00 -1.039999991164159532e+00 1.995114094524406800e+00
-1.043048863953552896e+00 -1.094574688149190234e+00 1.305186308276827578e+00
-7.955307392735124772e-01 -8.142669476975993303e-01 1.236368169123365890e+00
-8.772201073178953479e-01 -1.041809316692654974e+00 2.019750467348619960e+00
-1.158974289407498137e+00 -1.619881315518326925e+00 2.639702821357125195e+00
-4.205267754080740938e-01 -1.140908938003100781e+00 7.859194046836253111e-01
-3.882756932810517148e-01 -1.106549188796595695e+00 1.403204790281632475e+00
-3.439829969995981118e-01 -1.521518460643440651e+00 1.154150010861830111e+00
-1.279756803556657274e-01 -1.213863775591963234e+00 1.976597262250144205e+00
1.336033021587310077e-01 -1.087276180527940506e+00 1.470981104083700419e+00
1.772700829432707903e-01 -1.099352869224709650e+00 1.351088656493768081e+00
2.408114192794894304e-01 -1.658503808658856160e+00 1.876934351312538274e+00
-1.672175635678763150e-01 -2.342941302315773466e+00 2.539606875386159590e+00
-2.630034649288325310e-01 -1.616568062874021994e+00 1.743166856482878613e+00
-3.631391011036958494e-01 -2.095384541967767689e+00 2.262872026302376050e+00
-7.542440868542840127e-01 -2.757654305758091784e+00 3.079535150450830816e+00
-6.404473448628423826e-01 -1.336517946041553495e+00 1.433973911586511996e+00
-1.508291267132881197e+00 -3.134976293190856911e+00 4.093084590336607320e+00
-1.178770444945130835e+00 -4.135853128269170398e+00 5.092409811237468276e+00
-2.307523120620039725e-01 -1.089848264358212582e+00 1.588043629234824339e+00
-1.974569548068384472e-01 -1.086518140702530166e+00 1.521523367659926684e+00
2.665084344233759062e-01 -1.070436917663906362e+00 1.317365608462757187e+00
2.567540951876581823e-01 -1.598792880886078738e+00 1.847649058883391593e+00
-9.695589850856964342e-02 -1.873986376427397404e+00 2.348632078720590322e+00
-4.146705730906121157e-01 -2.894573329031450815e+00 3.462932248628586063e+00
-9.144178283337526247e-01 -2.888113806795995053e+00 3.588268741049604582e+00
-7.786120305942857422e-01 -2.532099012165388352e+00 3.660956306932956927e+00
-6.620428128443954785e-01 -2.557215931599019054e+00 2.923118390292654745e+00
-1.281499990864045646e+00 -2.637690220938469832e+00 3.416596887468667632e+00
-7.674494012960004774e-01 -9.368777222141098093e-01 1.349704949293395906e+00
-7.253435692693048775e-01 -1.092837837812842494e+00 1.587252967475454968e+00
-3.110098882404579879e+00 -2.507353942948039816e+00 4.187243756198603784e+00
-2.958999585175636327e+00 -2.324668744643122675e+00 4.239674629161735098e+00
-1.160567872727083838e+00 -1.033998850924430002e+00 1.409805477921469263e+00
-4.209511045011716135e+00 -1.236320028838255425e+00 3.451625336740987926e+00
-1.009435884495468949e+00 -1.087488916231806213e+00 1.411995098450490760e+00
-3.421856318018082543e+00 -2.686968490190967618e+00 4.030067926683431168e+00
-8.742099971965017202e-01 -1.093966780877370315e+00 1.489984811572238277e+00
-2.454550424461997782e+00 -3.366943371343045222e+00 4.925032986032853444e+00
-7.700531871384664884e-01 -1.588040093165172140e+00 1.162480656863005724e+00
-1.152901306882060384e+00 -2.533538502510181534e+00 2.795924022036140322e+00
-1.011037443102677180e+00 -2.670047243434519491e+00 3.025159636750602399e+00
-4.942493986444033705e-01 -1.662430627710699937e+00 2.015640647487324522e+00
-8.612167933434179412e-01 -2.854227535338286437e+00 3.235297097056314186e+00
-7.424127649065065393e-02 -1.545206000904802979e+00 2.311179568058034928e+00
-6.263526972447319707e-01 -3.134551306090286538e+00 3.326776935697340232e+00
1.793312256561333251e-01 -1.472902406057529534e+00 1.709534619692890889e+00
3.065431329950127903e-01 -2.008854056581461656e+00 2.359242398807304131e+00
-4.011542920871573159e+00 -1.395139606240564767e+01 2.208434146768486528e+01
5.783795409189671943e+00 1.175271037492149873e+01 -2.078018250002223510e+01
3.554396618521561635e+00 6.025413214694707698e+00 -8.397266321402920397e+00
-1.104423410699274966e+00 -2.745194832332886303e+00 4.841883664164746470e+00
4.879886731252114807e+00 5.282173576117966007e+00 -9.412398942114748479e+00
4.141891923589926527e+00 4.406265326496498602e+00 -6.884327225775730419e+00
5.269398144990960375e+00 4.185620161996086885e+00 -7.270457050726220061e+00
-4.349993362468132396e+00 -3.138557864028664213e+00 8.024436818045561637e+00
7.317560797952786800e+00 3.824580371801573175e+00 -7.356293337315408465e+00
-1.293139035257458769e+00 -1.086994808955297875e+00 1.503961656709797534e+00
-1.417220196502783747e+00 -1.080701024738998983e+00 1.945706271513659047e+00
-2.532846051329591397e+00 -1.782515598239142074e+00 2.494283398712081379e+00
-5.741863030506127785e+00 -4.828805417371669684e+00 6.931042969011146582e+00
4.440742373769333895e+00 3.030934693278183101e+00 -5.756481645718174889e+00
-1.285222010047255115e+00 -1.185627735708133734e+00 1.733321301242740642e+00
2.633600403807806689e+00 2.571316581918597688e+00 -5.275775793412283754e+00
3.774939386874171188e+00 5.009751294021877577e+00 -8.413475565944516177e+00
3.793796806583263681e+00 6.116331827329371862e+00 -1.376283751931766908e+01
-7.508286860451028666e+00 -1.973862181589198528e+01 3.869766010232096676e+01
-2.172342950393884475e+00 -5.781764221563882700e+00 6.980604299425291259e+00
3.510443001325666224e+00 2.077894998396725512e+01 -3.806325047541968587e+01
-2.370460571165746710e-01 -4.092209794907264886e+00 4.339065883039456395e+00
3.271059025986208235e-01 -1.995033259841330509e+00 2.288312301955005346e+00
-3.569640975962553031e-01 -3.567190969150460411e+00 3.771415795685717498e+00
-7.252979222962699923e-01 -3.406626392022106486e+00 3.707489455931966216e+00
-2.639832126031413373e-01 -2.426588529906746228e+00 2.965089793418140829e+00
-2.696071288218202078e+00 -6.946119367391492716e+00 7.861027096196931296e+00
-7.744643217517687139e-01 -2.175249133253427392e+00 2.665036620555977454e+00
-2.441273410051188364e+00 -4.480227329216704746e+00 6.140936700235720913e+00
-1.424331277153396247e+00 -1.824091664978320315e+00 2.041177009963732303e+00
-1.269632888661919257e+00 -1.255999394822346238e+00 1.470087123287200370e+00
9.799015701967459080e+00 1.081463740772906057e+01 -1.608561598694449302e+01
-5.140357056175096417e+00 -3.636905617561335458e+00 7.578077327600831303e+00
-1.903676781509326510e+00 -1.386694618097967346e+00 1.836574732156037060e+00
-1.107782450033590660e+00 -7.299634906986024463e-01 1.278886780915811094e+00
-1.308610485015094760e+01 -7.390580441844013748e+00 1.592746520096653562e+01
-7.919026115667463728e+00 -5.384952048700506033e+00 1.073364208230928263e+01
-1.693621141945192532e+00 -1.536042042981887512e+00 2.261615758724776715e+00
-1.322564439455907292e+00 -1.121577788894917660e+00 1.853986703565928318e+00
-1.589203819417354113e+00 -1.495343763901482603e+00 2.673391922537109444e+00
-6.920894737153487242e+00 -8.017321803058115037e+00 1.576644840335780984e+01
-4.383910478719496240e+00 -7.912646763311983023e+00 1.024276839455225563e+01
-3.588826055286640226e+00 -6.678147635660152126e+00 8.713126339116248786e+00
-9.974773493620153753e-01 -4.061790463399605144e+00 4.531719961703275956e+00
-1.304855339822329485e+00 -4.105992093350977257e+00 4.621422834746744535e+00
-3.933061521609841904e-01 -2.395422332984677549e+00 2.579505305819464134e+00
-1.587549411436364466e-01 -2.193814526959943834e+00 2.281714494758476874e+00
4.316951066374499768e-01 -1.602198569256356731e+00 2.325336146364986423e+00
7.759612127970035855e-01 -5.520279018545602767e+00 8.922959083532314040e+00
2.101441219034843322e-01 -2.356289872724921075e+00 3.111045211126286958e+00
-5.625951484283119031e-02 -1.788782042247103909e+00 2.086586127972529514e+00
1.006867055884267437e+01 9.047363283950575763e+00 -2.843502401847727867e+01
-3.820135143765723384e+00 -3.884567473046070418e+00 9.289703006309242284e+00
-6.714564459368523863e+00 -8.429859342264087729e+00 1.409931504979547867e+01
9.312264509348022301e+00 4.756448746042007514e+00 -1.369979076759401870e+01
4.248281547488567789e+00 1.390263881683867719e+00 -4.554189455784661611e+00
8.550459078115688172e+00 2.353996166014049152e+00 -9.658146896396130998e+00
-6.649379642606016105e+00 -2.979192116486571784e+00 9.377720589830643050e+00
-2.810876450301218554e+01 -1.458686886121919102e+01 4.300252356965929579e+01
3.058872932236356590e+00 1.961373927322545896e+00 -4.315108958649030768e+00
7.006728870193338565e+00 5.205999851788669197e+00 -9.373206427336564062e+00
-1.339334789172865499e+02 -9.738951139620814956e+01 3.098224574965892089e+02
2.526466993531618410e+00 1.715095186702902508e+00 -5.882703311126784129e+00
-5.245876347190322122e+03 -9.786507544091040472e+03 1.427522107577543829e+04
-1.532275260904002456e+00 -2.937486363523282851e+00 4.636788091675799528e+00
-1.045913832868108351e+00 -6.447892359152415764e+00 7.685576608279082400e+00
-8.685631129163741415e-02 -3.229787853082920712e+00 4.076554524034552429e+00
3.595651798277241085e+01 -1.690875587767718287e+02 3.034001196608713826e+02
-9.573633392232522299e-01 -3.296579969504773722e+00 5.988864082678608369e+00
8.915054336839588200e-02 2.422968094366301450e+00 -6.783859878940635468e+00
7.200990391225977616e-01 2.423082490851958148e+00 -5.521653865531559902e+00
9.478916010127689251e-01 1.144581839375486743e+00 -4.503209119908795799e+00
3.282463789696498768e+00 2.236092820598399200e+00 -6.171209872662830165e+00
-4.072914920181730736e+00 -3.802682322070098042e+00 8.576770784558730654e+00
-8.878288112440259283e+00 -7.853051440387299742e+00 1.587412760408545864e+01
-5.557648826341294424e+00 -4.017120424882349106e+00 9.812664725650673603e+00
6.765522549092668214e+01 2.326113180604924935e+01 -1.167040118840471479e+02
-8.393741360507751992e+00 -4.608671929702260250e+00 1.005090857186144682e+01
4.362040966131323749e+00 1.069487218586192778e+00 -4.408660602471339729e+00
-6.423031218527702535e+00 -1.977731695490443364e+00 1.070870327669427446e+01
-2.003652104868465500e+01 1.659229911366154608e+00 1.833877118695292907e+01
3.557573398156207212e+00 1.153605318684498560e+00 -4.629279057953196386e+00
1.111485885111615346e+01 5.178473918482175087e+00 -1.468902871064458182e+01
2.537076667534061691e+00 9.389408504480967199e-01 -5.455347277568532327e+00
1.973492101298295331e+00 8.955708720556267988e-01 -4.277752058356143472e+00
2.703126913399906961e+00 1.005651456551913459e+00 -5.943842145660959808e+00
3.874244763871589115e+00 4.252730523117859818e+00 -1.948619866366748354e+01
-1.410511417041630633e+00 -1.836971098618745080e+00 4.292002360524181270e+00
1.498086149314902693e+00 4.183701201553156501e+00 -1.371759221129324757e+01
8.958079056639958182e-01 2.033546154769653214e+01 -4.936444134407278739e+01
5.387671908461124648e-01 -3.347649265769336413e+00 6.855098026288805713e+00
2.485189935353848689e-01 -1.375892489569496391e+00 2.053485940431019507e+00
-1.953316138711195027e+00 -6.181136954614469659e+00 1.003582912319477849e+01
9.772775141741783800e-02 -1.213128029798643759e+00 1.801084632745511893e+00
-4.518835541389793486e-01 -1.963825810570098307e+00 4.661556244000773397e+00
-5.949005664414160899e-01 -1.491167118940867731e+00 1.869420918120119790e+00
-1.902412607257276678e+00 -1.450815557108098286e+00 2.609901008176048531e+00
-2.634892518295930941e+01 -3.920367085528257434e+01 7.088580520773535909e+01
-2.157001983784183619e-01 -1.639110111586081553e+00 2.270969466300339246e+00
-3.708196161107033539e-01 -2.152601620453558073e+00 3.419698126051932796e+00
2.751545317126923962e+00 1.783915199082742431e+00 -5.763597772102038164e+00
-1.543768915013574494e+00 -1.102804067249421260e+00 2.746509398616487907e+00
-3.973116232185414987e+00 -1.394502299568618708e+00 6.999716232976674668e+00
-2.072603461875519137e+00 -1.026798530319562364e+00 3.326974053611167825e+00
4.133899980394663665e+00 1.124609266471100932e+00 -5.197216599716539598e+00
-2.993604596190780232e+00 -8.057487837855928925e-01 2.731284545704633970e+00
1.104387953874225126e+01 5.201828621259076968e+00 -1.583168487811916592e+01
3.487902278264931599e+00 1.019051394515742670e+00 -4.855230614558949220e+00
6.430669204234131797e+00 3.117777342457416001e+00 -9.899312861705148237e+00
3.012816710894598238e+00 7.014480585846722960e-01 -5.432417152618104872e+00
-1.871320786770505729e+00 -1.097156193729404983e+00 3.371824494901899172e+00
-8.215816484671373132e+01 -7.432252777806341726e+01 2.132779014009146863e+02
3.538579844201826141e+00 3.629961796510297489e+00 -8.929323246191371410e+00
1.258194751293451041e+00 2.569786469295482600e+00 -1.072533332497321368e+01
6.204634559127495397e-01 2.636780981446100292e+00 -9.720924181850170598e+00
-5.862032571634234746e-02 8.247828372310113565e+00 -2.185595288605399489e+01
-2.426740401979513795e+00 2.851074037170955577e+01 -7.153710952278612467e+01
2.833758769806200561e-01 -1.477564865582279952e+00 2.033190859984154830e+00
2.494641566786491294e-01 -2.373992390067139358e+00 3.382951417373478264e+00
3.755127864575006136e+00 -5.579199565468920596e+00 1.434300977849210312e+01
7.944828897161472225e-01 -1.030503397611396199e+00 2.083051099758784108e+00
2.903898966326750486e+00 -4.179403152309380864e+00 1.593611143646823081e+01
5.846314204227938127e-01 -8.946140663429865691e-01 3.832174583926998057e+00
9.356153246181554695e-02 -7.859635466172361085e-01 2.967970255575969940e+00
3.866744994136701863e-02 -1.060756678458542934e+00 2.800172736417456232e+00
-3.043197160461848849e+00 -5.403049410982970535e+00 1.584462927271526667e+01
3.015508887709827945e+01 2.543668231625601095e+01 -1.229067191565468988e+02
-1.278034197955296847e+01 -1.002817072009089472e+01 3.487424210544139669e+01
-1.925248782829899952e+01 -2.901278967448132295e+00 4.628920551349251866e+01
-2.962852943520808413e+00 -2.029399020655912600e-01 6.209001541235539712e+00
-4.358463937510126840e+00 -5.791302833484619772e-02 7.927791397560199904e+00
-1.796245154407933597e+01 -4.093138952644695294e+00 2.657456369313630162e+01
-1.024494528691158868e+00 -7.919080306449595152e-01 1.374245763727367287e+00
-2.441067464499846018e+00 1.578479338706408885e-01 4.032466054113226228e+00
-2.348908223231792824e+00 2.864525011259019469e-02 4.327153411536026617e+00
-4.317969902822841988e+00 5.786680110517259529e-02 1.035273290074581354e+01
-4.401171942035785989e+00 7.450086888014213760e-02 1.176678728505205029e+01
-2.100091241675337894e+00 -2.311135985003894278e-01 9.383302532677278762e+00
-1.618274420948372372e+00 -4.995701488607221519e-01 1.043159956665883925e+01
-2.014571972927540866e+00 -4.191177921569156695e+00 1.802180152217406928e+01
3.286137524709024649e-01 -1.050036861268118793e+00 2.236545709778862356e+00
1.448571212593513513e+00 -1.967272628755371899e+00 1.442226803082890285e+01
1.700099122626292036e+00 -5.613398549650540303e+00 1.776042695550995631e+01
3.685334063661028114e+00 -5.600092639634766556e+00 1.993576334451029552e+01
2.599097221297354210e+00 -5.026264762836915700e+00 1.689396025372791144e+01
1.001460144939454677e+00 7.263185567628701378e+00 -2.631388440121982342e+01
2.437789165305806804e+00 4.381448798856830251e+00 -1.520659001597484483e+01
-1.672233971834792943e+00 -3.912511817292453120e+00 1.966303275359850744e+01
1.902893385161906092e+00 2.714196920041320293e+00 -1.456189015537150055e+01
-1.424482177081293210e+00 -7.231624269953994544e-01 3.181403302864182159e+00
-2.306352314547509330e+00 -1.218608987080403105e+00 4.171557772832512612e+00
-8.820679897706633632e-01 -7.611051963692612166e-01 3.680526484821269761e+00
-1.418212363241260210e+00 -8.863344199495044595e-01 7.329811864301278845e+00
1.089347832833970564e+01 1.211309933806064798e+01 -7.129810072963095990e+01
2.701223636719318222e+01 5.803102741388969577e+01 -2.236322246130955591e+02
-6.647048102769219369e-02 -1.616010612431290294e+00 3.639582672209812131e+00
7.411284220133119716e-01 -1.609867960442556978e+00 6.082904623446268921e+00
7.770995196993947252e-01 -8.757080619407551225e-01 5.316745414587161989e+00
3.629278407308819676e-02 -1.300170023302543720e+00 3.077359191652014658e+00
-5.205042920786978611e-02 -6.357232789188120847e-01 2.078345375205568057e+00
-2.277000620798845243e-01 -6.653394731554121977e-01 4.662385208642310985e+00
-1.275313203114608829e+00 -1.352434224452609746e+00 6.372681823964794212e+00
-7.901034404441779069e-01 -4.819514813492365990e-01 2.088466060497115695e+00
-8.546725421411018875e-01 -3.279739107590399216e-01 3.590431350895289864e+00
-2.052764945769501193e+00 -7.257887989666570450e-01 4.537913595776847053e+00
-1.431403501536295808e+00 -1.369800514909144673e-01 3.059454812648967792e+00
-2.232067298588296111e+00 -2.432299582202893939e-01 4.090764812834703612e+00
-2.979866398184374710e+00 -4.890654068935131327e-01 4.768651871837888301e+00
-2.276887737169307480e-01 -4.158822378456045188e-01 1.674648141046772842e+00
-3.201304179381577741e-01 -3.393266257180451162e-01 1.760734875931423860e+00
-1.651651155778050439e+00 -3.431368015438959751e-01 3.922998007267148868e+00
-1.490059200295983155e+00 -3.230717292344713609e-01 4.060601478046646839e+00
-2.982863720054076961e-01 -5.083765840759468801e-01 1.653986288636086766e+00
-6.845437300679431125e-01 -9.424146232464865047e-01 2.062911172928951320e+00
-7.101665322510571920e-01 -5.386869386652888281e-01 5.019255057723533753e+00
-2.378297387693319720e-01 -4.559609921361830187e-01 1.959769137941510753e+00
-5.643362484669089962e-01 -1.106050910311167090e+00 4.208783525612255438e+00
3.718017976519500389e-01 -5.216937328940831620e-01 3.071693607648611213e+00
4.952561967547695065e-01 -7.131749164848277811e-01 2.424539197888082587e+00
2.311507037533394593e-01 -9.957014061946762862e-01 1.480815767192828369e+00
1.568627429359925052e-01 -9.640302967214011698e-01 1.464926508708062070e+00
3.671767386004817224e-01 -8.484316386179541203e-01 1.764019075780675960e+00
-1.182423053202479382e-02 -9.767255364387036343e-01 1.759323349999334596e+00
-2.394296170596275225e-02 -5.779815575142834838e-01 2.025814767953753037e+00
-5.084578792517080448e-02 -4.966714701489058359e-01 2.005447295008994768e+00
-4.930581870077399564e-01 -6.395641521824783071e-01 1.490040943063628998e+00
-6.064875643704356056e-01 -7.051237665691737488e-01 1.416934651541925438e+00
-7.345295741736351802e-01 -5.621331162955311989e-01 1.371769739748751604e+00
-6.661786664387080448e-01 -6.282150252169492743e-01 1.402963707836819784e+00
-4.612798121938735951e-01 -3.489547821686675433e-01 1.627440502523590959e+00
-3.099862509797496890e-01 -3.687429820532627800e-01 1.606362944204980714e+00
-1.534509571898736269e+00 -6.117047020042721828e-01 1.759979609977510018e+00
-1.068251538487218211e+00 -3.845433633750787727e-01 2.870504445205910304e+00
-6.195458269715491406e-01 -7.120644429755234039e-01 3.031225113271355021e+00
-8.541089604290938997e-01 -6.287118631742504293e-01 3.101516770172321191e+00
1.328953206693212208e-01 -5.437668064110261490e-01 2.439999857757416013e+00
-5.391312818039278865e-01 -5.922922502955155766e-01 3.189394154969424466e+00
1.167968968338318203e-01 -1.033013755569740288e+00 2.007698443235205410e+00
-3.558508619839201303e-01 -7.356208160730941525e-01 1.419065670376598254e+00
2.821396938797071097e-01 -7.184255502900990242e-01 1.812453563143177737e+00
2.351813827605365170e-01 -1.000935418171802427e+00 2.552163330748605574e+00
-1.881418781164105949e-02 -8.023148492735124870e-01 1.465040840578456960e+00
-1.317722374269543299e-02 -6.510459024634838165e-01 2.368362735576507561e+00
-2.771929760195517289e-01 -6.775725260184018994e-01 1.555979107806658046e+00
-3.401730175189260907e-01 -8.985392073075877395e-01 1.767975675017264825e+00
-7.119484814151531005e-01 -1.127124343469472434e+00 2.452565177601476520e+00
-4.130610586181904936e-02 -6.413344696869041073e-01 1.931915638148696379e+00
-8.509460629098891671e-01 -6.007411164272303816e-01 2.578494744550647866e+00
-8.811546773118857923e-01 -9.873820378206408233e-01 2.590292976823127535e+00
-7.706009090708614284e-01 -7.387319327105706934e-01 1.207906364335761928e+00
-1.057312025821045998e+00 -4.057383456835403357e-01 2.138386760558887101e+00
-1.177786163900631289e+00 -7.105200367650271742e-01 2.727872544314981162e+00
-6.245884571075848157e-01 -6.973304026906004260e-01 1.377397369466785815e+00
-1.415096149002240455e+00 -6.626773182207956747e-01 3.059758566225971421e+00
-7.127276297615160461e-01 -8.078203125697275278e-01 1.239288099671817855e+00
-1.113782967577491290e+00 -1.057903480704597277e+00 2.931632100486393888e+00
-5.953116518095995513e-01 -7.997673150979102141e-01 1.318683415527737379e+00
1.020801661383093639e-01 -7.042405122764676673e-01 2.269598290854790257e+00
-5.707619089055563201e-04 -6.321840943224484866e-01 1.943743972170487222e+00
-3.867295887215425609e-01 -1.047046518318034414e+00 2.616920781378473837e+00
-9.744440285239498734e-03 -1.279532500958024066e+00 1.996066077187475196e+00
3.359372738905654354e-01 -8.075602460040308683e-01 2.075493278933885577e+00
6.327277005293503731e-02 -1.284471946587493418e+00 2.193445235139702021e+00
4.160396692559507614e-01 -9.137080145145309862e-01 1.639955479422450235e+00
2.896776913285681321e-01 -8.334818263170835628e-01 2.037502059519004760e+00
-8.163490694304749440e-02 -8.542144896571869372e-01 1.332349724933146407e+00
-1.450701127496025755e-01 -1.140121747828805043e+00 1.537384927349618069e+00
-2.871912269390395900e-01 -9.429082693469342802e-01 2.520635139308367911e+00
-3.991879033411469546e-01 -9.552564973627865053e-01 2.601248911470820158e+00
-6.780347768990561130e-01 -7.105094280168657850e-01 2.355285547683481084e+00
-6.334652565522951306e-01 -7.785899714602781962e-01 2.461986659066436545e+00
-8.166697583997983845e-01 -6.108650079066461069e-01 1.923173843923490223e+00
-5.605793516131154508e-01 -7.860258596016249655e-01 1.320492504990219418e+00
-5.819023263356024600e-01 -7.267720461831613799e-01 1.374432965758652481e+00
-8.392196236578760571e-01 -8.625968841789382058e-01 1.229951557113207139e+00
-7.607634893930065312e-01 -8.281300024863781362e-01 1.228808985717809055e+00
-6.838782987099115696e-01 -7.142249617802125528e-01 1.281150509256356651e+00
-1.189184372783133936e+00 -9.159093025102112984e-01 2.801342934428230791e+00
-2.487867202106556208e-01 -8.514990066874696950e-01 1.459728927065067738e+00
-9.221736847667277859e-01 -1.194836492828016627e+00 2.906305864185777299e+00
-4.494215160642283657e-01 -9.744094481086474913e-01 1.462995100765148493e+00
-3.030544260078450458e-01 -7.743397712243804687e-01 2.102342440071855112e+00
-1.826542934711007926e-01 -9.492034099221027255e-01 1.318184969818284147e+00
-3.431794032076818796e-02 -8.998733331118213830e-01 1.435986425169468506e+00
3.133225992076009436e-02 -1.075877127750346718e+00 1.638874292196730309e+00
3.348966447382962230e-01 -9.899101384665648373e-01 2.109545210323485964e+00
2.820737515507481530e-01 -8.649539317082204359e-01 2.193134791046960519e+00
3.811786476757001441e-01 -8.764067069835569379e-01 1.449029924157631655e+00
1.310127598533891990e-01 -7.286506719016795364e-01 2.186542331262543826e+00
9.121800636097175674e-02 -7.709862713027412218e-01 2.218792454069902220e+00
-6.306165689084363146e-01 -1.083033840679695547e+00 2.653582970115005324e+00
-6.608854729546875806e-01 -8.205491476310476928e-01 1.254430699366671398e+00
-8.350485113721677344e-01 -9.967691644935559037e-01 1.456087170588258095e+00
-1.377726396748719440e+00 -7.996479917371664969e-01 2.577310700315875280e+00
-6.292065023176728333e-01 -5.822286155976311717e-01 1.436151614674373578e+00
-9.288942981702810187e-01 -1.012666973366591616e+00 1.431626245050061641e+00
-7.339708746020967567e-01 -8.451399006212407805e-01 1.252001553398383260e+00
-4.765254561929557209e-01 -5.554026421883890841e-01 1.584605357717622898e+00
-9.337036120450920018e-01 -7.055975389821348420e-01 2.574618094763784004e+00
-2.583206665090224119e-01 -9.499026957383194247e-01 1.382483399414777825e+00
-1.979248682647082314e-01 -9.874481669283142748e-01 2.297943791376584333e+00
-2.198700787822318869e-01 -9.303564864594348061e-01 2.426513511262958112e+00
-4.214804719787602905e-02 -1.026422661898973354e+00 2.272644917338268122e+00
9.838496026100493341e-02 -9.198118518044801073e-01 2.235703150363894665e+00
2.871296813992563202e-01 -1.012548430369146990e+00 2.358235336505035029e+00
3.286377601399293469e-01 -9.515189842692826083e-01 1.623587288600546907e+00
3.262238127779547026e-01 -1.036341960213490898e+00 1.348393030811409377e+00
-9.000521710188311153e-02 -1.672378283154361434e+00 2.113680804713225836e+00
-1.709147118585864211e-01 -1.751903496208650157e+00 2.281626414304476214e+00
-1.309714778364017007e-01 -1.043837978691841695e+00 2.042271980493224781e+00
-1.344951855249262029e-01 -9.455842545683643685e-01 1.917587197232686336e+00
-3.789867957334775994e-01 -7.848687491238779401e-01 1.347162431340726663e+00
-5.403679499481561788e-01 -7.918426139803738106e-01 1.347299356826380246e+00
-8.091025917004261991e-01 -7.605058688200371231e-01 1.969828724243033014e+00
-7.154651822535219585e-01 -9.290419214100247292e-01 1.341245366121273763e+00
-9.444889375619459626e-01 -1.126154906140532486e+00 1.556505135424132824e+00
-6.270413553450867594e-01 -8.166319203577162567e-01 1.179697878227316421e+00
-1.672874155131133245e+00 -1.213700404023826840e+00 2.451447256656458684e+00
-1.253914194151998007e+00 -8.018228123146047270e-01 1.863492703681755014e+00
-1.442530825116108639e+00 -1.133035314940044946e+00 1.996024917784908315e+00
-7.735244166223657070e-01 -7.868579508770148223e-01 1.205564758894456689e+00
-8.868263902161815926e-01 -1.200134433609788331e+00 1.638492311799489620e+00
-8.295194659228348755e-01 -1.022032790442325645e+00 1.423962161359622502e+00
-1.181864404040005478e+00 -1.431675544602346806e+00 2.745206953587783438e+00
-4.399076247317846855e-01 -8.059612554777194626e-01 1.399217903530521001e+00
-3.845813493552795448e-01 -1.061778279419137938e+00 2.163142744899029690e+00
-1.611820624466128449e-01 -1.138800420114107759e+00 2.062790214623380525e+00
3.874698279459105194e-02 -1.412199425982786583e+00 1.710742876870596563e+00
-1.012418114812477232e-01 -1.925554933345902997e+00 2.294178840730285440e+00
8.534513569151591650e-02 -9.962135879074572875e-01 1.845233735348924764e+00
1.461811270980670763e-01 -9.991894972053112500e-01 1.870964240692639224e+00
-3.295921732982621810e-01 -7.353692003578993219e-01 1.293037560182404899e+00
4.499659231630147999e-02 -7.326919095621687861e-01 1.846457764773994814e+00
-1.799146737103151095e-01 -6.693321877122940800e-01 1.898572347053122833e+00
-1.463851492869273352e-01 -6.015856500022731534e-01 2.007595240315468654e+00
-6.053518695291765228e-01 -6.338333127053199512e-01 1.430516880590122053e+00
-9.837860884688592877e-01 -1.067723381005208694e+00 1.694073711230240864e+00
-6.247056107370310141e-01 -7.065769389946396917e-01 6.559557003542612064e-01
-8.581887222691019224e-01 -9.152298323468617269e-01 1.284698874371489330e+00
-1.313733779643280197e+00 -7.436878327431362123e-01 2.644874345451746489e+00
-9.062482392596333813e-01 -1.096438491813253702e+00 2.638239540137521377e+00
-7.713782153504571415e-01 -1.569858569698822315e+00 2.711982303893397894e+00
-5.589046993709557709e-01 -1.131134941459770671e+00 1.586542129586495875e+00
-1.037152605653315490e-01 -8.408587798998088392e-01 1.448562445526449638e+00
6.692004985429450548e-02 -1.042841488611206735e+00 2.049239212517975250e+00
-8.744433042358311370e-02 -9.218961487937139543e-01 1.524532676134602971e+00
3.331093848267451252e-01 -1.012179966569281220e+00 1.492752196658204245e+00
1.860121965698337820e-01 -1.006743877106693219e+00 2.257430851432369767e+00
-5.831473806350731537e-02 -8.055292508412178476e-01 2.344981240764977048e+00
-2.361368454654367427e-02 -7.408626289241165841e-01 2.098965624448365208e+00
-5.361844711920966677e-01 -1.414032751802317023e+00 2.640096490684761488e+00
-5.681370267481204994e-01 -1.474077303646033066e+00 3.938161031434445292e+00
-8.064817862670724535e-01 -9.030702531116233667e-01 1.122731128448952509e+00
-6.210913963480038102e-01 -1.070498165420150416e+00 7.854974585000651377e-01
-1.241833719083821785e+00 -1.404833779018803908e+00 3.679901996331457870e+00
-1.318058249457969566e+00 -7.304541083295397197e-01 1.577929119598448837e+00
-9.842283274302572327e-01 -8.133726484647711974e-01 1.289666680614563354e+00
-9.939770509047557434e-01 -1.019469051586125552e+00 1.694073517162204556e+00
-1.536195490753079707e+00 -4.488093940088612177e-01 2.726563494260831888e+00
-6.317059687381302302e-01 -6.245133042519077637e-01 1.847978743059011997e+00
-1.380452916582678435e+00 -1.476357864299610467e+00 4.470030000654028335e+00
-3.643309801502601086e-01 -5.630955526446952408e-01 2.422635080926737849e+00
-4.785780589089490000e-01 -6.628514637173096302e-01 2.786361664944351890e+00
-1.151178223649377719e+00 -6.493025288740665868e-01 3.539365757688434311e+00
-6.714809995367020390e-01 -9.673157545284077896e-01 1.908960584832514407e+00
4.526451234188361844e-02 -7.614056332019706330e-01 2.548119563792500930e+00
-5.264065928914120340e-02 -7.809372799441992585e-01 2.526245820496667349e+00
-8.245213677666880792e-02 -1.912047320018220420e+00 3.263705869316392505e+00
2.520232431934648076e-01 -9.436443702498575892e-01 1.480621314703655322e+00
1.653291989598894562e-01 -2.088309225126884439e+00 4.358322269352216338e+00
3.305223817242480822e-01 -9.812272389660467997e-01 1.504330712851086771e+00
6.159666853253492613e-01 -1.697564403879155970e+00 4.098914185931234577e+00
4.453294586839283697e-01 -7.277644885609384495e-01 2.643750450080346592e+00
2.843193808931704925e-01 -1.602801219080935757e+00 4.528114670322221258e+00
-2.643211520433105810e-01 -9.921957273796411236e-01 4.383399032905569648e+00
-3.322992363352347822e-01 -1.699686549863912877e+00 3.501506027935969101e+00
-4.774712254116060817e-01 -1.580652070324072289e+00 4.670258274815701327e+00
-2.498178740017908406e-01 -8.167423872871375501e-01 2.004105940547636244e+00
-6.145236249828779362e-01 -1.168139827327189240e+00 2.308850762510913590e+00
-7.172233989069847215e-01 -9.043187542167699933e-01 2.758744809362710271e+00
-1.115091938926476400e+00 -6.316809058888875894e-01 3.291875915253717810e+00
-1.601183487957542173e+00 -4.800257557598777147e-01 3.217509671867903709e+00
-6.147407376833159631e+00 6.891228208768465091e-01 5.542407689434144302e+00
-3.980724188899392502e+00 -1.664900233903403581e+00 7.096690434796701474e+00
-4.790074131679886271e+00 -2.574984170015403251e+00 8.679251321727791790e+00
-1.690502337365540786e+00 -1.569089596838957767e+00 3.085968652097757392e+00
-2.297281774260134579e+00 -1.480663786017568206e+00 3.855278509179613344e+00
1.453566276847018557e+01 4.866502469207119930e+00 -2.158340480869672717e+01
-3.278498112622725280e+00 -1.133082791586307536e+00 5.474798163554098984e+00
-2.952148043074529937e+01 -1.395745900986171506e+01 3.119336481350173074e+01
-9.748921501838215420e+01 -1.021322318191333522e+02 2.043502737960934894e+02
-2.692886958189264490e+00 -3.326626893141935160e+00 5.536605710807170233e+00
-8.375717679560963358e-01 -1.245267852730063574e+00 2.196302090636536697e+00
-5.022838856554148190e-01 -1.529261382576844852e+00 4.045413381950120346e+00
-1.111815261316270842e+00 -2.153805907428448130e+00 6.287304653022964374e+00
-6.526862278913005966e+00 -2.409364027886446635e+01 4.366807915066469548e+01
-7.121490010624899059e-01 -3.037555473759229852e+00 8.114092300645440403e+00
-8.667924711509614744e-01 -6.924988477416629706e+00 1.213815376613928620e+01
6.874151506668064737e-01 -1.743947456354840719e+00 2.960260852609216897e+00
5.801036934772419995e-01 -2.295604776205927067e+00 2.831991886151868698e+00
3.361017200763324331e-01 -4.032301667243061161e+00 7.923784586984052858e+00
-1.119237607286805575e-01 -1.681671273383163134e+00 1.942541438642276130e+00
-1.863756171857235966e-01 -1.737646141606786099e+00 1.935195979844790859e+00
-4.425877548296228148e-01 -3.579967536426359676e+00 6.075325936020766093e+00
-1.541987432555113890e-01 -1.429940458367268352e+00 2.715333047526171661e+00
-2.693398793689068871e+00 -6.167064243297556203e+00 1.005878953004009269e+01
-2.862725761144186087e+00 -1.886589474206908701e+00 4.450138844626197354e+00
-3.094673791708608235e+00 -4.236004617485353840e+00 6.744910946646390570e+00
-1.305757280463039738e+00 -3.159704074847782707e+00 3.984376132966570339e+00
-1.617333358613883554e-01 -1.299754442447597524e+00 2.091044755904321928e+00
-1.802083269074978400e+00 -2.808790189795604242e+00 4.668072925396436368e+00
-1.175648626722134438e+00 -1.637957563687157947e+00 1.254784980869932287e+00
-3.549897869774142567e+00 -3.657243452673493600e+00 5.018286678483453223e+00
-1.167246329700394769e+00 -1.358918738367346002e+00 2.072418211147609046e+00
-7.267680882925231955e+00 -4.068234862515936356e+00 8.427730257525665181e+00
-4.183774559724283471e+00 -3.402101369969621647e+00 5.849624954420091782e+00
-1.006394454312627218e+01 -6.890625863289487896e+00 1.324582999085651913e+01
-2.616252297391433057e+00 -2.187844704359248826e+00 3.761718943307756469e+00
-1.203260980198823216e+00 -1.332429749751544490e+00 1.438242591240596502e+00
-1.027614531970201206e+01 -7.705010806058819384e+00 1.232540404328594441e+01
-5.355564186508140700e+00 -4.572685906234967845e+00 7.248319365796273672e+00
3.864062514880870047e+00 4.965113379370360569e+00 -6.409838221200030439e+00
-1.156506228297101702e+00 -1.771332135951697806e+00 1.902371389067666785e+00
-2.861036636697144697e+00 -5.875190909734016032e+00 6.990595090902139930e+00
-8.717941137546377783e-01 -1.792630473735294272e+00 2.710675404712424186e+00
-1.239762673394462666e+00 -3.688947495799456799e+00 5.421406782715648909e+00
-5.231018814500212333e-01 -2.451995931538292428e+00 2.869574285447294759e+00
-2.612705402411569233e-01 -3.175196570843560995e+00 3.181916308543330629e+00
-1.757675664291768747e-01 -2.572856770023981721e+00 2.598821925826497292e+00
2.122713290329866775e-01 -1.580755733518716122e+00 1.596007596002975149e+00
-6.339609900570668533e-01 -2.649778880686820770e+00 2.952996805344596076e+00
2.013951219199315579e-01 -1.146357004165018401e+00 1.524236794282004759e+00
-7.899905936515306815e-01 -3.288769008463774401e+00 3.825429462011091353e+00
1.342871653624878592e-01 -1.158988426764518964e+00 1.384187611799376771e+00
-1.036529815985917313e+00 -2.703281959102769250e+00 3.629480075358096691e+00
-7.190631511262273179e-01 -8.843802274152440246e-01 1.586859908923741624e+00
-7.589751146273394644e-01 -9.068244072270227329e-01 1.239144633703024301e+00
-1.744176066795917857e+00 -2.319622216980190554e+00 4.152150761449136418e+00
-8.403954158869292312e-01 -1.117997732442355785e+00 2.228298849043185648e+00
-8.580271901571409066e-01 -8.751001512816654060e-01 1.338295651622542382e+00
-1.008836742190354796e+00 -1.010699953092244252e+00 1.396196229520775933e+00
-1.249145842059266487e+00 -9.780488294071357780e-01 2.281686550720741558e+00
-1.206632742144749360e+00 -1.445667910571418524e+00 2.126079305707984535e+00
-4.645664444764722734e-01 -1.179757701962238503e+00 5.619797563237246552e-01
-1.012882512592791162e+00 -1.909216699482964907e+00 2.134068417417079644e+00
-8.479379565914931804e-01 -1.560859100131848143e+00 1.789273417956279255e+00
-1.073633512654924710e-01 -1.046446099223643733e+00 1.782933070347183957e+00
-8.278978353138065627e-01 -3.231926710448384643e+00 3.910769854694652103e+00
-4.066354239472892429e-01 -2.778441412360228568e+00 3.954524351940504889e+00
3.919110205760455851e-02 -2.080176298955064507e+00 2.379214718162917297e+00
-8.240216345811166021e-03 -1.964978973848481969e+00 2.185611036593225087e+00
3.406973854255426759e-01 -1.037915344578275612e+00 1.765816073685880339e+00
-5.213150821736230872e-02 -2.103372936046882025e+00 3.530244203729698604e+00
1.048019958839972871e-01 -1.972390306593970299e+00 4.203301887435821449e+00
-8.738427209209219670e-01 -2.484584891220040781e+00 3.638387736422897145e+00
-3.795496222618074955e-01 -1.184922404922186479e+00 1.539571071102260991e+00
-9.635666756985376002e-01 -1.225076377956734186e+00 1.938180165110048092e+00
-9.229184001093306833e-01 -1.134187058297363437e+00 1.610570464846183825e+00
-2.433639254156576115e+00 -3.496997555931002477e+00 6.156787714848805493e+00
-1.187274906586490042e+00 -1.230932158114464325e+00 1.819763967623714063e+00
-1.702510475555491842e+00 -1.669648231988572595e+00 2.556882136720905141e+00
-1.064366628656201907e+00 -1.158748140046590658e+00 1.935276996535879368e+00
-1.701973729590718465e+00 -1.167101339695770346e+00 3.639475576011340419e+00
-6.858910354635416873e+00 -2.510814042125756540e+00 9.403246789577332621e+00
-2.531048064054677127e+01 -1.313743202591137660e+01 3.742231177199155212e+01
-1.328700541678391467e+00 -8.481374326769213212e-01 3.172381510289726148e+00
-4.182805414325411419e+00 -3.960696683530945172e+00 1.250281284261738612e+01
-2.114502855633013922e+01 -1.679656512493796683e+01 4.678874167600447009e+01
-1.861264888417326180e+00 -3.910801529151271438e+00 8.551054918261106863e+00
-9.578669520970756190e-01 -3.101382059928044832e+00 4.917308808507560691e+00
-1.249011038763813364e+00 -3.133237601498756852e+00 4.903527776362409440e+00
-6.499377015244734990e-01 -3.775249481447244371e+00 7.843012093165315335e+00
-1.164606435569695703e-01 -1.244750844729156425e+00 3.367512878170756174e+00
3.584489542404211693e-01 -1.334134249781183890e+00 1.679040914172891474e+00
4.369099547854126686e-01 -1.258432049302894429e+00 1.785104014260635141e+00
2.924564696602133806e-01 -1.246490387464504579e+00 4.311253306753840775e+00
5.351273897465971263e-01 -2.409379993948964849e+00 5.046423663608562649e+00
-3.345492375662896534e-02 -2.253628579757864347e+00 2.886096573453218905e+00
-9.948436385471117749e-01 -9.856158331989609778e+00 2.959549148598162915e+01
9.291345255181837626e-01 -8.170374861620711471e+00 1.866357725491018016e+01
3.674500052926438221e-01 -4.855893354888992874e+00 9.258187548935596922e+00
-1.387768422619630182e-01 -8.002384168238831919e+00 1.661305081646711201e+01
3.915636844561649621e-01 -5.826402263912388690e+00 1.464083205917258468e+01
2.662810106121923370e-01 -1.229794106125766673e+00 3.337977063909716158e+00
-1.886787395490075459e-01 -2.700269946070783078e+00 9.130736685560329136e+00
-3.274285889269520911e-01 -9.318484557615160924e-01 2.234386257733234515e+00
-7.054371466981075312e-01 -1.386521619025146368e+00 5.668897643799682307e+00
-7.024507402377880849e-01 -1.182389500911777525e+00 4.787014016982013231e+00
-7.920695452727551933e-01 -5.826300322794446540e-01 3.264270837680715687e+00
-7.124832645891790994e-01 -6.152475324006013713e-01 1.971617503565700202e+00
