nan nan nan
nan nan nan
nan nan nan
nan nan nan
nan nan nan
nan nan nan
nan nan nan
nan nan nan
nan nan nan
nan nan nan
nan nan nan
nan nan nan
nan nan nan
3.369464347067405185e+01 2.995203014878335779e+01 1.749424969478775154e+02
3.659377644753570635e+00 2.006931629687915386e+00 1.556769893097792057e+01
2.932939081250181971e+03 1.318717810745123643e+03 1.416866527532283362e+04
-5.814606662647340052e+00 -2.126915567374706217e+00 -2.834810029908613416e+01
-3.164352427223278585e+00 -6.909181123392416080e-01 -1.357157360570537108e+01
-7.297371593861574190e+00 -7.410081411231946857e-01 -2.975761650721332430e+01
-1.681514852131278914e+01 1.615886815970224877e+00 -6.577441582753998262e+01
-4.242944883474868867e+00 4.459342562247372022e-01 -1.694638459990279600e+01
-2.827090080004587502e+00 7.138421474625106233e-01 -1.122940565557575532e+01
-2.894710614789257175e+00 1.293272522423824178e+00 -1.223552055178574882e+01
-1.839691836626735855e+00 4.305132172029061399e-01 -8.400609600480255068e+00
-2.854525008433601130e+00 3.999339889223693656e-01 -1.399575910728596995e+01
-3.283314389191947402e+00 1.711766091626166775e-01 -1.640411215342994566e+01
-2.382826198335725287e+00 -3.781488287582618346e-01 -1.068408545612831695e+01
-2.426937234924174014e+00 -4.725863732997655497e-01 -1.385712403796210879e+01
-2.373835616865229259e+00 -7.563842050212686852e-01 -1.490474411118523257e+01
-1.912844275106105663e+00 -8.278653727060978351e-01 -1.301221673192789474e+01
-1.549217009110902987e+00 -8.918476623205080500e-01 -1.170227023554279810e+01
-1.462274676640188842e+00 -1.105877007794873856e+00 -1.227570489024571287e+01
-1.157120534959564795e+00 -1.147224626006384085e+00 -1.159779766550306590e+01
-4.011195132009232722e+00 -3.975837363580533967e+00 -3.567362982461576593e+01
-7.415965391333911860e-01 -1.265833962859845618e+00 -1.079558330473400218e+01
-3.033399701824405770e-01 -9.648147648939349175e-01 -7.917100653064084170e+00
-1.033786866240267721e-01 -7.965843327161180598e-01 -6.708292053074827344e+00
4.368004886711146506e-02 -9.723076866328613788e-01 -7.583414026622883775e+00
1.602398088488756478e-01 -7.967416728046690100e-01 -6.347760926826317984e+00
3.157165388635437830e-01 -7.640566467854880139e-01 -6.087770241888284417e+00
4.107856148123115725e-01 -5.939251806827917646e-01 -5.823627262354593270e+00
4.752408193557599581e-01 -4.830322663045931719e-01 -5.307529114778413160e+00
5.061949937590870530e-01 -3.620425787481544866e-01 -4.502657184194478468e+00
5.498769041127946622e-01 -2.078391592503958107e-01 -4.074667525021915537e+00
5.801640726851505780e-01 -7.624314058112940939e-02 -4.039564882578321026e+00
5.910897414395570593e-01 -3.706518437783611064e-02 -3.670616554456042291e+00
5.891570346155486915e-01 6.109882916362582156e-02 -3.326347365926078492e+00
6.069207084886186765e-01 1.274804021821841493e-01 -3.255573949840151471e+00
5.247195022063448899e-01 1.755595491130684804e-01 -2.731854918462806925e+00
4.792165565741755007e-01 2.287629061944554676e-01 -2.583510127622604458e+00
5.048067853204145639e-01 3.457425134471118211e-01 -2.324862290546911403e+00
nan nan nan
nan nan nan
nan nan nan
nan nan nan
5.290555269271753902e-01 3.746428603591792639e-01 -2.441716483652926151e+00
5.008581789962313069e-01 3.490994612421394749e-01 -2.449831648235496484e+00
5.508166308313813264e-01 2.997423335017159185e-01 -2.832667637061079713e+00
5.650981066632466687e-01 3.167145641654554589e-01 -3.091770344457511754e+00
5.227302945202010331e-01 1.981009835522722085e-01 -3.053190483663494881e+00
5.669645689906753772e-01 1.740883324443031066e-01 -3.661256416480930920e+00
4.925195711375320862e-01 8.233450628627822510e-02 -3.680951124669928021e+00
4.642080715445424666e-01 8.109347816817130683e-03 -4.137327821936032990e+00
4.045978075380291528e-01 -6.408635196754922103e-02 -4.416613284027393505e+00
3.818292952585325972e-01 -1.465142094343614421e-01 -5.432651793275089069e+00
2.190536622179907467e-01 -1.695661113125134234e-01 -5.062721248830891696e+00
1.588336004853898864e-01 -2.364138649196324826e-01 -7.117130028366008609e+00
8.931247500733544703e-03 -3.006977407703494420e-01 -6.581116871829155279e+00
-1.855540659166044215e-01 -3.785343042191023910e-01 -8.286834166675520308e+00
-3.072681235878239048e-01 -3.009514396406307024e-01 -7.478779788073508072e+00
-8.186915186851133619e-01 -3.283666120239463471e-01 -1.197993482497276041e+01
-8.978793457244552689e-01 -3.050756082212341402e-01 -1.023681782355859049e+01
-9.995871713983763840e-01 -1.465693161606199113e-01 -9.455903832119151531e+00
-2.336077695113210950e+00 1.626119349048938678e-01 -1.794617330045644366e+01
-3.457614768883464418e+00 2.019964735677895473e-01 -2.205949860630323300e+01
-4.499067481968501703e+00 5.801256499067470873e-01 -2.515224195082605618e+01
-3.027950722630560421e+00 3.352602439127906342e-01 -1.498268577165309345e+01
1.846876225329184251e+01 -3.566728787943162615e+00 7.088425268375380028e+01
2.631533975394846436e+01 -5.470704514899660253e+00 1.018821850864716225e+02
-1.449456660644843176e+01 4.372178191057388474e+00 -5.514809346904014120e+01
-5.068807438765047024e+00 1.852226519442207398e+00 -1.968129559478623847e+01
5.823551108274852339e+00 -1.605525028299488621e+00 2.168818111102138602e+01
-1.850165822724256515e+01 2.054724654957969410e+00 -7.492747904369960565e+01
-9.047625940351005980e+00 5.275435012522726730e-01 -3.608403030895743768e+01
-2.470910173725231473e+01 -6.343009388985531016e-01 -1.007181462956434075e+02
4.450462357466350660e+00 4.957207629691518513e-01 1.717196134795203832e+01
2.429253742913212832e+00 5.118454292989416121e-01 9.393021219630943719e+00
4.096579412199807813e+00 1.042739375107246014e+00 1.621933101610695616e+01
3.200557987943401184e+00 1.562229949888741531e+00 1.481736911524612310e+01
1.709544847265240808e+00 1.117963270525878627e+00 7.268060424867744729e+00
1.732602752753321207e+00 1.396691659494483151e+00 7.852002597998514410e+00
nan nan nan
nan nan nan
nan nan nan
nan nan nan
nan nan nan
nan nan nan
3.374675575203467393e+00 9.666481635909915937e+00 3.324392782852522998e+01
1.979514730046185722e+00 3.960575181247462329e+00 1.489539749384848299e+01
-1.735150974091574927e+00 -3.037673165321334245e+00 -1.234664730724570525e+01
nan nan nan
-1.513524610792839065e+00 -1.346368337189768782e+00 -1.035281595693770385e+01
-1.135290796915593203e+00 -7.100393775781035366e-01 -6.742702524250161034e+00
-1.664877815471609290e+00 -8.492437228780608249e-01 -9.558596462785901693e+00
-1.886565751333694196e+00 -7.268097871975547353e-01 -8.606569883696016277e+00
-2.469732496873958905e+00 -4.445998742064894427e-01 -1.069074013271193557e+01
-2.946814128428650648e+00 -1.896546808784930205e-01 -1.243278552154025185e+01
-2.335280300156206135e+00 3.262263430998545433e-01 -1.025464899984956268e+01
-2.094599064009327716e+00 4.171639420965717604e-01 -9.371682050371260786e+00
-2.579518738874728712e+00 5.274040817321681285e-01 -1.036137752497442577e+01
-1.460628084316590192e+00 5.024025905099248623e-01 -6.283832921133900129e+00
-1.664739296782957290e+00 4.584816771895133813e-01 -7.078560739650276545e+00
-1.230380783528473687e+00 2.666760836489161512e-01 -6.136097069710475971e+00
-1.180183808333068018e+00 1.748797119265778355e-01 -5.781856826672528982e+00
-8.171043936926153384e-01 2.234865748201624314e-01 -5.392207499006212323e+00
-5.892007260062712692e-01 1.599019471715824314e-01 -4.729854760612546727e+00
-5.193516801883889533e-01 1.152569781289482648e-01 -4.823298246020286228e+00
-4.108343377140983299e-01 8.996339332564404212e-02 -4.727360498028660096e+00
-3.349282620042481340e-01 9.081293904429212083e-02 -4.662524476069598300e+00
-1.490505033323820949e-01 4.146182790466831219e-02 -3.752990056877241631e+00
-9.577512892354154983e-02 2.324871596345145629e-03 -3.882624682464168586e+00
-3.214202826165247356e-02 2.133859910419800762e-02 -4.114926867799085564e+00
5.498818013535038823e-02 -1.799367677972268931e-02 -3.605524961491161307e+00
1.258112265343070135e-01 6.928685426104196597e-03 -3.845539441134404157e+00
1.698588182813845215e-01 3.514645519119969502e-02 -3.150062634523186578e+00
2.675045040905661975e-01 5.278679427550977271e-02 -3.362731886919357205e+00
2.954981050048285929e-01 7.506412010197539841e-02 -3.210109700063473070e+00
3.254443469449571080e-01 9.658293977931704799e-02 -2.932780521339397595e+00
3.532740846351251629e-01 1.365090630800296079e-01 -2.792865732161485592e+00
4.028990742278422688e-01 2.059531818796071778e-01 -2.852837141941878762e+00
3.514411194849338949e-01 2.187850371144776374e-01 -2.489878456682919960e+00
4.281795493285720511e-01 2.679418779214889912e-01 -2.485712451863091310e+00
4.246344417959647122e-01 2.737447117894189486e-01 -2.380194296772257800e+00
nan nan nan
nan nan nan
nan nan nan
nan nan nan
nan nan nan
4.937854261517852228e-01 3.007445124151935656e-01 -2.171926189503663451e+00
nan nan nan
5.105083684272152533e-01 2.360347693847250627e-01 -2.244696519500978038e+00
5.172295805833566629e-01 2.373640396245805251e-01 -2.479432661749342071e+00
6.084533166391514758e-01 1.680445120599056152e-01 -2.571490884372231722e+00
6.697704191278218699e-01 8.212628535596458446e-02 -2.951128557456021539e+00
7.091848962923753552e-01 2.486511013622088109e-02 -3.333291053824804617e+00
8.346247977688605602e-01 -6.594229264912132571e-02 -3.783495506098742744e+00
9.700347564223835706e-01 -2.357413242955458677e-01 -4.618812250687433618e+00
7.158978048366815283e-01 -2.630012911278007959e-01 -3.981553234232273919e+00
9.115781232294259961e-01 -5.168573797819783211e-01 -5.195372229997504476e+00
5.980184619622446185e-01 -4.423807206392273428e-01 -3.872423956371426446e+00
3.997293783406202228e-01 -3.592183435923338441e-01 -3.850299208102376358e+00
3.770746702246838833e-01 -4.351932201166548442e-01 -4.604707140780788244e+00
3.808379647270700996e-01 -2.902409987329877539e-01 -3.872462836028001565e+00
2.596880839226919369e-01 -2.688123944416890843e-01 -4.321319973755670674e+00
2.463631497296156769e-01 -1.337278268256240077e-01 -3.448824480801887304e+00
1.794332115828849161e-01 -1.307913088974695937e-01 -4.127838270733892756e+00
1.112475910302389986e-01 -4.954005415135531026e-02 -3.479193386743084648e+00
2.960601447288888424e-02 -2.568859975748206612e-02 -3.980902307999532930e+00
1.323592767059425801e-01 -2.233290117466181154e-02 -3.560705380517824814e+00
1.861347070198706710e-01 1.381100524421427327e-02 -3.388496236502763548e+00
2.151574809764046359e-01 3.195655261263231212e-02 -3.111820138766009602e+00
2.762710466641156160e-01 5.987833567806574719e-02 -3.115445806410441776e+00
2.956990965781694514e-01 9.392712483595165585e-02 -2.807653489736596342e+00
3.348111262918823106e-01 1.782946019259810111e-01 -2.777966098053314514e+00
3.233476094738850226e-01 1.541797739584852556e-01 -2.576378991368948768e+00
3.784530618285327219e-01 2.470684844480620090e-01 -2.614253567749688756e+00
3.963877988983680045e-01 2.390938051077257653e-01 -2.396908133622082548e+00
4.054702679176105939e-01 2.685496462389222461e-01 -2.395639075110159499e+00
4.144795764194675325e-01 2.890442190760028063e-01 -2.282700707426237319e+00
5.550407084567741123e-01 4.655926103772051738e-01 -2.912167242316572757e+00
nan nan nan
nan nan nan
nan nan nan
nan nan nan
4.539969270745851659e-01 3.036505422176026814e-01 -2.302889754623265173e+00
4.186186806475011846e-01 2.591943997494842722e-01 -2.254743383650378075e+00
4.213638140627394835e-01 2.237769828577543529e-01 -2.311574939707518261e+00
4.181899400079999163e-01 1.805601021555391372e-01 -2.470573345503230822e+00
4.121736314542267521e-01 1.400212453651897559e-01 -2.776748344890773712e+00
3.907579194310040749e-01 8.514810235248415626e-02 -2.764969197810962065e+00
3.876038985152223670e-01 4.667555682913932663e-02 -2.945891729371459267e+00
3.630380865895039277e-01 -1.659157906121972587e-02 -3.259063060273180490e+00
3.271280573474986686e-01 -1.335895043024261028e-02 -3.393302275069234764e+00
2.994654875551527318e-01 -1.165034768917555391e-01 -3.319120007023458108e+00
2.360765502549610206e-01 -1.872202445185372210e-01 -3.937872631217575137e+00
2.358965945384230989e-01 -2.443059310455425459e-01 -3.621293899003724892e+00
2.216840628809687297e-01 -3.416411108635094007e-01 -3.949096948330117485e+00
1.360412958753521862e-01 -5.381651318867670675e-01 -4.648830005832144785e+00
1.224205963827122989e-01 -6.803204603741510592e-01 -5.336184591945437816e+00
-3.362909532759769671e-01 -1.807599767185767758e+00 -1.153707880680903486e+01
-4.126137175417517525e-03 -8.776343902894611082e-01 -5.958045701611725420e+00
-1.834864752234370566e-01 -8.501185024587445405e-01 -5.550936742922413458e+00
-5.085960228467605315e-01 -1.650872123822712201e+00 -9.616006053372629481e+00
-5.771366147286858261e-01 -1.462949968410825807e+00 -8.303613080193430918e+00
-2.799350116974735680e+00 -4.348232482775231666e+00 -2.467829104076609426e+01
-1.488744567943167230e+00 -2.164092933740900726e+00 -1.255988866814218596e+01
-2.100665266590834968e+00 -2.446579480883765978e+00 -1.531422823557893231e+01
-1.319692747383578890e+00 -1.327336690278329234e+00 -9.524269510268780436e+00
-2.743146198470454156e+00 -2.548883053701697765e+00 -1.747727310411703883e+01
-3.182482446570451540e+00 -3.374166122797552791e+00 -2.124280635476449675e+01
