nan nan nan
nan nan nan
nan nan nan
nan nan nan
nan nan nan
nan nan nan
nan nan nan
5.280250589172921227e-01 4.196179219709853525e-01 9.155089257424300797e+00
-7.367544405249058792e-02 2.987074113689277555e-01 5.308263960981737917e+00
nan nan nan
-2.719437872991404270e-01 1.266716205004023432e-01 3.770986444573444007e+00
-3.684379098900629756e-01 5.446497969899932734e-03 3.438432903194104107e+00
-3.757079614534943879e-01 -4.196422467695098274e-02 3.187972002613139733e+00
-4.002692289827405325e-01 -8.741330504533152690e-02 3.020993839160567074e+00
-3.945035919710376815e-01 -4.607434597448040355e-03 2.515459183507752439e+00
-4.268905923436862593e-01 -2.149574467162441993e-01 2.679177531740537077e+00
-3.868516973309236717e-01 -8.830286409914599177e-02 2.124795438031917172e+00
-3.683871270130137932e-01 -3.867976073559468986e-02 1.986945153641541451e+00
-4.294927173880360716e-01 -5.388169418943315053e-02 1.818190062749259761e+00
-4.796181605689813221e-01 -8.260328715025637425e-02 1.753313383963082117e+00
-4.175712230367159550e-01 -1.141043213789313809e-01 1.902457008400297633e+00
-3.892833765416195968e-01 -5.831035554119657488e-02 1.912905211554764673e+00
-3.652052678287047716e-01 -5.154201786374226768e-02 2.075411646273718880e+00
-4.076508861506170645e-01 -1.468840278443222791e-01 2.318241993710813631e+00
-3.420489406924761555e-01 -4.439844069679521610e-02 2.314014841480312334e+00
-3.457460918650935300e-01 -1.469872634716138660e-01 3.071266728011595060e+00
-3.353555060467793836e-01 -1.717887543782671000e-01 3.391180258138680959e+00
-3.349589508036791563e-01 -1.788907816478635671e-01 3.422976158155181192e+00
-3.067904877643797268e-01 -1.824871958666005600e-01 3.710161379949855398e+00
-2.512474073151754750e-01 -1.686887953667982887e-01 4.355350978349957991e+00
-2.430266949457143832e-01 -1.890136212120831216e-01 4.631367454495437741e+00
-2.044600264900232056e-01 -2.186079412608176176e-01 5.376602594197879448e+00
-1.337941592844348326e-01 -5.042555002307556183e-02 5.061890026710697654e+00
-5.164764894063884199e-02 5.180717201415275808e-01 3.567756321005196796e+00
-5.980243536547890509e-02 4.242118758246131160e-01 3.950293118469900389e+00
-2.168469674127746216e-01 1.712647431010427823e-01 3.237733016162978927e+00
-2.254831954561999641e-01 9.334449507845490879e-02 2.729457037136393094e+00
-2.218872908744239369e-01 1.409966456509737787e-01 2.466314979422580489e+00
-2.834499013277387847e-01 5.160169504604571189e-02 2.564365027696635657e+00
-2.989067653277228676e-01 3.373084948288965212e-02 2.281560697004326066e+00
-3.623690430874131896e-01 -5.201195488566423553e-02 2.286012604529646719e+00
-3.618636640204827559e-01 3.394000163088697897e-02 1.864197109170113054e+00
-3.697173854502076584e-01 3.801177102950848569e-02 1.746524448104990856e+00
-3.879381267299195080e-01 1.261128887968834301e-02 1.675897210626569489e+00
-3.814261393333891470e-01 1.047430920703470436e-01 1.571843367579037754e+00
-3.661493374213560248e-01 7.732788594097311785e-02 1.527896727897008589e+00
-3.732060677444371533e-01 3.157196332183371396e-02 1.732851078235899234e+00
-3.530283916198131422e-01 2.495770935634460466e-02 1.889143458501728379e+00
-3.149949718951859934e-01 6.941707036336858261e-02 1.804220522102846225e+00
-3.223428053668262461e-01 1.197949243113767270e-01 1.974222212720178726e+00
-3.239743805581284941e-01 1.239102990800173554e-01 1.957199904734782558e+00
-2.140199893904383421e-01 2.963177705019355845e-01 2.697089459655409360e+00
-2.095062201626576026e-01 2.603803758006852376e-01 2.546142098234278617e+00
nan nan nan
nan nan nan
-5.455637169289691280e-02 4.042703020581805973e-01 2.746919889818472793e+00
nan nan nan
nan nan nan
nan nan nan
nan nan nan
nan nan nan
nan nan nan
nan nan nan
nan nan nan
nan nan nan
-2.341807950069744459e-01 3.054887568263734421e-01 1.586130356480518477e+00
-2.599705917154492840e-01 2.375288526472507378e-01 1.479645117392884179e+00
-2.420494964143965200e-01 2.814348384667744729e-01 1.380006644316678743e+00
-2.507019977297924029e-01 2.324590739287731855e-01 1.371920659623334204e+00
-2.623837184954941337e-01 2.459744154200541599e-01 1.262647084112584972e+00
-4.314619604403142628e-01 4.548497275107910021e-01 2.045900215859591587e+00
-2.534757771715791530e-01 2.216555071295627233e-01 1.350019524433081264e+00
-2.547669085853966342e-01 2.650526418568308618e-01 1.322698820427028910e+00
-2.451279167949168836e-01 2.826917539136019064e-01 1.374898695726651798e+00
-2.484077946634522249e-01 3.004539331637093857e-01 1.445755923871838045e+00
-2.448035309868728526e-01 3.164443793498109003e-01 1.570768943302071063e+00
nan nan nan
nan nan nan
nan nan nan
nan nan nan
nan nan nan
nan nan nan
nan nan nan
-1.961304597629398017e-01 3.464208524432919045e-01 2.794219265038160760e+00
-2.293094667683895083e-01 2.632692776920720346e-01 2.670409403773803980e+00
-2.149329368094251846e-01 3.569672837247321873e-01 2.845944782271811135e+00
nan nan nan
-2.340220600822023878e-01 1.538600143481678451e-01 2.231093143734443895e+00
-2.301273856012754360e-01 1.681696890381817189e-01 2.155170219464937809e+00
-2.817706408850506050e-01 1.933158254971838741e-01 1.805867132974258382e+00
-3.143067552163847922e-01 7.403003256964300893e-02 1.788738665576859788e+00
-3.079563542941547993e-01 9.498757636719705466e-02 1.691691005545321591e+00
-3.095603179033901142e-01 1.159418209745085859e-01 1.584200346523602088e+00
-3.545099580861471034e-01 1.468989178165704401e-01 1.529636888200803790e+00
-3.526709236648871704e-01 1.489175205425657955e-01 1.385851907122557014e+00
-3.219150959966362024e-01 1.530565289278372765e-01 1.464871683068421859e+00
-3.063632423478834244e-01 1.772410981820406184e-01 1.602240613289287463e+00
-2.713498837819190435e-01 1.948908951776525678e-01 1.775807871184427178e+00
-2.496414642740879541e-01 1.642949408348125251e-01 2.017769082610880282e+00
-2.729284861477672131e-01 4.671355203490192287e-01 2.759887692914712698e+00
