nan nan nan
nan nan nan
nan nan nan
nan nan nan
nan nan nan
nan nan nan
nan nan nan
nan nan nan
nan nan nan
-2.858449410352144615e-01 5.567192721250336929e-01 2.862933609040752447e+00
-4.280705572133833292e-01 5.120373277056995409e-01 3.420526989157584907e+00
-5.040703596215613258e-01 5.587271192816561927e-01 4.054993622013487453e+00
-4.842001792407850669e-01 5.796242612127429084e-01 4.211772839783321842e+00
-1.577065230935685014e-01 4.885522344886013557e-01 3.189736041713850501e+00
-5.134916116183592116e-01 6.378855558184977070e-01 5.700520137443235491e+00
4.094498545955901209e-02 4.935459415121830618e-01 3.194848836669850645e+00
-5.022744861238188641e-01 4.694701302301037549e-01 6.438883227196625647e+00
-1.912926037604199658e+00 1.653164504607710084e-01 1.587845461158197935e+01
-2.052780796160380561e+00 4.162244332510520173e-01 2.122097247106461282e+01
3.463208172842046295e+00 8.618346809969229527e-02 -4.042758363743895700e+01
-2.111541487430866226e+00 1.618293590452674069e-01 3.180921848654159945e+01
9.525551930630193898e-01 7.119664517779271673e-01 -1.023510565205151934e+01
5.635970457040277992e-01 5.740582150576712950e-01 -9.369679104242703005e+00
1.437692425922615200e+02 7.260395366583972532e+01 -1.988936278122087060e+03
-1.122330621428440922e-01 4.587222008869203949e-01 8.387038334003520390e+00
1.656215773139779746e-01 4.859346046289376164e-01 4.006320762171904803e+00
-2.140080566900038228e+00 4.530673475363292124e-02 1.845368513558076984e+01
1.352988201852063088e-01 4.749952108005741080e-01 3.139542499923595464e+00
nan nan nan
1.300809784295182958e-01 4.581736699816365554e-01 2.835068883061046208e+00
1.323257776852129752e-01 4.498715259449368453e-01 2.670624613005393666e+00
1.459961092368742830e-01 4.556119320548369656e-01 2.476760465418185397e+00
1.434206975875542689e-01 4.539684836540794355e-01 2.417111852155739982e+00
1.642287556144362837e-01 4.571354317888792207e-01 2.243018228723512753e+00
1.555647011323909312e-01 4.487100560889711875e-01 2.165345357183839248e+00
nan nan nan
-2.383045652662049707e-02 4.074873198473092928e-01 2.711587678728369255e+00
9.031750161622166539e-02 4.397615728657618406e-01 2.227710066199241279e+00
1.040493611746606262e-01 4.212427830045932797e-01 2.121697675011362971e+00
1.075312398101431755e-01 4.237844780940317468e-01 2.092817775954735282e+00
1.697374233978098668e-01 4.365541638928220336e-01 1.993411021508077141e+00
1.912802980362181549e-01 4.309929977152165970e-01 1.916418105801804606e+00
1.676774202321259788e-01 3.984232087177372872e-01 2.054273895611573586e+00
1.783192769002296119e-01 3.684143224786247672e-01 2.192553324799524361e+00
2.415432034983482634e-01 4.050181344417200235e-01 2.275003641407088661e+00
2.388853239704185061e-01 3.281356258904046252e-01 2.343851521926032966e+00
2.937430707019395015e-01 3.044227835367204760e-01 2.457959373825103544e+00
3.458800470238489466e-01 3.352701458301376447e-01 2.554189048748481294e+00
4.204589374924009859e-01 1.712526975647084837e-01 2.957490952848775390e+00
4.927810504786863111e-01 1.266690573485376448e-01 3.291133755091267155e+00
1.136388400006229427e+00 -1.582982099266944109e-01 5.402944582953565167e+00
1.873380116783339044e+00 -3.929837400268976766e-01 8.122013451433440778e+00
4.807530103846089808e+00 -1.949807506056709272e+00 1.880179803163252927e+01
5.467008054776832715e+00 -2.589037296661693688e+00 2.281061052355351748e+01
3.368058234845845789e+01 -1.037760294285885720e+01 1.393060528840863697e+02
1.604201743713607575e+00 -3.228626919026966746e-01 7.469879019061930414e+00
1.038898205120779794e+00 -9.617144798735914601e-02 5.415342148218705631e+00
5.750857275000134106e-01 3.395945887643654904e-01 3.526816112693614169e+00
6.320247191872971904e-01 3.255440702152578858e-01 4.059055604521226712e+00
4.649249582531464475e-01 2.299882914505677056e-01 3.585499277851631028e+00
3.691130113902069132e-01 3.889073617414399164e-01 3.151146604113880478e+00
2.851876675257312144e-01 3.364389111266957166e-01 2.995134629081662059e+00
2.496247872071500340e-01 3.951541264753987148e-01 2.775710087366645151e+00
2.020825025280775511e-01 3.936521127013299926e-01 2.854813381681770679e+00
2.037217186646235745e-01 4.458311188632282374e-01 2.682405117611259548e+00
1.670954285661814531e-01 4.285750353538602675e-01 2.829440287982015967e+00
2.653713085176320208e-01 4.993887879840628874e-01 2.200945152439503172e+00
1.524512825048034148e-01 4.564313652288256029e-01 2.823014301337698484e+00
1.490710421759432747e-01 4.822054528196316747e-01 2.945687028108363137e+00
5.134540903690563290e-02 4.430114623502682814e-01 3.673751606767913458e+00
2.610461154826227426e-01 5.176130585596677713e-01 2.493110877816373527e+00
1.912062939509292514e-01 4.871868355182469301e-01 2.932052705292323314e+00
-1.969178080496553421e-02 4.594955203961686441e-01 5.063250750862930971e+00
2.644854778229346337e-01 5.465556569912645157e-01 3.211407672820909998e+00
2.564609609280201208e-01 5.339166634754536345e-01 3.283427305198162394e+00
2.436536721418555707e-01 5.409467493424905404e-01 3.763740701393427646e+00
-3.572178565780639858e-01 7.225880880855777288e-01 1.147815707656959816e+01
1.061974244757558639e+00 1.582105822183808574e-01 -1.217017796270002172e+01
1.091767977229645359e+00 1.526519605996793372e-01 -1.294864061668904043e+01
7.665384798165606473e-01 3.715215878293769425e-01 -9.866975219066034697e+00
5.930919432213415110e-01 5.250850552243977454e-01 -6.548451808661294393e+00
6.992575356067288750e-01 -9.326939654326767137e-02 -1.294316390995722621e+01
-4.883748668576588514e-01 6.484930293972697157e-01 1.370070282320302368e+01
3.305793989755394069e+00 4.913409253952275013e-01 -3.227319127084764716e+01
-8.119353349448926727e-01 6.209955548602094089e-01 1.329267932062147572e+01
-9.478731278914587222e-01 8.864007779259887032e-01 1.382172624968023378e+01
-9.056625379927952801e-01 1.032353200051301823e+00 1.204851877552434480e+01
-9.191387375435822182e-01 7.773810985034127485e-01 1.056569932491812480e+01
-2.735789968546079726e-02 5.659358369541303002e-01 3.609839558468311616e+00
-3.493215593878528646e-01 6.890027138218586256e-01 4.623211093758140322e+00
-2.522879765676246389e-01 6.563689511525069298e-01 3.935148805414215634e+00
-3.245053523204822765e-01 6.832761874951404080e-01 3.946804425168878527e+00
-3.888601951189396000e-01 6.175660216330730590e-01 3.562799959295229080e+00
-3.997650402190834895e-01 6.217678983832826134e-01 3.359042491011495546e+00
-4.135945132947310698e-01 6.032572509358369306e-01 3.287139561704969459e+00
nan nan nan
nan nan nan
-1.755333194728616319e-01 5.171128733123586674e-01 2.431479256264147182e+00
6.377957383750518239e-02 4.846855883325600911e-01 1.993294141398004760e+00
-4.224609344090757834e-01 5.332307143550354400e-01 3.310746392625942836e+00
nan nan nan
-2.070705847931794963e-01 3.975567161276548078e-01 3.535065443751563397e+00
-3.016553774696607571e-01 4.040822410909719054e-01 4.300404100184013423e+00
3.180660717071431831e-02 4.174054319997528295e-01 2.904513987314701229e+00
-1.339283370729714262e+00 1.303945448567352394e-01 9.491416396133788069e+00
-3.337497746811804333e+00 -2.138901096643517352e-01 2.586801357243255595e+01
-1.867781499451983152e+01 -2.686426829822845530e+00 1.558931595477877465e+02
2.823895226110793910e+00 8.758200955230035500e-01 -3.219428856124724803e+01
-3.576169904714822767e+00 -9.877301180691391291e-01 5.740001055584819056e+01
1.778616739752721942e+00 1.003537172891686424e+00 -1.921109135544153546e+01
8.597302656298739798e-01 9.474852710216288276e-01 -7.622052553121403839e+00
1.574572298504944845e+00 1.272353195863775488e+00 -1.772636275981031417e+01
6.085780613250941329e+00 2.933546571275702952e+00 -7.087089600115965027e+01
2.084943252311766582e+00 1.093971108646140111e+00 -1.736016444736466724e+01
7.519739055021486263e-02 2.583688365819075128e-01 5.512802413832900150e+00
nan nan nan
nan nan nan
1.854143768353665456e-01 3.443125721428201835e-01 3.562247442187539193e+00
2.713777186999012381e-01 4.026523539678230068e-01 2.542711065360284461e+00
nan nan nan
nan nan nan
2.616508989381132744e-01 4.000067235081626316e-01 2.402300727445693340e+00
1.039149723332715020e-01 2.507127074248011178e-01 3.365102728509277163e+00
2.222014377586397360e-01 3.660810302028522090e-01 2.734638137672861458e+00
1.067661311559917198e-01 1.587862896817563152e-01 3.801889492841901586e+00
2.058400491932727283e-01 2.704650972711338808e-01 3.148072546944342243e+00
2.564120100366744648e-01 3.123914571776420512e-01 2.799420703792059761e+00
2.586962384163826179e-01 2.074604189757447148e-01 3.199563058168294560e+00
3.122839217343668095e-01 1.771290298471064895e-01 3.305809193400768287e+00
3.852579054612159659e-01 3.061673649479839110e-01 2.989869722602344293e+00
4.593731967002118166e-01 3.464244743258472481e-02 4.001004875810610706e+00
4.929900670877520596e-01 2.083659703852277501e-01 3.071771756129754394e+00
4.630517044590022890e-01 2.184794943405935219e-01 2.689042454136537419e+00
-8.127601819102794778e+00 4.812434892470172976e+00 -4.397822943359753367e+01
4.905057821348540736e-01 2.992875671883729050e-01 2.276349641850979655e+00
3.065631007571857136e+00 -1.607939781575263849e+00 1.244417339047470428e+01
2.773787508766266452e+00 -1.697698899569276554e+00 1.168186490487718032e+01
2.595750589129111496e+00 -1.644380371256664919e+00 1.237166866248182728e+01
9.532959813342424260e-01 -2.204500151158839683e-01 4.371351084610754612e+00
8.380739596985347095e-01 -6.953201411006696558e-03 3.859103075648979697e+00
6.014839495213331055e-01 9.013257081403418941e-03 3.155793207666764744e+00
5.010156091880473284e-01 2.117704483649912595e-01 3.004607796139719067e+00
4.279452743730521869e-01 1.875174642190006180e-01 2.393120540025596821e+00
3.254088979768101630e-01 2.601364634024169731e-01 2.091301462443901471e+00
2.761638885311365477e-01 3.557285200145859361e-01 2.008126258648979423e+00
2.592041897971124054e-01 3.031400454954150669e-01 1.846401369314709218e+00
2.180756135244657501e-01 3.416145021736547438e-01 1.750045405054661440e+00
1.904749869575053933e-01 3.460324250771260046e-01 1.809074365808119644e+00
1.803855441074382615e-01 3.802615585935013587e-01 1.701803639228662846e+00
1.710032391985089884e-01 3.853986368255345463e-01 1.716124206894499959e+00
8.384099864878115371e-02 3.411102329786250276e-01 2.158567388327629288e+00
1.627079311823952379e-01 3.964790106922993496e-01 1.985808249516100688e+00
1.027739319555172337e-01 3.477347607225723669e-01 2.295882450450772438e+00
1.985283151008241376e-01 3.944870844565182000e-01 2.060185601366949282e+00
5.573296816934351222e-02 2.597077244094116999e-01 2.940412352233980009e+00
1.983229088237788984e-01 3.823986870662529625e-01 2.373580811416300396e+00
nan nan nan
2.279777639989611360e-01 3.737252563357529866e-01 2.497131960846729726e+00
1.032277420504598975e-01 2.501201879117952998e-01 3.475067593079368855e+00
1.526554810758863345e-01 2.551544537378777622e-01 3.309363901089003690e+00
1.875902588741885646e-01 2.545328768803695740e-01 3.024317713138144459e+00
2.316368260726572037e-01 2.717499573824755932e-01 2.888315872016288033e+00
2.447766279162438274e-01 1.788649500881769050e-01 3.169296914365353768e+00
3.689572084400705720e-01 2.640363691064965823e-01 3.166854759382384366e+00
3.137973653718045264e-01 1.443164876301269162e-01 3.082411833821531832e+00
3.827617117732979302e-01 3.313083621659065336e-01 2.386511207760141584e+00
5.149378808390085993e-01 2.894457339722578820e-02 3.733513350610938808e+00
5.684100189147640592e-01 4.092712915812531799e-02 3.801100997571611018e+00
7.087261398836496307e-01 -1.847661287350368664e-01 4.394786991503235818e+00
7.058709766623593174e-01 9.477476116430641473e-02 3.670387167553424312e+00
1.248947990485646198e+00 -5.929831840067978366e-01 6.101167476420085833e+00
1.970987793291678836e+00 -1.226515034963544970e+00 8.514410160887942780e+00
1.694887280690860143e+00 -8.707747095673962212e-01 7.252773079092381892e+00
9.672371170000086948e-01 -1.593410425988562307e-01 4.607849122250635254e+00
7.086824268571288998e-01 -7.807995596066050203e-02 4.027020831094367814e+00
6.297376857879162237e-01 -1.677027227136420606e-01 4.056151756321384028e+00
5.193699646973181094e-01 -2.728557609495724928e-02 3.626341765088408220e+00
3.969816048257922003e-01 9.833998073424984887e-02 3.163583535982336770e+00
3.223405517497946460e-01 2.731624747230204098e-01 2.581849001887865480e+00
2.660055559139768988e-01 1.832944517074433510e-01 2.828706878927917501e+00
2.278208340512342944e-01 2.227342395515068407e-01 2.784386656572184204e+00
2.287684114880250419e-01 3.254965058481973372e-01 2.374445620737901219e+00
1.986143328795249574e-01 3.042098133183967490e-01 2.722587345425493410e+00
9.950119144864527643e-02 2.647996265013453643e-01 2.726872245216494406e+00
1.716304787798887399e-01 3.600607429522582614e-01 2.276887795214694421e+00
3.925699253495413404e-02 2.980310179527543846e-01 2.600033507140993905e+00
1.252673420064213602e-02 3.230740640759398041e-01 2.567834481928569890e+00
5.871309185315976009e-02 3.684839568984070168e-01 2.254054584082766599e+00
6.717710418814605566e-02 3.974860465011317290e-01 2.195620606828904808e+00
5.510535306034862468e-02 3.940058768977209858e-01 2.120352866409790593e+00
1.694992236867151891e-01 4.119225512320963123e-01 1.808975191125848259e+00
-1.459760372559412538e-02 3.805803877294556270e-01 2.354203206307887264e+00
1.105216206275765473e-01 4.301539457229983099e-01 2.004907443311311432e+00
6.493117919821529693e-02 4.136993328287963956e-01 2.097677880314542609e+00
8.702654405669156545e-02 4.308882843936638340e-01 2.110607940291355789e+00
8.883401000209073528e-02 4.227385424168899064e-01 2.123715399550989424e+00
2.388222158094593581e-02 4.409523513162947328e-01 2.461250800935424810e+00
3.837018944382374064e-02 4.098165324790841724e-01 2.475142926076108640e+00
1.028226154526969971e-01 4.584142449959364152e-01 2.261965931911508410e+00
nan nan nan
