nan nan nan
nan nan nan
nan nan nan
nan nan nan
nan nan nan
nan nan nan
nan nan nan
nan nan nan
-1.117971229847095849e+00 7.795537312972402599e-01 4.200331996290965542e+00
-1.088571899585489833e+00 6.897520981061414647e-01 4.226798032144011508e+00
-1.608683111060682513e+00 7.111812723467758612e-01 5.879804884190416914e+00
-1.784581492090787425e+00 5.114417573986690391e-01 6.224192841455973735e+00
-1.744996038668090721e+00 4.319992475205464144e-01 6.064260485467639405e+00
-1.243261713225403131e+00 2.735621716036066853e-01 4.837003623809811081e+00
-1.448207779241220461e+00 5.891283758718552505e-02 5.267328626810456882e+00
-1.117639194586903528e+00 -5.591913855826713409e-02 4.538637053228653961e+00
-1.148398472782692359e+00 -1.637772517693857621e-01 4.728755486861858870e+00
-1.896959629828927740e+00 -5.983710421759517173e-01 7.066835502285806037e+00
-1.620335942179934374e+00 -6.086151803420762896e-01 6.122465329010625901e+00
-1.334938325125745173e+00 -7.185009020855500639e-01 5.297367150341287356e+00
-1.549411392553043276e+00 -9.172798768090016930e-01 6.057605521607993815e+00
-1.528464881614766568e+00 -1.200191741278111346e+00 6.187831953721498301e+00
-9.381483681895143034e-01 -9.322931943035546176e-01 4.434465674718148342e+00
-1.126655721862989346e+00 -8.659787842803063906e-01 5.024443473956480943e+00
-8.402273514513586283e-01 -4.908955186556023809e-01 3.992727385598854539e+00
-8.230048671601867261e-01 -3.978740495592913984e-01 3.911057361382659359e+00
-1.746552127767579288e+00 -6.557203993116670349e-01 6.676817528529295664e+00
-7.688330660069593314e-01 -2.146979645366659528e-01 3.733719550089015904e+00
-6.702585177872644184e-01 -1.135509261437860212e-01 3.430724776133005083e+00
-6.353142720580030600e-01 -6.002820275540531741e-02 3.332891099190893769e+00
-5.832906994231533693e-01 -7.018811378508162981e-03 3.187004910264093827e+00
-5.171224164451397876e-01 5.384172697748543235e-02 2.990927301091568236e+00
-4.354454855775889421e-01 9.568315589268650001e-02 2.760388074248218526e+00
-3.875737971826732076e-01 1.244153144686396262e-01 2.617049526903132417e+00
-3.305347231885455983e-01 1.606947276397346358e-01 2.466521098299725878e+00
-2.577901597338121964e-01 1.843353193183827621e-01 2.287604255892374816e+00
-1.912103813741003466e-01 1.855828538700597108e-01 2.128281520877740807e+00
-1.425034065646632597e-01 2.119085202896250353e-01 1.967124881906120892e+00
-1.054677203448371181e-01 2.111097799508524497e-01 1.882508664537544618e+00
-5.568086202786429184e-02 2.170996334035881214e-01 1.747993207127754633e+00
-1.881467636811006566e-02 1.868875385989391680e-01 1.644307186773528384e+00
1.570339616299214897e-02 1.780211279312464423e-01 1.563592006169808979e+00
5.196532310364806312e-02 1.621740955035131382e-01 1.487560374735212410e+00
8.835066511047716398e-02 1.377464934521056006e-01 1.401378615628783741e+00
1.008707967081513834e-01 1.070289748968642762e-01 1.358331572278126620e+00
1.233247064468835225e-01 9.905371914916427656e-02 1.312077569796342935e+00
nan nan nan
nan nan nan
1.782125507488092064e-01 2.377682139419663720e-02 1.205151369854772225e+00
1.839874803856798025e-01 -1.155280365231270943e-02 1.206741353680020001e+00
2.221835702355796638e-01 -5.128215134803378733e-02 1.119185191919581657e+00
nan nan nan
nan nan nan
nan nan nan
nan nan nan
2.207500850025344019e-01 -4.672484842149732254e-02 1.118130345218589117e+00
2.074200155273640267e-01 -4.857601857583004890e-02 1.142857544090511546e+00
1.793673861470982123e-01 -9.779822969608983896e-03 1.182785176653520232e+00
1.657487870907882466e-01 -3.509170802395774214e-03 1.209152942757485416e+00
1.501132092940290763e-01 1.847759426241782008e-02 1.255660949366056434e+00
1.266839380530764558e-01 4.049455946531221873e-02 1.293491922744131495e+00
1.058540990255452674e-01 5.329364764622560036e-02 1.359015757878870190e+00
7.345961038268999932e-02 7.040652148856316184e-02 1.430246819940825587e+00
4.715663466990555053e-02 7.921552417133041757e-02 1.502450954414652706e+00
1.142403143174497426e-02 8.955715234691104254e-02 1.569441685833090849e+00
-2.878545635774753045e-02 7.981252120809359529e-02 1.697847373613982747e+00
-5.978498546221808208e-02 7.800462722373398272e-02 1.741937128665633105e+00
-1.022425657724868597e-01 7.640308642826168506e-02 1.877264144117448907e+00
-1.479279492206790336e-01 6.555921968671875322e-02 1.979240133810586055e+00
-1.937352763830607616e-01 3.221739377309097707e-02 2.124482370230429407e+00
-2.320992056913264989e-01 5.941772214058420841e-03 2.193928322329979252e+00
-3.061660809556847607e-01 -2.596725770219359894e-02 2.416537813729207063e+00
-3.626019024765354537e-01 -8.804041663008137231e-02 2.594903277532154107e+00
-3.831577141072482484e-01 -1.352389166723347580e-01 2.609251144658707222e+00
-4.881619252608123127e-01 -1.913314954545321800e-01 2.902690908772578293e+00
-5.763086500456380268e-01 -2.797136712315106410e-01 3.158869867359340944e+00
-7.475268215494688118e-01 -3.994440106066864393e-01 3.810562601029750862e+00
-1.113679930192440937e+00 -6.629328858740862751e-01 4.632871032220474916e+00
-1.090831165005442305e+00 -6.659462200929573417e-01 4.587944777990340839e+00
-1.118690541773836422e+00 -8.529977388435604491e-01 4.774822827175858819e+00
-1.213699308564489154e+00 -1.046231703409842950e+00 5.107962024768759157e+00
-9.931331466381624340e-01 -6.438654235227410094e-01 4.237963709492597708e+00
-1.136197346563792898e+00 -6.090520123567576549e-01 4.754457872859441991e+00
-1.381109071490345341e+00 -7.007604121667511121e-01 5.459395797312639687e+00
-1.270256631124817792e+00 -5.211409332649219461e-01 5.085486007764302485e+00
-1.258188422300124953e+00 -3.594306500668904558e-01 4.876748462389737249e+00
-1.171377620878983450e+00 -1.873248634649766209e-01 4.518081498854624733e+00
-1.336159706400976255e+00 -2.223319476266863159e-01 5.047548839324512038e+00
-1.006431548190971803e+00 3.031120655421997920e-02 4.113704688238134288e+00
-1.281826733350134306e+00 2.168829575443896318e-01 4.630248063186912511e+00
-1.288419136131820908e+00 3.013452166165660473e-01 4.622807568395487010e+00
-1.353359880809475779e+00 4.780186421948033892e-01 4.735706474888092821e+00
-1.435521591971532285e+00 6.050266256484908567e-01 5.004569351060890625e+00
-1.460129731413685850e+00 7.664323894276319216e-01 5.105003497012091884e+00
-1.430811715922722938e+00 8.194948866731108783e-01 5.090747585920860629e+00
nan nan nan
nan nan nan
-6.537101074663846934e-01 6.145671498008959954e-01 3.141647285409165491e+00
-7.434910743290795709e-01 5.466442191679834472e-01 3.345845729605687602e+00
-1.111479705065068657e+00 6.490807767660388139e-01 4.704172183775096272e+00
-9.622155839188417659e-01 2.972327844445092349e-01 4.168414481083963175e+00
-8.918259042906709899e-01 1.103328264069109443e-01 4.072404905403419484e+00
-1.196843188143249970e+00 -6.847095148965996747e-02 5.231346705890109305e+00
-1.099207111799484604e+00 -1.203703198757882231e-01 4.743166298742581333e+00
-2.336116133041468146e+00 -5.468491247733423544e-01 8.627291927154804085e+00
-2.113110712800695179e+00 -7.935050924493733948e-01 7.751332785618648025e+00
-1.817936222165890792e+00 -8.320668264418411564e-01 6.861675745779090896e+00
-1.411867412661821142e+00 -9.121951611245796565e-01 5.706277033868901505e+00
-1.184583904797572362e+00 -8.606574392571980647e-01 5.145536693646978854e+00
-1.667772047452920958e+00 -1.244662420122380597e+00 6.597040847828929522e+00
-1.728941758875645052e+00 -1.675361670433897610e+00 7.135661087822902537e+00
-1.607585986195204875e+00 -1.412771985237202710e+00 6.616581757234759387e+00
-1.065633915446961177e+00 -8.701439183762733620e-01 5.076143714558750020e+00
-1.748639112546964469e+00 -1.185447686067612194e+00 6.973232871700122182e+00
-6.097135940569871071e-01 -5.100805246276555183e-01 3.549564959998213975e+00
-4.775431499041495886e-01 -4.035652697936027433e-01 3.175692957878830658e+00
-3.922258690380949764e-01 -3.003533292979824743e-01 2.884068729597903058e+00
-3.067838872066576128e-01 -2.232495263938497343e-01 2.613257534737028820e+00
-2.455221341580207384e-01 -1.826507439952514134e-01 2.426632856094403046e+00
-1.732494911908992186e-01 -1.444012898135336453e-01 2.268710120256203222e+00
-1.398608268295696011e-01 -8.759485993096306766e-02 2.138668232355800392e+00
-9.267051305508176851e-02 -5.534516931380496774e-02 1.966378273320829040e+00
-5.321172203667059314e-02 -2.808701685100803078e-02 1.883631019304740306e+00
-1.970541346104136282e-02 -7.149465656872855401e-03 1.749498764722349886e+00
2.190718150242261866e-02 -2.105215199305430704e-02 1.684322342703626685e+00
5.329899847853525330e-02 6.880254313576857766e-03 1.551474874663449688e+00
7.366062126896362472e-02 5.239127812790712879e-03 1.501359754704956639e+00
1.027571448604882587e-01 -1.445605859843223837e-04 1.438218095399537821e+00
1.269971703868744139e-01 -1.080075500644875862e-02 1.379073441356840402e+00
1.389416264772030118e-01 -1.901049479875402057e-02 1.321445946218133827e+00
1.588569612497686689e-01 -5.507149428981529538e-02 1.315699990274070696e+00
1.825513224715390181e-01 -4.279246932244339108e-02 1.226348420629059355e+00
1.954417033825464611e-01 -5.094890139797290940e-02 1.204871845843646705e+00
nan nan nan
nan nan nan
nan nan nan
nan nan nan
nan nan nan
2.423229181875186933e-01 -4.308579246945087177e-02 1.099423215640732199e+00
nan nan nan
2.296040866347589804e-01 -9.666146844555285542e-03 1.112232342109501282e+00
2.050425383869106111e-01 -8.452713419050936249e-04 1.153658768481209407e+00
2.146812751738260139e-01 4.555086694753739812e-02 1.113654764562246546e+00
2.015952279119788970e-01 8.337506238553772653e-02 1.143544880721704127e+00
nan nan nan
1.843412519989614251e-01 1.318137914562060309e-01 1.169611978438261701e+00
1.671684808276512058e-01 1.635638175831955754e-01 1.202301139991346135e+00
1.407394732814546134e-01 1.689741872875771822e-01 1.281972085286041230e+00
1.201892683087514152e-01 2.061320642515546697e-01 1.304534190780089142e+00
9.223529322324754143e-02 2.194622862196686230e-01 1.400786576178044918e+00
4.283661277511544713e-02 1.759999210169043427e-01 1.550421880904428784e+00
8.284914362333348214e-03 1.745659071146567765e-01 1.614027946104856559e+00
3.885218660907754223e-02 1.494419339091320742e-01 1.556287306312455598e+00
-1.309918038587632415e-02 1.171248027756598281e-01 1.683697193087964727e+00
2.578878027052245586e-02 7.756985028624485690e-02 1.639152939320573932e+00
-2.048762207491075515e-02 6.008123582942347107e-02 1.726955087569942426e+00
-2.497050850622758653e-02 2.319499304897213853e-03 1.806836110341553781e+00
-6.943264372708192467e-02 -2.334767986045618859e-02 1.899691239476040572e+00
-1.700303805918203931e-02 -8.041449986046919022e-04 1.764285462723198528e+00
1.699103118124948783e-02 -2.371618705478096764e-03 1.670261768373263012e+00
4.412444412926112142e-02 -5.104821336892643828e-03 1.614129650432407859e+00
7.242315821116517005e-02 1.608371638890345942e-03 1.521171905045916262e+00
1.017130573953807099e-01 -1.335125481499495857e-02 1.462798969085127077e+00
1.219062870819797029e-01 -3.265577086640662069e-02 1.390035054211749443e+00
1.368536205036954556e-01 -3.586945339935806998e-02 1.380692592221137271e+00
1.557236483045625342e-01 -5.040851742264658431e-02 1.300637938559607854e+00
1.817968912766244616e-01 -4.859247197671111990e-02 1.246534879408211394e+00
1.864594777468955578e-01 -5.714158148377729979e-02 1.230263913764013672e+00
2.098370540126174577e-01 -6.887161273201770906e-02 1.189040282377862079e+00
2.056110309324878371e-01 -5.589546603596604740e-02 1.144973127137992597e+00
nan nan nan
nan nan nan
nan nan nan
nan nan nan
2.143910034370902495e-01 -5.393883531207988719e-02 1.155313792175953758e+00
2.103338753492257907e-01 -5.500386910605709057e-02 1.186978213895599987e+00
1.971246107079930865e-01 -3.563918188213650862e-02 1.206909678010877895e+00
1.776519097880016052e-01 -1.449255783048652990e-02 1.250425863873161569e+00
1.447054357356269694e-01 7.616626310373713314e-03 1.315109454637496844e+00
1.395943576463090641e-01 2.126819956918094348e-02 1.346193032717297733e+00
1.204076068306357966e-01 3.731536165188351073e-02 1.382047856267428321e+00
8.781195742782225977e-02 5.585108906834921477e-02 1.455127180965293920e+00
6.506941115706851853e-02 4.806202097820556907e-02 1.507201664714244993e+00
5.482630171127124419e-02 8.196181692902276827e-02 1.560271772267855184e+00
1.523500164357581262e-03 8.993439213665152532e-02 1.675186921723023747e+00
1.574107972704973362e-03 1.165025600791411153e-01 1.697508475648052295e+00
-2.259184518476706205e-02 1.457928719470162060e-01 1.748838365315594112e+00
-8.945936087997274910e-02 1.861541694406305403e-01 1.907561503826665783e+00
-1.120182685087428298e-01 2.092453231601526797e-01 1.936638064348273458e+00
-1.556059419818796030e-01 2.458857546213333856e-01 2.060964773336522171e+00
-1.807785217515675835e-01 2.427457053267659814e-01 2.113727733831327171e+00
-3.024536814237381299e-01 2.474984833731699030e-01 2.485475400034585114e+00
-3.473044495284928757e-01 2.850532941965974176e-01 2.515301948167454338e+00
-4.526395520294878572e-01 3.026040313781389046e-01 2.829439213994723090e+00
-5.294846946149435185e-01 2.854056181631741129e-01 2.997833851806300576e+00
-6.712241280713696634e-01 2.828777271868455068e-01 3.418117889916704844e+00
-8.054359485314421807e-01 2.422318386216501529e-01 3.744594536403211382e+00
-8.885821280350212348e-01 1.527625079256785812e-01 4.059547427823262389e+00
-9.495031742257104002e-01 1.795752008487586093e-01 4.138796608934820931e+00
-7.147606164270842166e-01 2.519978677110370491e-01 3.566763192213365130e+00
