nan nan nan
nan nan nan
nan nan nan
nan nan nan
nan nan nan
nan nan nan
nan nan nan
nan nan nan
nan nan nan
-3.678567677548303522e-02 1.279340309407080807e-03 2.590815370357441583e-01
nan nan nan
nan nan nan
-4.190223840480378215e-02 -1.128065320663829488e-02 3.124327146393812704e-01
-7.916664456657879212e-02 -7.676212647008239486e-03 3.416947924067385567e-01
-5.727643397703725131e-02 -1.780372938021334769e-02 3.299047747306768086e-01
-1.026016333524473190e-01 -2.866433083828092213e-02 3.811632217146604384e-01
-1.140277829977520974e-01 -3.843255006153612624e-02 4.281145635257636584e-01
-7.175801531136995204e-02 -4.400007336527808621e-02 5.118844605428286565e-01
-6.138772224997562921e-02 -4.303165679890195994e-02 4.569659845075453308e-01
-5.094642131129594603e-02 -4.474964013175247030e-02 4.135148804127254940e-01
-4.989871823217851415e-02 -5.070670909889661571e-02 4.969839896459163908e-01
-3.767120909966802794e-02 -5.572904173843837294e-02 5.432901953156353825e-01
-4.045929522308073373e-02 -6.213052974241294046e-02 4.854327838917816274e-01
-7.037447380108051431e-02 -7.423186704920006762e-02 5.586365092265948018e-01
-1.126810279247441454e-01 -8.081197377327442588e-02 4.668820313395553590e-01
-1.274649136363399937e-01 -7.613804872502974441e-02 4.421525934746794451e-01
-7.545950832520385843e-02 -4.990126086938140998e-02 5.288725100575532023e-01
-1.806595435427724439e-01 -7.003649837557121560e-02 4.581928069568381723e-01
-1.991756738664237636e-01 -6.162801376628155442e-02 4.657991559894456013e-01
-2.240981936934695884e-01 -5.275206342538061449e-02 4.671687658409605648e-01
-2.658967527361794092e-01 -4.005964334592834047e-02 4.358010480220738669e-01
nan nan nan
-2.848057999900907578e-01 4.481731233323902599e-04 4.823248859668209376e-01
-2.824823034181800918e-01 1.596838402027202578e-02 5.039765895728538503e-01
-2.596980723166399385e-01 4.278039772495230431e-02 5.124809833805518133e-01
-2.113398087411278714e-01 6.668008556325293046e-02 5.169507605375155412e-01
-1.606003014975770915e-01 7.316643009783201090e-02 5.320477774207368338e-01
-1.300590061952291987e-01 9.828371571510835514e-02 5.537660566922437688e-01
-8.933978592153365983e-02 1.057458570962191008e-01 5.588739988129932668e-01
-3.963416822987973070e-02 1.165362573616245678e-01 5.752584785682015589e-01
3.848314709070638608e-04 9.797491270177803580e-02 5.781905885491497310e-01
4.655956937681073049e-02 9.794594539997067417e-02 5.831752835691169645e-01
1.011066579201159443e-01 9.602389064848065869e-02 6.215193306188302458e-01
1.605768424854488730e-01 7.585000928270729803e-02 5.992682058491557440e-01
1.844284458278351857e-01 4.325378584142825639e-02 5.924745206286121668e-01
2.299757201993170297e-01 4.110549545094753510e-02 5.957646646479991537e-01
nan nan nan
nan nan nan
2.588584643090413584e-01 -2.859188398069013870e-02 4.440877770653015588e-01
2.519666288110591346e-01 -5.884159119351777684e-02 4.248981380221703574e-01
1.118773382502573077e-01 -4.270572352208010930e-02 2.891377036214116680e-01
7.500591056013788949e-02 -3.613693999993470435e-02 2.368364912231392394e-01
4.688049377784669208e-02 -2.826739426268917721e-02 2.005166424207035225e-01
6.212371451457547600e-02 -3.569412554291025858e-02 2.330706163595886449e-01
4.157620898345461974e-02 -2.944428523837887973e-02 1.614808617307147420e-01
1.070436237638658639e-01 -4.168855315966165515e-02 2.715610985155304524e-01
1.524541407755096722e-01 -5.659514507961944940e-02 3.322081061045480954e-01
2.432691653011316013e-01 -6.489614671414620228e-02 4.134333118123464379e-01
2.415937520361135238e-01 -6.677885301070422830e-02 4.405509667355321235e-01
2.788447165856521304e-01 -5.095930520233435401e-02 5.692277626492943110e-01
2.358249701669843101e-01 -3.295871003093506918e-02 5.869189860102237422e-01
1.883848506539830547e-01 -1.360079386824395234e-02 5.834293253566434911e-01
1.301188949191894872e-01 -1.583978057154952258e-04 5.789479484837762868e-01
8.774337373540301577e-02 5.476234447277463294e-03 5.768102960375951493e-01
3.438212786079666849e-02 1.242419149377000341e-02 5.270463603056875224e-01
-1.325989275934593738e-02 4.103058241888704084e-03 5.145891474040928948e-01
-5.442818429898717281e-02 -8.873342250728992464e-03 5.702846810174054815e-01
-9.287222832135834383e-02 -5.969370365053652989e-03 5.436753612147672277e-01
-1.376337334441484483e-01 -2.006640982140234231e-02 5.461341787745399579e-01
-1.697626656576176063e-01 -3.992673071507958638e-02 5.250733565587560880e-01
nan nan nan
nan nan nan
-2.716576149393170048e-01 -1.067157690002075998e-01 5.064086317441347518e-01
-2.432835905539312282e-01 -1.217985943114392317e-01 4.449214869319138566e-01
-2.148119585810878696e-01 -1.050954991647663067e-01 3.916327453212454790e-01
-1.576961740812514723e-01 -9.246258714951932633e-02 4.103287505152291015e-01
-1.183977387479944188e-01 -8.052940818576867499e-02 3.786873998067774028e-01
-4.817348143753818340e-02 -4.372931661630238137e-02 3.590834340592579110e-01
-4.780995985246752622e-02 -4.410445694831633540e-02 3.549937829498741593e-01
-3.956096576499656264e-02 -4.590433793285885605e-02 3.924456972423721601e-01
-3.196640257670233659e-02 -4.999149039576203379e-02 4.692577219264902899e-01
-4.237658401785187462e-02 -4.029211525987427128e-02 3.160817636354880111e-01
-6.009442371038629938e-02 -4.764137282666194156e-02 3.814836443816997935e-01
-5.644138198165118969e-02 -4.670142563700264982e-02 4.341451522685831343e-01
-6.596822919410481878e-02 -4.357016414832443063e-02 3.932513480061163857e-01
-5.704920121473080336e-02 -3.227989496388813939e-02 3.250189220613186603e-01
-6.076367873872312586e-02 -2.735998234797011250e-02 3.036115301742648431e-01
-5.926858078411693237e-02 -2.744157549506422503e-02 3.265326955317440216e-01
-8.117998123942396504e-02 -1.913710601388064758e-02 2.849900401485360724e-01
-5.119761093676740427e-02 -1.316477351242612698e-02 3.065715143287221500e-01
-4.590539111632525177e-02 -1.019462663310228071e-02 2.917181601065385599e-01
nan nan nan
nan nan nan
nan nan nan
nan nan nan
nan nan nan
nan nan nan
-5.270565566582784134e-02 1.840920800728261530e-02 2.452617833957684013e-01
-5.633066012691781421e-02 1.242731150429973210e-02 2.385756684703245201e-01
-7.069412143808159743e-02 1.100157877302605954e-02 2.974792456072024582e-01
-1.334017711237441839e-01 7.555102922810147913e-03 4.018236154597251142e-01
-1.887411269401776948e-01 -8.723062986844923664e-03 4.611918167585031814e-01
-1.636501525372826560e-01 -2.759458033521955747e-02 4.687812773561310653e-01
-1.622323001573940382e-01 -4.033330997897618952e-02 5.017932147698274115e-01
-8.434171105624885256e-02 -4.112199507003130861e-02 5.619011046003633547e-01
-6.533162416412589824e-02 -4.790347955158909959e-02 5.643246677835983549e-01
-6.125458676267876018e-02 -5.045353258137012797e-02 5.386217668368054046e-01
-5.827161311008861866e-02 -6.068614430899318957e-02 5.572648724860866931e-01
-6.951868090412331724e-02 -7.181466182407292287e-02 5.671631842726266859e-01
-3.984275406981684087e-02 -5.613737391778694102e-02 5.753235756172181414e-01
-2.648450599208720252e-02 -6.468741614210742064e-02 6.957766327608663204e-01
-3.827150159135964125e-02 -6.489466429726212238e-02 6.549056285238528119e-01
-8.317229316513455317e-02 -9.273365838065873723e-02 6.175295677675284312e-01
-5.568949031941193561e-02 -6.564147021203935173e-02 6.362156284712717769e-01
-1.739058809388305538e-01 -1.444651954840527330e-01 5.796676069306315737e-01
-1.950046283711620032e-01 -1.580541577707505474e-01 5.667362975238796619e-01
-2.371053607343961700e-01 -1.682365737101075287e-01 4.665305508366698328e-01
-2.107631831226871588e-01 -1.521406964314878096e-01 4.612929023128858885e-01
-1.839732669808062104e-01 -1.431666355349976438e-01 4.592569006520586528e-01
-1.223738556744397299e-01 -1.074665575950205093e-01 4.135731123001407106e-01
-1.004550641822895274e-01 -8.351048206913067040e-02 4.235749707106115647e-01
-7.090750867144857139e-02 -7.851936343498883142e-02 4.516355877861620849e-01
-2.924409342925640004e-02 -4.075173733441362495e-02 3.241273608652860405e-01
-5.694876585496419334e-03 -3.877048181463906007e-02 3.205179459135898967e-01
5.670925830742477164e-02 -5.623069593270950406e-02 5.237026633228458739e-01
1.000470674114448677e-01 -4.816581015674103322e-02 6.001328131355938567e-01
1.275696759062386054e-01 -4.858817845827539950e-02 5.809759962649614362e-01
1.768179605886024963e-01 -5.241136483752736885e-02 5.826209770926809028e-01
2.218370856267662394e-01 -6.417259778309972185e-02 5.733523651312740776e-01
2.486395056160253525e-01 -8.282906788432259360e-02 5.665968321701362331e-01
2.739124270585173715e-01 -1.074694219430928771e-01 5.431740215435915120e-01
2.444816181093781016e-01 -8.106979987539622567e-02 4.220569378739761901e-01
nan nan nan
1.056954468729148222e-01 -8.888190603200692153e-02 3.270172784836277158e-01
1.082281739309609719e-01 -5.227635298032919098e-02 2.955901404399255417e-01
5.847845063862177478e-02 -3.417029357103419651e-02 2.604529815495733591e-01
5.933803604844273966e-02 -3.810156233371306961e-02 2.917909497485640102e-01
8.602503578863179845e-02 -5.629761139589683355e-02 3.272348598512367368e-01
8.890767599627417972e-02 -3.285828408580426102e-02 2.946287820003929969e-01
8.933888204918033482e-02 -2.999883407701464319e-02 2.666954124573924223e-01
1.341362727346877559e-01 -3.074953475943860426e-02 3.384770856391635108e-01
2.067657811232424536e-01 -3.954435273052401417e-02 3.737069624487874275e-01
1.637768332679006567e-01 -9.625034846243623113e-03 3.473156685395658583e-01
2.065248704315285899e-01 1.594161669802556316e-02 3.803815592337042029e-01
nan nan nan
2.164074738002130516e-01 5.666993167068196113e-02 3.934635151038953782e-01
2.162899721130688291e-01 8.726648485789269272e-02 4.155435595067927257e-01
2.340457392183293017e-01 1.152330069366061943e-01 5.283203131650232587e-01
1.935853780661647705e-01 1.428404556579527529e-01 5.101693300935989939e-01
1.703333696008127174e-01 1.582997852475066802e-01 5.870300666277744606e-01
9.130131625189551181e-02 1.005152639195914105e-01 6.334807785681522141e-01
4.305194268643841582e-02 8.883771287662028948e-02 6.125830286358384669e-01
8.332710164047855972e-02 7.103168626933413499e-02 6.287582555303408149e-01
1.582464352801801408e-02 3.821877111787010117e-02 6.240884061791612814e-01
6.542603167177231394e-02 2.863681494002997662e-03 7.201791042189112924e-01
7.523065217316125819e-03 -8.718516943334420066e-03 6.142758372083814145e-01
-5.502742953210615177e-03 1.312398411195482908e-02 -2.268261343206660202e-02
-4.700184230711645234e-02 -5.255041678947890149e-02 4.106061810023219349e-01
3.021463659974591567e-05 7.318605098215950726e-03 -5.896981334245717660e-02
5.189485602327652963e-02 -5.075034972865909849e-02 5.779143249148080974e-01
8.533123347004463455e-02 -5.166775103993764828e-02 5.937417910599341875e-01
1.256585784103095849e-01 -4.827602432226586748e-02 5.831772975993967378e-01
1.733169528716846652e-01 -5.965098407195017910e-02 5.780906624434116736e-01
2.140045333050770993e-01 -8.848979539334728139e-02 5.739614378504851455e-01
2.356376813309672136e-01 -8.227494008259735037e-02 5.590974655408881278e-01
2.730171639509628712e-01 -1.102936567989614008e-01 5.471183602574016813e-01
2.484410861544394389e-01 -8.124820190871183401e-02 4.323463465614048040e-01
2.421973716040307090e-01 -8.810936405258770754e-02 4.186307531172175356e-01
1.864852860383000299e-01 -7.335050523352898422e-02 4.190099494547186443e-01
1.438577658139511273e-01 -6.377058257730977564e-02 3.368488021202105109e-01
9.654539913952701891e-02 -4.725626576267470680e-02 3.385271756221749917e-01
6.353002537027108154e-02 -3.780379839784919760e-02 3.214549067704475793e-01
6.267941549675946911e-02 -3.526335415719843852e-02 2.922285323842130356e-01
1.019926605196816716e-01 -4.598202542503688345e-02 3.257642416638298899e-01
1.645328642800540642e-01 -5.856721061097389103e-02 3.748181290274646971e-01
1.988006066604477151e-01 -6.723440957575196886e-02 4.222455042666774516e-01
2.480114359831502580e-01 -6.667169477226889129e-02 4.207899541269218280e-01
2.865969779414949681e-01 -6.133894818374828473e-02 5.043341197205030157e-01
2.585222311994648803e-01 -4.796887056752267842e-02 5.706392326372127233e-01
2.459032159302280696e-01 -3.049716847850166695e-02 5.770638549880758861e-01
2.109665173106787528e-01 -1.509415311311790818e-02 5.914157181530417251e-01
1.532707786007713457e-01 -2.531369556199207678e-03 6.053817067117187589e-01
1.184549980367312350e-01 -1.393411383296186759e-02 6.199721352269378372e-01
1.024449000668562204e-01 1.585803506939668581e-02 6.508130906369656854e-01
3.529745880196847457e-02 9.712673990400712623e-03 7.177808288831640793e-01
3.741847250093512101e-02 3.552264161122985903e-02 6.941538638461373090e-01
8.551990930255985723e-03 5.944265902220664810e-02 6.343774457483398743e-01
-5.919580967704625440e-02 8.887292950912364931e-02 5.654493006697802748e-01
-8.716821459272135197e-02 1.044783213317066889e-01 5.607945214498303299e-01
-1.235606099959121323e-01 1.223959163314586041e-01 5.418659767616854639e-01
-1.464652034812370385e-01 1.173510896071250365e-01 5.316477922011725310e-01
-2.126363564771939496e-01 1.043615662995002885e-01 4.983772679552374574e-01
-2.359213859391772472e-01 1.025362300845883978e-01 4.758674634625824074e-01
-2.383342690199628522e-01 8.924090529558890983e-02 4.284034098906218668e-01
-2.088089763514249242e-01 4.973276545172077706e-02 3.687209803795714613e-01
-1.936098360054715750e-01 3.285179526229740909e-02 4.489306585594017296e-01
-1.671635834872017556e-01 1.004137404291556394e-02 4.078334725763234636e-01
-1.917910035617104159e-01 -1.379335994347999318e-03 4.707140254720577621e-01
-1.511313987606679454e-01 -5.158159712819408368e-03 4.225063412887850034e-01
-1.611227123942495787e-01 1.226619233049041670e-02 3.717177307730932800e-01
