nan nan nan
nan nan nan
nan nan nan
-1.187873162981257363e-01 -2.487734000434638770e-01 -9.724686475089286963e-01
-5.211330979477139802e-02 -3.117470379546347092e-01 -1.202993659675918314e+00
nan nan nan
4.487168129109100206e-02 -4.012486239477336958e-01 -1.598570727696554172e+00
-2.548652095190785151e-03 -3.446594092255195751e-01 -1.430873297474277717e+00
2.582646333455779208e-02 -3.429505519798619617e-01 -1.533204766993932600e+00
2.369531709985125689e-01 -4.602221163982657126e-01 -2.334476615189692073e+00
3.118638327273985933e-01 -3.876805307678381496e-01 -2.417749041662477616e+00
3.137461826605256743e-01 -3.496279248380254612e-01 -2.510422569674521931e+00
2.779178351994247009e-01 -3.282598072188553373e-01 -2.432842194736389185e+00
8.679467946984469051e-02 -2.688584358264677343e-01 -1.788198817807377994e+00
1.966030189034008169e-01 -2.205378560032657254e-01 -2.323494683939406613e+00
-1.907031428286427854e-02 -2.182270265023837919e-01 -1.428411020922314867e+00
1.714860414636626140e-01 -1.512098266478070219e-01 -2.262021617776100335e+00
3.290148239283583464e-01 -2.809219401193675109e-02 -2.731962090026306633e+00
2.379663339653765031e-01 -3.196466794669822892e-02 -2.526266311619268290e+00
2.083219435589925006e-01 4.463265871105680932e-02 -2.602036824418173300e+00
1.441681547179863299e-01 -5.992437567927234518e-03 -2.189820142765166455e+00
2.632849242753049213e-01 1.954815381229831339e-01 -2.794515922531812802e+00
1.520651877608087121e-01 1.643682619147321111e-01 -2.546274654800906312e+00
1.794843013769774065e-01 7.984747274909678727e-02 -2.426487676835749063e+00
2.585418287237315274e-02 -1.003239430158782003e-01 -1.780675389286334509e+00
-4.917048683781229113e-02 -1.810108049469922875e-01 -1.357505798073085135e+00
3.162106690700124956e-01 -7.301610774228851214e-03 -2.724965042279114513e+00
-5.121008842729822541e-02 -2.133497827400037961e-01 -1.301714794645296269e+00
-6.475292650807934480e-02 -2.161085134476091740e-01 -1.269738929240056269e+00
-5.731536811153557787e-02 -2.183942890528879910e-01 -1.307968233069368935e+00
-6.118549581404966048e-02 -2.246718471697197184e-01 -1.290861414786880657e+00
-7.149611189257695787e-02 -2.330967575888507892e-01 -1.241903776224078992e+00
-7.298653468468523087e-02 -2.379359723596183862e-01 -1.249908870222453672e+00
-8.636504794727935252e-02 -2.411417141653483809e-01 -1.181581946595344990e+00
-8.611200361317584984e-02 -2.454930326351343062e-01 -1.192023713187908562e+00
-2.886642648422668017e-02 -2.697533552656562472e-01 -1.597790794125758973e+00
1.621781194478635196e-02 -2.966930222347675117e-01 -2.005309048497772917e+00
-6.385189551206449377e-02 -2.811147863000303393e-01 -1.483454587072651876e+00
-7.286455461194114858e-02 -2.806442851735394539e-01 -1.444797894864966681e+00
-7.978245529843630557e-02 -2.945168876841564587e-01 -1.498196248260914576e+00
-1.083204675199716804e-01 -2.645377713945927800e-01 -1.242379598635739768e+00
-1.153804692380155511e-01 -2.573727371250946749e-01 -1.147817009550226031e+00
-1.200838926593965211e-01 -2.789459099558440625e-01 -1.457726324842814503e+00
-1.547173941983113477e-01 -2.930696092512695694e-01 -1.854765177287729605e+00
-1.539841845269191156e-01 -2.559198492478798603e-01 -1.450285751106985987e+00
-2.315661394971885723e-01 -2.752522562953153562e-01 -2.193923041391475870e+00
-2.693952677352482450e-01 -2.385049735335595944e-01 -2.164299610723380507e+00
-2.329941188109980188e-01 -2.246125813001503824e-01 -1.719495499435146790e+00
-4.436685363923575376e-01 -1.013117206760716094e-01 -2.891953513622834482e+00
-3.366057408441682219e-01 -8.840167010199244391e-02 -2.220122609416199211e+00
-5.299386552976624865e-01 7.230747892181968450e-02 -2.525354177986135262e+00
nan nan nan
nan nan nan
nan nan nan
nan nan nan
-7.171502157139658662e-01 1.872566976725518750e-01 -3.217246882018603760e+00
-4.993387118445028472e-01 5.541439436686472486e-02 -2.532868425569475779e+00
-2.255633960503456714e-01 -1.784820970453135647e-01 -1.485951903847135380e+00
-2.972109155392496094e-01 -1.451003820068536843e-01 -1.899889796126039254e+00
-4.370950716724030793e-01 -9.477222461754054861e-02 -3.089738704071793407e+00
-2.172209390613288604e-01 -2.089889782495015502e-01 -1.784914088541258881e+00
-2.266107682195743489e-01 -2.060757517030936126e-01 -2.231350785162977690e+00
-1.651534219282604354e-01 -2.306213883541103904e-01 -1.781525668878959801e+00
-1.434678606007218638e-01 -2.370170587295549469e-01 -1.928472568127815201e+00
-1.239131551982083773e-01 -2.442927657892575433e-01 -1.572102830604402035e+00
-9.961549970992616965e-02 -2.343620989417691813e-01 -1.632250546023187532e+00
-1.183146741704365346e-01 -2.402654571887730961e-01 -1.009085649113658834e+00
-8.472033899580477811e-02 -2.342251994820875871e-01 -1.514005655893014612e+00
-8.004066011217628174e-02 -2.308371416102651674e-01 -1.499130498376258780e+00
-3.289811476933263146e-02 -2.047637950668389217e-01 -1.889008322427326192e+00
-1.099201605211333893e-01 -2.335006914859431848e-01 -1.081431058855375937e+00
-8.215716613254955836e-02 -2.188387453449255338e-01 -1.290463674812251771e+00
1.910569177882620075e-03 -1.547799506159200089e-01 -1.911048608473269850e+00
-9.358280245418683363e-02 -2.150876461651797522e-01 -1.194775416417145575e+00
-8.788997337892044681e-02 -2.110004061992957758e-01 -1.204896269432016442e+00
-7.620871642212986852e-02 -1.965904923527143355e-01 -1.269999412441312536e+00
5.515755045947046825e-02 -1.124241846100345332e-01 -1.873645613222757467e+00
2.249006612658884796e-01 1.087555215592732744e-01 -2.884704765802302617e+00
2.133920586742072134e-01 1.007497029098042979e-01 -2.827746469756164505e+00
1.939130854550491501e-01 1.477692663004786244e-01 -2.718847851479688771e+00
2.675763745501238966e-01 2.845678508380350413e-01 -3.103852033203231553e+00
1.099440893250823587e-01 4.066138434558688730e-02 -2.414988110322725756e+00
6.543193604377285644e-02 -8.257341158094434752e-02 -1.919187177169156211e+00
2.819694637013245297e-01 8.841243780747749803e-02 -2.906981570052133534e+00
1.223488320250200878e-01 -8.130206434752507150e-02 -2.122572836384348793e+00
1.401263320858029682e-01 -9.925386388847140529e-02 -2.268080515284968790e+00
1.580408959397030244e-01 -1.350600696107656096e-01 -2.402880125649249798e+00
1.957213781065037239e-01 -1.279441275592576865e-01 -2.450355460877629454e+00
4.824331838034622878e-03 -2.249918244815189983e-01 -1.581947886707376627e+00
1.502670885080652496e-01 -2.727179616830530673e-01 -2.208632867438566016e+00
1.161769795721144388e-01 -2.898747800135940134e-01 -2.029433727348239014e+00
1.726502668971962307e-01 -3.503703236250604314e-01 -2.210550776984661070e+00
2.680355718827735489e-01 -4.156645905496904603e-01 -2.490424068981247796e+00
3.071479000293295125e-01 -4.795068693777680968e-01 -2.541271244399346596e+00
3.339003657543827552e-01 -4.929913715461042290e-01 -2.596283676993482725e+00
3.658821373420219347e-02 -3.704424591141689538e-01 -1.577226702113860402e+00
3.497942728534882834e-02 -3.794853783273354764e-01 -1.580317761650026132e+00
1.671548338622861340e-01 -4.867138641131089072e-01 -2.191413687084447837e+00
-4.784768764770917782e-02 -2.878861661609444234e-01 -1.287613638504677693e+00
3.271446375098702175e-01 -4.321347575199465663e-01 -2.461095457069789827e+00
2.411314158446081421e-02 -2.651020591551129235e-01 -1.552266610171130434e+00
1.201891662952665613e-01 -2.341290645977664731e-01 -1.986319180403564255e+00
1.374293444686937593e-01 -1.910289209266182731e-01 -1.910005061153808859e+00
-8.571032991546337354e-03 -2.225041262510588647e-01 -1.408501098562235265e+00
4.053743924321851488e-01 -6.817508876515306071e-02 -2.793154202020141419e+00
3.737970698547271597e-01 2.182088675385228729e-02 -2.890115399679021646e+00
3.423754104303116108e-01 6.299048467165439813e-02 -2.897529421087068791e+00
2.213841925058171178e-01 8.450007075395259137e-02 -2.583432196313649953e+00
1.431934885342940056e-01 3.462998849093772841e-02 -2.253590680685819247e+00
2.437146078086883938e-01 1.369777610838441850e-01 -2.620468193198783435e+00
3.801202535029818419e-01 3.674054164120039156e-01 -3.203767318285255961e+00
2.350031110418568658e-01 1.704896665688520885e-01 -2.567579028984155354e+00
2.244283444758173041e-01 8.422629254450755831e-02 -2.509794041163628364e+00
3.623838690885496927e-01 1.846179601017013949e-01 -2.995415732723468949e+00
-7.051397510990159087e-03 -1.068725107495354099e-01 -1.609218761424188848e+00
1.035906142820646886e-01 2.140650594655784875e-02 -2.309613831193019884e+00
-4.955966644383776043e-02 -1.602935101379930893e-01 -1.427217360426281001e+00
-5.846142534249375300e-02 -1.698694267588161111e-01 -1.416738652442938395e+00
-1.009373714954459461e-01 -2.172544730539950342e-01 -1.120186490699249360e+00
5.212365525942418837e-02 -3.976644620615577691e-02 -2.406303263083692912e+00
-5.351480142418323788e-02 -1.674416599016741725e-01 -1.601084724381719671e+00
-1.073589982375602603e-01 -2.233082291847574563e-01 -1.130345509980005270e+00
-5.157442922919563966e-02 -1.566245913819697966e-01 -1.908672035492150920e+00
-1.028224076632964085e-01 -2.080550442119579180e-01 -1.386944690738713071e+00
-6.964850708206576924e-02 -9.891310165835583146e-02 -2.459128654124569824e+00
-1.277688545655947527e-01 -1.691024020796369487e-01 -1.965694615422189262e+00
-1.327206854551764292e-01 -1.953985767325532863e-01 -1.551484535921250130e+00
-1.716087424435035202e-01 -1.385945278464599806e-01 -2.129532675389771423e+00
-2.065166255965566466e-01 -1.155102193539034455e-01 -2.180734141861594200e+00
-1.719183652524995665e-01 -1.832633956730836955e-01 -1.453390248350960645e+00
-2.578513872577022914e-01 -2.827903545797870455e-02 -2.240781897629511743e+00
-2.091664095728053285e-01 -1.515226309773946567e-01 -1.490566435431277759e+00
-1.844129947248077106e-01 -1.729495865321700743e-01 -1.320021089585866392e+00
nan nan nan
nan nan nan
nan nan nan
nan nan nan
nan nan nan
-6.583278554481920564e-01 1.626627394676875005e-01 -2.986714844389066759e+00
nan nan nan
-5.599884896382927302e-01 2.138002572391432127e-02 -2.793097762964900088e+00
-2.731848077324992019e-01 -1.494517465233924924e-01 -1.704787969769904210e+00
-5.036522640423777286e-01 -1.591675659818346522e-01 -2.649155799587108007e+00
-3.548294775408745716e-01 -2.550234402827858404e-01 -2.216125342374904328e+00
-1.665241129299294132e-01 -2.493739723073938319e-01 -1.267392456336526418e+00
-3.456020010488247696e-01 -3.590443266131614908e-01 -2.405665470147785978e+00
-2.154522754890354219e-01 -3.337174935118784047e-01 -1.732372447643254265e+00
-1.641131914168322548e-01 -3.083759071860015522e-01 -1.582082786934763785e+00
-1.402337307553998269e-01 -2.955273562516149144e-01 -1.321912528085654515e+00
-1.223156783692574412e-01 -2.787573199265384605e-01 -1.233935589011928791e+00
-7.889059716832928781e-02 -3.370662247166787417e-01 -2.093793766465304351e+00
-1.056727104062006872e-01 -2.668292971211673192e-01 -1.312329087149279427e+00
-9.113700471143858228e-02 -3.045640070341685823e-01 -2.030717089153196042e+00
-1.093048130918414101e-01 -2.453952705361394371e-01 -1.197586743333920012e+00
-5.174123404206697197e-02 -2.218101972102634878e-01 -2.599765134587369797e+00
-1.031075712346027351e-01 -2.314869633238376689e-01 -1.323258462270283653e+00
-1.149099745697199949e-02 -1.293724307643752680e-01 -2.592992306757057719e+00
-9.992760192123331664e-02 -2.174464987235007196e-01 -1.244759256852712825e+00
-6.057440729563662307e-02 -1.568125554861802828e-01 -2.134402856640538637e+00
-9.107707087740299357e-02 -1.582462334172413387e-01 -2.027423210027227807e+00
-1.051762974002531104e-01 -1.685099931161116449e-01 -1.813853347424420059e+00
-1.296476551601583316e-01 -1.802701972706101385e-01 -1.720738381477863843e+00
-1.551215142087262189e-01 -1.293283252439713926e-01 -2.075519302418595835e+00
-1.616193534934668441e-01 -1.664852099672591013e-01 -1.543666944808764763e+00
-1.814525294522659205e-01 -1.161521162828403342e-01 -1.890184465952852166e+00
-1.312706617377114304e-01 -2.200871896870307820e-01 -1.080105395194192353e+00
-2.979586777208390047e-01 -3.231433081960476822e-02 -2.168484409619150011e+00
-2.886228648465576918e-01 -4.831532461875730211e-02 -1.994173647234126490e+00
-4.110281529191017191e-01 8.758775376606098284e-02 -2.515631744744315057e+00
-2.561290277436245599e-01 -1.239619812010209904e-01 -1.572946119999192760e+00
nan nan nan
nan nan nan
nan nan nan
nan nan nan
-3.994173554812463500e-01 2.226277435294698320e-02 -2.257177188242160515e+00
-4.535678017347173907e-01 1.157515764837098032e-01 -2.784469330227752337e+00
-3.867635610360921072e-01 2.516447373334849968e-02 -2.565715124393326274e+00
-2.975470681798415007e-01 -7.213235519811016239e-02 -2.299692264192433111e+00
-1.719790815675870388e-01 -1.923393841280585104e-01 -1.497659156960447380e+00
-2.159203313712306505e-01 -1.483223918351610771e-01 -2.280464657499683412e+00
-1.910457610289486297e-01 -1.760679397652945288e-01 -2.270571171227144358e+00
-1.332675935720499250e-01 -2.256796592423438441e-01 -1.482453795501957661e+00
-1.322041305096351427e-01 -2.089442202656454362e-01 -1.842305699163794719e+00
-8.921302656589812086e-02 -2.315102589641701569e-01 -2.426327708492157065e+00
-9.980885390461421980e-02 -2.401930553506507471e-01 -1.414183139796598043e+00
-3.207042780256424280e-02 -2.701337769726273597e-01 -2.290926018872574854e+00
-8.672738365807151212e-03 -3.017249084383330504e-01 -2.339975281489512504e+00
-3.980739112474286634e-02 -2.856080017731175147e-01 -1.680752004363254892e+00
-4.811539580727352411e-02 -2.895310867671330723e-01 -1.590692638580377460e+00
-3.776893918200677214e-02 -2.950019877917851585e-01 -1.548400792330076436e+00
-1.025475017797368160e-01 -2.498623631236319698e-01 -1.095676476932003762e+00
1.705727954868679550e-02 -2.931449797639037458e-01 -1.699806244277326517e+00
-7.010656445993047881e-02 -2.639566470868728865e-01 -1.248482357305165102e+00
-4.058053279115211853e-02 -2.708952660450033023e-01 -1.353492161551360651e+00
-5.384377376273258298e-02 -2.610797754722891106e-01 -1.289130730123239088e+00
-5.179656385237337013e-02 -2.558752188420891360e-01 -1.267423588865738804e+00
-1.379480188398779505e-02 -2.562327880311587314e-01 -1.429043821081991128e+00
-1.770334435144715196e-02 -2.421291274297799057e-01 -1.395764755090305176e+00
-5.421433173348202267e-02 -2.542341902169365508e-01 -1.227778663861218034e+00
-4.397515414987676619e-02 -2.502414132451779016e-01 -1.295714699171209627e+00
