nan nan nan
nan nan nan
nan nan nan
nan nan nan
nan nan nan
nan nan nan
-6.662897735952321744e-03 2.970472717500655807e-02 4.084920474169844579e-02
-1.214586871249127885e-03 1.816397810600858462e-02 1.980265285196202568e-02
1.076938119593109575e-02 3.503229665619178590e-02 1.098176667167157089e-01
1.205395682920016275e-02 1.792680626296625640e-02 1.457312676542796559e-01
-9.070257719184102868e-03 9.093755189642942216e-03 1.881308004755924412e-01
-1.746702292305765333e-02 -2.259057794787940401e-02 2.331935494583045609e-01
-1.192767939012330178e-02 -3.255119217782319330e-02 2.497467983492867583e-01
-1.303322734491434501e-02 -4.168296681704262291e-02 2.717176487420688846e-01
-2.644025162410211863e-02 -2.391727674041830773e-02 2.937431144648395831e-01
4.807337831957698006e-04 -6.816527269460502525e-02 3.046296713797919109e-01
-5.587532235849511884e-03 -4.119281210663992832e-02 3.297512745305131165e-01
-6.651680048985669780e-03 -2.621827533393627369e-02 3.373842950775770011e-01
-4.653451371951677212e-02 -4.369745754431669099e-02 3.892049529275499742e-01
-6.887119747135342362e-02 -7.244629673563669769e-02 4.379442856072817691e-01
-1.353615989605612413e-02 -7.299848773836024873e-02 3.685237131868380756e-01
-7.121287352727225482e-03 -4.915805189750951931e-02 3.489745445498678156e-01
-4.622398748201175279e-03 -3.182799932461744669e-02 3.282646746067953147e-01
3.893636560590314419e-03 -5.031722674247260385e-02 3.114987008626441956e-01
5.615953491298982317e-03 -5.489782734802545194e-02 3.061682089758746561e-01
8.429953420113026410e-03 -4.403325258362258965e-02 2.699056061762276637e-01
1.086059726302087206e-02 -3.529927987607400786e-02 2.523659217634409702e-01
1.575109679308168281e-02 -3.815666327995050761e-02 2.469312864339578972e-01
1.295926558101289684e-02 -1.223400150146534103e-02 2.241773971736625293e-01
1.975992302677217691e-02 1.968054744432810865e-02 2.193433697075325706e-01
1.252282637323970209e-02 3.215236390886229423e-02 2.224264701587750359e-01
1.448437861822402840e-02 4.932880500776314764e-02 2.479556049618867053e-01
1.284715001441654250e-02 4.787955735134211133e-02 2.451171882386408984e-01
1.008967287124152082e-02 4.714346214388095979e-02 2.643960492269476492e-01
1.031380741877434802e-02 4.612270358077028704e-02 2.726764113318999039e-01
-1.874823606149950139e-02 3.862198621170041118e-02 3.187767140981301317e-01
-1.034566579691491295e-02 2.939526022312571180e-02 3.368795051240640603e-01
-1.462177613223527954e-02 3.481083160965504214e-02 3.492847851184620045e-01
-2.256116321829113730e-02 -5.843689600586537101e-04 3.808845666072345204e-01
-3.480513566998866964e-02 1.053515481352598412e-02 4.088867328343561702e-01
-1.315276846770485446e-02 -4.282650930547422796e-03 3.618397499141415286e-01
-3.339403291200997853e-02 3.771714016205159059e-02 3.675840754595841031e-01
-3.479476837063855826e-02 3.681363228586971570e-02 3.510973983917750618e-01
-3.046711301856220439e-02 4.012141971760359999e-02 3.231295266754665718e-01
-2.445432595856103855e-02 4.494261161153419171e-02 2.920259447275143083e-01
9.431285401591988152e-03 3.799627494566468200e-02 2.535081029781455220e-01
-4.685562833232026665e-03 6.148485555407085662e-02 2.460122296416525634e-01
2.395665566181815788e-03 6.372195011700429457e-02 2.229762395516697304e-01
-5.509320151099619638e-03 4.569656696647292349e-02 2.089991646237280842e-01
1.118836948393160322e-02 6.439606773627296055e-02 1.537360856389758945e-01
