nan nan nan
nan nan nan
nan nan nan
nan nan nan
nan nan nan
nan nan nan
nan nan nan
nan nan nan
nan nan nan
2.639555185344534816e-01 1.813149888515915298e-01 9.021287489465963372e-01
2.352790738836110784e-01 1.824502400464824980e-01 9.437059407826166035e-01
2.340838263174347400e-01 1.472091088343744081e-01 9.566674118367556323e-01
2.338428275136969492e-01 1.310508434318619075e-01 9.601530665941681031e-01
2.084075083223353997e-01 1.263425865785900992e-01 9.524339326362430969e-01
2.104700414817495258e-01 6.698018069562727828e-02 9.803148007536494069e-01
1.784640080896372771e-01 6.301075512326997918e-02 9.790866627753704865e-01
1.603200641947460370e-01 6.171479804601445740e-02 9.899970153750311530e-01
1.314393641487139885e-01 6.112966017293011700e-02 1.027795402215735843e+00
1.348853532650569620e-01 2.326937248803092814e-02 1.031349390286842915e+00
1.220475569010907174e-01 -2.855297334550144228e-02 1.044941896351017530e+00
1.046046229788163279e-01 -1.019400388907819484e-02 1.053221678095979774e+00
7.207880681405925971e-02 -3.707133867482080569e-02 1.075869793513531292e+00
6.163747191703993628e-02 -7.705716270791758415e-02 1.067554892204928496e+00
6.805280118225014163e-02 -6.774653452477288548e-03 1.047399506035416872e+00
1.077813052639827185e-01 -1.918421009634005414e-02 1.020125131447610745e+00
1.204771155382066694e-01 -7.063456286072617926e-03 1.010001550394785230e+00
1.221541825642974699e-01 5.430934761364184654e-02 1.029130748630816772e+00
1.371797197017508296e-01 3.418677150637592504e-02 9.838340767564365263e-01
nan nan nan
1.522841762755054729e-01 5.820585315155340361e-02 9.568947272062522380e-01
1.549150234037001417e-01 7.108048275946332595e-02 9.451237012755920874e-01
1.640438232162189092e-01 7.933119108180378132e-02 9.313384964681918898e-01
1.666706777761277902e-01 8.603959017237124141e-02 9.156691368302788403e-01
1.732478535862620739e-01 9.080197062028483312e-02 9.031182049643287080e-01
1.756732076962271849e-01 1.048558043963588593e-01 8.874702322677764377e-01
nan nan nan
1.628992402425266661e-01 1.279612904011967478e-01 8.552295513964610629e-01
1.789029906951526416e-01 1.236275507715562244e-01 8.332395616635417390e-01
1.686280932737275473e-01 1.348182396349275891e-01 8.213588707858865412e-01
1.696011412741923463e-01 1.343720955212992785e-01 8.008357848116370858e-01
1.622759811731329938e-01 1.107070377315507864e-01 7.888224171714512956e-01
1.505239189613041539e-01 1.099548645976690664e-01 7.756273909214016493e-01
1.315967527950373805e-01 1.115595839731366723e-01 7.634281946054322088e-01
1.120053095144440819e-01 9.669752366349163020e-02 7.482636820585161219e-01
1.017343784313439470e-01 5.357386528903790995e-02 7.434247502698388965e-01
7.791769605730697323e-02 6.810843381207751235e-02 7.307198266804755260e-01
5.388065568940867550e-02 4.441270538965442355e-02 7.208306426453950921e-01
4.503558791154531338e-02 1.373529809110319265e-02 7.139291344231608605e-01
2.377308379724410621e-03 1.119382257999368586e-02 7.202796589390018100e-01
-2.608965531699107554e-02 -1.299961940073272003e-02 7.345265396759805832e-01
-8.139080378639360069e-02 -9.709895122039642612e-02 7.140241126423357843e-01
nan nan nan
nan nan nan
nan nan nan
nan nan nan
-7.207939972343155310e-02 -1.124669901128684119e-01 7.112072663597295286e-01
-6.447932731476704871e-02 -8.886829249524769159e-02 7.197818906117132709e-01
-2.566241796515017059e-03 -7.285662446990533170e-02 7.165199150668519756e-01
1.290910911598438376e-02 -7.322400201024245603e-02 7.249345307432718544e-01
2.867929574626171610e-02 -2.017149367171958141e-02 7.369348982414406501e-01
6.115029430430182766e-02 -1.851285334000382643e-02 7.406797893633659813e-01
7.124888241986908344e-02 1.783526159164553967e-02 7.596873840966668068e-01
9.573230028384968615e-02 2.599868782100952028e-02 7.739048057931617874e-01
1.073086834466616540e-01 3.927050336466327701e-02 7.897075970292094516e-01
1.269410992577108266e-01 3.649771426115228784e-02 7.986015984032440729e-01
1.262075474507690365e-01 4.619931031214831452e-02 8.280240524875366326e-01
1.443585585645857927e-01 2.626408113247641687e-02 8.325803775311093613e-01
1.418522897798981663e-01 4.673923764565097311e-02 8.529980274618175207e-01
1.509431318027815161e-01 3.658909166138253621e-02 8.662920923296332232e-01
1.392027502068067801e-01 4.136082877908058009e-02 8.862983273603941559e-01
1.514985543042845495e-01 8.339827758120950743e-03 8.999535957388506979e-01
1.423308462783687278e-01 2.267320861415581673e-02 9.191121839789098136e-01
1.306503850992952465e-01 1.542736622147343126e-02 9.391283245792972911e-01
1.371213934757801456e-01 -2.511974599035397479e-02 9.505914758816113030e-01
1.327099677783333265e-01 -2.228447730284018394e-02 9.692236898126302957e-01
1.265429074765638540e-01 -3.150597558351794086e-02 9.877765894690758719e-01
1.330017846505730794e-01 -2.918503224856393297e-02 1.026316584427653833e+00
1.250298470547753227e-01 -6.009572532207213547e-02 1.044840018418071947e+00
1.239010223188391352e-01 -5.984959239990115393e-02 1.044667063794178397e+00
9.648927389052730508e-02 -7.032150972991697835e-02 1.060878948579120573e+00
7.163428809061542224e-02 -7.082727575643492368e-02 1.069506563949541134e+00
1.261095426530421393e-01 -9.533745628776764403e-02 1.047311418444977438e+00
1.236694238481308994e-01 -2.905151653284209975e-02 1.036529832318215716e+00
1.202423576878561412e-01 -1.112221298902693091e-02 1.040688679973594155e+00
1.374740033245227255e-01 -3.372167378672697065e-03 1.028160105402886160e+00
1.675964165672702844e-01 -7.065675311959300833e-03 1.015143200298070481e+00
1.942793442553761019e-01 -4.914796068404098280e-03 9.981518804174644988e-01
1.828820902044942798e-01 2.091030676309059075e-02 1.002858114210420482e+00
2.032994061975052502e-01 4.849983841857812006e-02 9.666901802532189558e-01
2.397381721732344817e-01 6.485896105013301549e-02 9.565455483174658546e-01
2.494947102613997991e-01 7.697236448241177864e-02 9.492101181001674215e-01
2.600863583109698229e-01 9.679449425552372199e-02 9.404295808823335268e-01
2.615950850030419605e-01 1.410706565331635298e-01 9.277003986750153031e-01
2.714889765332417770e-01 1.635140633293217516e-01 9.219553542832815696e-01
2.698041064960008395e-01 1.751887423246100972e-01 9.208886369584070586e-01
nan nan nan
nan nan nan
2.545061311372944779e-01 2.016394775555911123e-01 8.641062074357945821e-01
2.600215222799029946e-01 1.680574942187304799e-01 8.832333651132959762e-01
2.445004125488422220e-01 1.893695933890606198e-01 9.357373435932995198e-01
nan nan nan
1.659980663527426403e-01 1.294352986853153364e-01 9.481796548175187578e-01
1.577676671623257365e-01 1.073943975500521592e-01 9.988771679506630585e-01
1.443872623710420744e-01 9.997448284769192006e-02 9.806857257466352618e-01
1.315276490810834142e-01 1.109866269502342850e-01 1.019640623637135368e+00
1.208303386834990306e-01 5.944651189132732494e-02 1.034562271665086186e+00
1.154575500753332734e-01 3.155930744229731855e-02 1.041159058248701363e+00
9.577453170890266876e-02 -1.893611573696437483e-02 1.055646810394186286e+00
7.995372497476005424e-02 -1.269205657060376059e-02 1.049744783301223006e+00
7.599878897736876693e-02 -1.745195102155987568e-02 1.069662297650571192e+00
3.424434483794629169e-02 -1.652033480736959589e-02 1.083293444545772255e+00
5.228330214100273404e-02 -1.576274576090374094e-02 1.076582505131485012e+00
7.300607139282089264e-02 1.952354109554352159e-06 1.056720454323915925e+00
8.096733813392736900e-02 9.097158970877839215e-03 1.065033664342885489e+00
6.101945353000743505e-02 5.112789168757243818e-03 1.013492835983443419e+00
nan nan nan
nan nan nan
7.042421394626541264e-02 2.205554659350584049e-02 9.599104388079259254e-01
7.273084836015947241e-02 2.217569266788460211e-02 9.458261019564420113e-01
nan nan nan
nan nan nan
7.810371787427036749e-02 3.733781978316388223e-02 8.918579256793247589e-01
6.547287776354415723e-02 6.928541132834585559e-02 8.749992857137706137e-01
7.745819589501361235e-02 4.251852768466293092e-02 8.566940737179858933e-01
4.593113596132121501e-02 6.132917580526119072e-02 8.515653891009392629e-01
5.551708381715486640e-02 4.527072088058198274e-02 8.199894104113981674e-01
4.842603058466585925e-02 3.588305199590568345e-02 8.130606474551292928e-01
2.863536411868727177e-02 3.850521134284607544e-02 8.018417081033237803e-01
1.346686736734367500e-02 2.460293996818658027e-02 7.915336835162961604e-01
1.243130349650826277e-02 -1.652282671683061310e-02 7.755962465956015572e-01
-3.037969889455306369e-02 -9.840125218350408848e-03 7.910277324708333557e-01
-4.016780375423668198e-02 -3.869780469569290143e-02 7.561461542985660200e-01
-5.848211905536296329e-02 -3.492716380300365381e-02 7.524143619180356790e-01
nan nan nan
nan nan nan
nan nan nan
nan nan nan
nan nan nan
-9.998726602405699770e-02 -6.460509787336897458e-02 7.109623963850252304e-01
nan nan nan
-6.446682302060197101e-02 -1.467721866340123728e-02 7.001569134429305175e-01
-2.684741381666831336e-02 -3.014685312139976647e-02 7.118278535661956008e-01
-1.278568444290550422e-02 2.632490452027651945e-02 6.736513012196956307e-01
2.204377046698076728e-02 6.625456802228683884e-02 6.768937937851521314e-01
5.521740844730660402e-02 6.472960879662881251e-02 6.840093799960745846e-01
6.037473032629298714e-02 1.108030595560588888e-01 6.711608082353935911e-01
8.783750391441007277e-02 1.349210603109876616e-01 6.738593558561764008e-01
9.627067532263504368e-02 1.435983740888439886e-01 7.058487961941217748e-01
1.276461445989772736e-01 1.570505743888400141e-01 6.979707720553811612e-01
1.401043145012945135e-01 1.661911810932989730e-01 7.294631214578841671e-01
1.188145391361292158e-01 1.532406835103748977e-01 7.759116177323389651e-01
1.369589836099688041e-01 1.292097729599924749e-01 7.882457243799090296e-01
1.167426464578549122e-01 1.272310878701607972e-01 7.837692483296311297e-01
1.149300145011365043e-01 1.028496971181027397e-01 8.142987674340699256e-01
8.304514243879414226e-02 1.054814905010292569e-01 8.198472636146665327e-01
9.868621905881032330e-02 7.455976291429555758e-02 8.364252474193352160e-01
nan nan nan
7.821151143766509606e-02 5.400933523371773820e-02 8.769213689793592392e-01
6.901874696450741031e-02 6.449539224745909349e-02 8.563202443356872084e-01
6.146347793576260182e-02 5.660791140879240652e-02 8.437920831652948594e-01
4.835498621699090699e-02 5.925477180298514834e-02 8.375890267643056886e-01
4.341182535777640683e-02 4.857602186044307491e-02 8.180450401394153692e-01
1.863612353419620907e-02 4.774564360023319382e-02 8.116717261248505011e-01
7.778864951425408861e-03 -7.385698050640698668e-03 8.032302564590730887e-01
-1.245693787257112946e-02 3.335806546912162274e-02 8.001816227009386218e-01
-2.318550503393780604e-02 -2.661574596319434341e-02 7.819077378328281869e-01
-4.672216279896546781e-02 -1.712005296473597532e-02 7.669099818855305006e-01
-5.403272309859900868e-02 -3.412620409279761707e-02 7.633586144957342778e-01
-8.438720029415676394e-02 -3.600874935741385507e-02 7.546566202977236237e-01
-7.873111708709103207e-02 -8.361233622209039706e-02 7.172151606807974922e-01
nan nan nan
nan nan nan
nan nan nan
nan nan nan
-8.013225350268086966e-02 -4.645658878089706234e-02 7.335904088715714533e-01
-7.920145897667867085e-02 -1.628263631725086064e-02 7.497126473583716200e-01
-5.433199796659762132e-02 -4.726654048027879688e-03 7.492286325696980720e-01
-2.472641296650384887e-02 1.762724090924646519e-02 7.558810875007996311e-01
1.147716578058783493e-02 2.688694363491373959e-02 7.666802327632321612e-01
1.541610077624125386e-02 5.798561988960565516e-02 7.733545332362706803e-01
3.527615336767497833e-02 6.494725707932560987e-02 7.764697935405899809e-01
6.101539352039461739e-02 7.094130643121895896e-02 7.885699645259560686e-01
6.761454235704436599e-02 6.401943933747970827e-02 8.007784419803909426e-01
7.700158706377771556e-02 1.061452309286662343e-01 8.048397308896212410e-01
9.882411957538504710e-02 1.003140839864144901e-01 8.206333451412791691e-01
9.961579121343827614e-02 1.325782473740264311e-01 8.182079510820948753e-01
1.171750756637510993e-01 1.411886817890418144e-01 8.193061769849410148e-01
1.397842397089417710e-01 1.536777040809303718e-01 8.312123111560338895e-01
1.587831822977075202e-01 1.496881191963962410e-01 8.297421530657930200e-01
1.648069612480116131e-01 1.702607332941729057e-01 8.367655164197634887e-01
1.713122260723745349e-01 1.600348511374328486e-01 8.433940603336889108e-01
1.615777490124085114e-01 1.762750115800982009e-01 8.716677569561551708e-01
1.928810537150841553e-01 1.569995656187567479e-01 8.697237921600153854e-01
1.857375336632141327e-01 1.728836306307342530e-01 8.844352918574023281e-01
1.934276845012966872e-01 1.549753793421822790e-01 8.958223858726099831e-01
1.871078316242808515e-01 1.586345181351077882e-01 9.136666351518105689e-01
1.920728296039818650e-01 1.385168710378996415e-01 9.293612138396313282e-01
1.681513459783799402e-01 1.402879006621435276e-01 9.425217675638403181e-01
1.871006836263938711e-01 1.238726039867558415e-01 9.461580625760342977e-01
nan nan nan
