nan nan nan
nan nan nan
nan nan nan
nan nan nan
nan nan nan
nan nan nan
nan nan nan
nan nan nan
nan nan nan
nan nan nan
nan nan nan
nan nan nan
nan nan nan
7.664937853335757056e-02 -2.377800121074582773e-01 -1.594635081643972052e+00
1.539810967525960250e-01 -1.733884583301278648e-01 -1.814352788413320816e+00
-1.850462472616384510e-02 -2.091026029493791849e-01 -1.371435021166466317e+00
1.502532113629989619e-01 -1.325116970926907556e-01 -1.981763017810495908e+00
2.936247238607482268e-01 -2.434397930234716984e-02 -2.441439956469392936e+00
2.042536478918394738e-01 -2.620994203356940416e-02 -2.176796234031912913e+00
1.749048374534613870e-01 3.811877262278709488e-02 -2.190806661056513782e+00
1.320029977034557489e-01 -2.507078191090908112e-03 -2.037504661842237663e+00
2.399744640609293433e-01 1.973437094556922122e-01 -2.646758505824173824e+00
1.318312304454566097e-01 1.694974449569598973e-01 -2.417196814733606036e+00
1.758233569724357015e-01 8.629967302770952253e-02 -2.440113375540304830e+00
2.338341366069593419e-02 -9.515154716802959323e-02 -1.730811684362557390e+00
-5.059055485786938255e-02 -1.792632649006948575e-01 -1.359307843830386053e+00
2.905495435416587946e-01 -1.684929659365364766e-03 -2.528767663743304084e+00
-5.146739382993049949e-02 -2.144201125941132546e-01 -1.309817833642157314e+00
-6.597230078756505245e-02 -2.175263561662054701e-01 -1.283537030895181896e+00
-5.817458611110502137e-02 -2.199469360921576522e-01 -1.320663830262472471e+00
-6.234913405611876291e-02 -2.274145513309548394e-01 -1.309660731744549222e+00
-7.299535895752780335e-02 -2.368289608668750212e-01 -1.264201118612525709e+00
-7.441359154596456638e-02 -2.421851566495962227e-01 -1.273052503318424122e+00
-8.685097170733334371e-02 -2.450249482918155364e-01 -1.194773941808760842e+00
-8.846796063931985921e-02 -2.524953681072549805e-01 -1.225364928735981351e+00
-2.920541437926357439e-02 -2.673589835190748887e-01 -1.590614053754940915e+00
1.458783093779211955e-02 -2.864380794123892460e-01 -1.957097812226487044e+00
-6.427549780975364002e-02 -2.815993600150119569e-01 -1.488796335274803706e+00
-7.474766347331528171e-02 -2.862966494414069252e-01 -1.477225424397314857e+00
-8.159825909212453654e-02 -2.974911971834575675e-01 -1.521285490524005857e+00
-1.140474311845395827e-01 -2.788205765704035444e-01 -1.308865784580537373e+00
-1.238492540693299226e-01 -2.764609576995254447e-01 -1.233375987798824402e+00
-1.251876164330728847e-01 -2.986402252947893965e-01 -1.541340043204402654e+00
-1.578443917825994858e-01 -3.128439964717207311e-01 -1.932956199084636895e+00
-1.658494508677404167e-01 -2.827153277928216579e-01 -1.584244381096811205e+00
-2.379521651120369286e-01 -3.152483964978616271e-01 -2.378143411347924729e+00
-3.070696097529835300e-01 -3.114431951919631736e-01 -2.657886001885491289e+00
-2.750295750616978951e-01 -2.862663809520142877e-01 -2.135754864222271898e+00
-1.237505200247832171e+00 -3.522205563634526748e-01 -8.941761581604021458e+00
-7.804544742595437290e-01 -2.255150469848116734e-01 -5.536681973671173651e+00
7.417588125873363936e+01 -1.125816107770464569e+01 3.665811844518395333e+02
-4.125073033773229980e+00 6.523979872296690186e-01 -1.916270147096710730e+01
3.229656222299733592e+00 -1.200251534067164894e+00 1.328780017452593221e+01
1.936978686516231063e+00 -8.851969558839767327e-01 8.345992770957501250e+00
-5.838296585639254133e+00 1.783281623585924791e+00 -2.406849198710492388e+01
2.344510898773072505e+00 -6.604694520086710208e-01 1.092689942684041071e+01
-5.832881129576056978e+00 7.614928895110988361e-01 -3.132098394627977100e+01
-2.997833585224286557e-01 -2.417640025235570089e-01 -2.024955062872748623e+00
-4.185463737079765933e-01 -2.158604899321947546e-01 -2.784797025140931748e+00
-8.212967628921191698e-01 -2.304083432377904972e-01 -6.316734216463708584e+00
-2.505471782049341067e-01 -2.586003874016884474e-01 -2.166206221869380055e+00
-2.529207740686693073e-01 -2.605462331674902599e-01 -2.648199045734274115e+00
-1.759690648920808898e-01 -2.595083361364279306e-01 -1.948423579009560758e+00
-1.497865506285702974e-01 -2.601138720247613279e-01 -2.062158835261635126e+00
-1.269684666174906718e-01 -2.571385957215066020e-01 -1.633037854896693508e+00
-1.044473556675854231e-01 -2.496743380577712557e-01 -1.725190484204750074e+00
-1.280999917639176200e-01 -2.555718602155671593e-01 -1.082229337632067967e+00
-8.666569812300660425e-02 -2.417380246319600079e-01 -1.555927585539572666e+00
-8.051198456625022204e-02 -2.338199809953031283e-01 -1.513020141772255744e+00
-3.201379292168639312e-02 -2.050528553016646993e-01 -1.875438839572147076e+00
-1.157499271399192453e-01 -2.420751302969533503e-01 -1.128627010163120614e+00
-8.455650421767990643e-02 -2.229591236453771774e-01 -1.319458184688264035e+00
1.984518120122038404e-03 -1.520971361143193812e-01 -1.870630465658001951e+00
-9.680587316102914897e-02 -2.173401470129869006e-01 -1.217985939439843568e+00
-9.032798620910145737e-02 -2.123514895012640069e-01 -1.222151341840946426e+00
-7.778190626300290900e-02 -1.956760670306310346e-01 -1.275170163862680228e+00
4.318171164414665725e-02 -9.537908762613175884e-02 -1.780547286319897671e+00
1.727383785849881115e-01 9.026020314420384050e-02 -2.263399022934652116e+00
1.634819798242955757e-01 8.832360971780117698e-02 -2.248319002920843523e+00
1.589469618635552806e-01 1.305847140740985235e-01 -2.295774073892482114e+00
2.235627950109412010e-01 2.553790349483711086e-01 -2.685394148254369284e+00
8.584925748405965173e-02 3.666863216530377029e-02 -1.954720974384068777e+00
5.684699320538922490e-02 -7.128969599375604982e-02 -1.748313886121270366e+00
2.322069916513030130e-01 7.514431446753044863e-02 -2.408295559902120964e+00
1.078221449973790491e-01 -7.172978277840467987e-02 -1.868405121415061210e+00
1.132386607957109742e-01 -8.076439498333476408e-02 -1.828498144481012888e+00
1.191142617390647668e-01 -1.026124922076560170e-01 -1.803568648180796652e+00
1.522519307709816749e-01 -1.007270574927106588e-01 -1.896841157735218442e+00
4.409272733392219021e-03 -2.033555142833058937e-01 -1.428703741232543623e+00
1.119152993990105427e-01 -2.022379557749417744e-01 -1.658686250740410983e+00
9.061327572743488323e-02 -2.257483369888986513e-01 -1.592857049702325334e+00
nan nan nan
nan nan nan
nan nan nan
nan nan nan
nan nan nan
nan nan nan
1.272408741294694667e-01 -3.665383899957365132e-01 -1.719938773249869657e+00
-4.584768529935532438e-02 -2.754188215708909260e-01 -1.232383786857078833e+00
2.761635550121319116e-01 -3.505539423562510915e-01 -2.133394475361184206e+00
nan nan nan
1.139071365548574855e-01 -2.215810942497549452e-01 -1.891227525137492371e+00
1.411431138836648780e-01 -1.967088603258533019e-01 -1.950169552339721335e+00
-8.682934616760024787e-03 -2.238236741217044523e-01 -1.417741781682350766e+00
3.844138789417458901e-01 -5.916758552527751069e-02 -2.668843566620719532e+00
3.440179727280693323e-01 2.000478426724885614e-02 -2.659595217188771343e+00
3.082202396367765829e-01 5.837969124505214963e-02 -2.616324604166879286e+00
2.108463068770353444e-01 8.334376474365602638e-02 -2.479656720323589081e+00
1.389011824733005773e-01 3.823309451930880648e-02 -2.232702942299751747e+00
2.297571169377558564e-01 1.387572034031740731e-01 -2.525006044755169654e+00
3.987255772390172481e-01 4.507552657816502051e-01 -3.618986201341178877e+00
2.434289228737724908e-01 1.871401111176067278e-01 -2.717733601467144489e+00
2.221482761479213475e-01 1.162855533278175507e-01 -2.718213823870808010e+00
3.870353319193678976e-01 2.416700817045860372e-01 -3.401516590060980061e+00
-9.853147492066244989e-03 -1.133608723779380850e-01 -1.748200582442498652e+00
1.225114955459594285e-01 2.701674382240343633e-02 -2.758562343907389192e+00
-5.540895029983070735e-02 -1.730615712709043519e-01 -1.556571908428544093e+00
-6.511319406914577168e-02 -1.839586503014136176e-01 -1.547640151033192080e+00
-1.097058838645398604e-01 -2.300107612537045931e-01 -1.197830510923230340e+00
7.482596046809565637e-02 -5.886137729375091193e-02 -3.282303759682774214e+00
-6.222614515688634773e-02 -1.939296353918441296e-01 -1.856126793928398744e+00
-1.181349162385174900e-01 -2.403065068678741645e-01 -1.226942361836847573e+00
-6.220828453892177784e-02 -1.970095558118671319e-01 -2.367933573712233120e+00
-1.156257913708680918e-01 -2.346024848399169416e-01 -1.562338473537649985e+00
-1.008044211722077949e-01 -1.674419856511653593e-01 -3.893276171892380955e+00
-1.571939940364270594e-01 -2.255135830990634693e-01 -2.531732469092784488e+00
-1.593240027374809575e-01 -2.422984893551567986e-01 -1.903480185501397193e+00
-2.498272006548473700e-01 -2.261865161511364963e-01 -3.288693965907095507e+00
-3.371088001338752860e-01 -2.131111034642617919e-01 -3.777465523012295101e+00
-2.194092567095514146e-01 -2.376610780963117620e-01 -1.884193383295768687e+00
-6.681508372122345607e-01 -8.745546758071905125e-02 -6.166119006442000838e+00
-3.032839491440258439e-01 -2.217606037015738552e-01 -2.186411328629945139e+00
-2.504364115076090358e-01 -2.329268102150556519e-01 -1.787253197062225851e+00
-2.479610734287017060e+00 1.240057402660045716e+00 -1.459797776895808497e+01
-1.554559127873381685e-01 -2.444629828029873664e-01 -1.124647160260795253e+00
1.498350729844713625e+00 -7.359329661218787511e-01 6.559458714042715854e+00
1.222990657958011651e+00 -6.879145613006161231e-01 5.525037535484636386e+00
2.871634901272190454e+00 -1.632935286642714257e+00 1.480989091616659614e+01
1.379146587315019934e+00 -3.689476434824903728e-01 6.485254771657203321e+00
-2.663619481056465510e+00 -1.049000043278280198e-01 -1.320504259563050908e+01
2.219491770161192701e+00 -1.323135603850834618e-01 1.198958883764019845e+01
-4.676277705195707735e-01 -2.642989116140485040e-01 -3.054481126413933545e+00
-1.803807175815966612e+00 -6.460873904938567724e-01 -1.064954200997815903e+01
-4.522200312752069351e-01 -3.774406819961322879e-01 -3.110333331690656511e+00
-1.939510916547088903e-01 -2.965278024244895061e-01 -1.509882171983850441e+00
-2.761618171954847156e-01 -3.379226425979284243e-01 -2.076380023885165294e+00
-1.927161992204630969e-01 -3.190559519900582064e-01 -1.600634600146020992e+00
-1.666855895766680695e-01 -3.242754071455590803e-01 -1.637397955954305484e+00
-1.446069814711031798e-01 -3.077680873893294256e-01 -1.370447538410689114e+00
-1.349050928375248315e-01 -3.041277914157242690e-01 -1.353868456702400191e+00
-8.409922042794194808e-02 -3.629720529025727283e-01 -2.247170965605999715e+00
-1.134891158208853335e-01 -2.854341168584871302e-01 -1.406184225420303857e+00
-9.866869430608350700e-02 -3.338595463610201652e-01 -2.214633505428317051e+00
-1.190302862944477708e-01 -2.667476279311453147e-01 -1.303164651223881476e+00
-6.096065896346932605e-02 -3.040513960899524637e-01 -3.432812939636377347e+00
-1.134660017501880058e-01 -2.545571123955764348e-01 -1.455719919728779344e+00
-1.006946596033492583e-02 -1.920914671260152973e-01 -3.675660680515534295e+00
-1.109001463139717841e-01 -2.385896944011630105e-01 -1.372073833755123928e+00
-7.396509380188298621e-02 -2.060112520221092647e-01 -2.733460186100387990e+00
-1.133886690303756439e-01 -2.126947347064769567e-01 -2.638686286789962310e+00
-1.345966590969238375e-01 -2.280824736256573948e-01 -2.401882100570410739e+00
-1.622378168429728373e-01 -2.375566792107414449e-01 -2.222358457129028242e+00
-2.378351555000862150e-01 -2.200060037098243160e-01 -3.365592626071620241e+00
-2.148433078493506843e-01 -2.257823341742042078e-01 -2.085452426059184905e+00
-3.027522599132305703e-01 -2.086932155621215590e-01 -3.305284325398689216e+00
-1.556553420016310030e-01 -2.496109107798847593e-01 -1.237037908993067425e+00
-8.860195352015204362e-01 -1.051987642823986324e-01 -6.851694243147661290e+00
-7.034026010509981663e-01 -1.222894906302680884e-01 -5.091360105031023764e+00
2.114237863992631716e+01 -5.021760817376928365e+00 1.374327757351330206e+02
-3.801706969330052588e-01 -1.790417733639937392e-01 -2.404471901051402849e+00
1.604950806374690675e+00 -7.042606252010423784e-01 8.226084052998924534e+00
9.758013045697929710e-01 -5.717277607591930710e-01 4.405888130567856109e+00
nan nan nan
-1.730598810143032518e+00 9.503711919788311591e-02 -9.109768416686197412e+00
-2.957643747029207848e+00 2.234743022703098436e-01 -1.770663730463671470e+01
2.075847051857075076e+00 -5.952247216784722905e-01 1.377005163495978302e+01
-1.669312580834541038e+01 1.208962109822079967e+00 -1.212020881659571216e+02
-8.320416620344418535e-01 -2.332559911896357197e-01 -7.006758097257848483e+00
-2.217970758297769240e-01 -2.567806598833136111e-01 -1.985800042804280352e+00
-3.542169414017023454e-01 -2.805516328193717324e-01 -4.035985982067511024e+00
-2.715180740041024943e-01 -2.908241185358154679e-01 -3.513724216786549892e+00
-1.548474010745437834e-01 -2.705929238262368974e-01 -1.757767521248668308e+00
-1.558112954933400240e-01 -2.628652818001174230e-01 -2.254617337610241190e+00
-1.095021050618374403e-01 -3.162293294151958811e-01 -3.192383479840910976e+00
-1.102298550490245777e-01 -2.675161347397259082e-01 -1.569739769071157864e+00
-3.468205661274414986e-02 -3.299953145896806772e-01 -2.745324925507816261e+00
-8.888520394830323398e-03 -3.412467961330834521e-01 -2.633254022892966617e+00
-4.257403337875097227e-02 -3.024656055938809152e-01 -1.784409731937433463e+00
-5.030546686558936414e-02 -2.981870160494244359e-01 -1.645759228984977618e+00
-3.689711545568640644e-02 -2.843009428566225516e-01 -1.497937988421232713e+00
-1.087452380761705917e-01 -2.652924645621464461e-01 -1.162629368925724105e+00
1.591052547049198740e-02 -2.981338987317847522e-01 -1.756018714035780581e+00
-7.172691500728287095e-02 -2.691710692583262898e-01 -1.275311728423365043e+00
-4.172392221525875189e-02 -2.735407079685519549e-01 -1.374754452656627768e+00
-5.340560527869327168e-02 -2.592787306335710973e-01 -1.279654583034937287e+00
-5.242067191077544319e-02 -2.579508111810139837e-01 -1.279516820466292781e+00
-1.394383029048425551e-02 -2.508942965602982134e-01 -1.405212927592119021e+00
-1.811228799766075037e-02 -2.436076827045330628e-01 -1.407967689244427278e+00
-5.434724275693716272e-02 -2.550286006375082071e-01 -1.230106844264754251e+00
-4.383156703724002540e-02 -2.486187131092063851e-01 -1.288553055343442111e+00
