nan nan nan
nan nan nan
nan nan nan
nan nan nan
nan nan nan
nan nan nan
nan nan nan
nan nan nan
nan nan nan
1.776311283884480785e+00 2.023582988283853190e+00 7.081686600091370742e+00
nan nan nan
nan nan nan
2.279401475533145316e+00 1.392653437609898237e+00 7.740107678254124046e+00
3.333999913430691464e+00 2.157627921765490342e+00 1.320515658160298322e+01
2.085252580613182083e+00 7.944610411128870675e-01 7.249698313573332165e+00
3.034062162162155296e+00 9.179171203193359219e-01 1.184551877396057762e+01
5.775728030615305819e+00 1.392812985407682280e+00 2.343129980223282871e+01
-1.602533063313894957e+01 -1.862335895019379794e+00 -6.215441839228234500e+01
7.384432289619750733e+00 2.215852957043524044e-02 2.719191034102168913e+01
4.107446677612448305e+00 -7.902494899898472314e-01 1.479509302928406456e+01
2.306078803124023935e+01 -4.547192152359959216e+00 8.699860796834768450e+01
-1.013831782423593886e+01 3.714966224531281558e+00 -3.995822242227860954e+01
2.741056267849121468e+02 -1.516693729289345924e+02 1.140782770618107179e+03
-5.201900953501008118e+00 1.676887104813929552e+00 -2.261416560644901352e+01
1.113909204324255953e+01 -2.458736003366767342e+00 4.870320282932767242e+01
6.568883922112046747e+00 -8.457620912504735244e-01 2.838951895929362124e+01
-1.137873396054438402e+01 -6.943372032965207108e-01 -4.506351531437574920e+01
9.553509735821306137e+00 9.543666453424809459e-01 4.445494483793204665e+01
5.545772770190408707e+00 1.110459619112200924e+00 2.674249434765097533e+01
7.729796862765425658e+00 2.295347609638467734e+00 3.934661955452477855e+01
9.892102723406415166e+00 4.028755183113140070e+00 5.343224724338484322e+01
nan nan nan
5.313677669656987845e+00 3.544381070240798959e+00 3.280950045419904626e+01
4.587090643996091899e+00 3.563860860835445177e+00 3.059331263718152272e+01
7.969544994938684290e+00 8.173411977366567882e+00 6.169249865527766019e+01
-5.394011307274237055e+00 -8.003491577600506446e+00 -5.512777587081505715e+01
-1.814260054050583548e+00 -3.661011104950454786e+00 -2.487317819826673926e+01
-1.111272506261572701e+01 -3.036789877786703684e+01 -1.875326259404337748e+02
-8.460573630188318317e-01 -4.113585397134918331e+00 -2.504127256034837501e+01
-1.738639779692458809e-01 -4.202540142548889968e+00 -2.471881186207914993e+01
4.513124507370791516e-01 -5.638500319244741377e+00 -3.851451768280107046e+01
7.490579718796206432e-01 -2.642503868427433567e+00 -1.910932071891754802e+01
7.196402037742632984e-01 -1.327334474092599859e+00 -9.925704887522824649e+00
8.623768183741412630e-01 -8.654191577133253377e-01 -8.358174874717187564e+00
1.184704203312612947e+00 -6.909757995547679554e-01 -1.043530577635307743e+01
9.941888551909870975e-01 -4.320084723553453965e-01 -7.009583125811177595e+00
9.976982905248877875e-01 -1.834284164264716188e-01 -5.984451379204284827e+00
1.129128685193422577e+00 -3.729491850000954400e-02 -6.312853077320148110e+00
8.281151178979411220e-01 9.344962552485597262e-02 -4.225843959886564249e+00
7.619989330057026500e-01 2.187330602348524777e-01 -3.936278452859354626e+00
8.272139677684424708e-01 4.154260620653026925e-01 -3.385941708548729334e+00
nan nan nan
nan nan nan
nan nan nan
nan nan nan
9.270041096230875466e-01 5.035080523302815081e-01 -3.835902460503516131e+00
8.545204152744291237e-01 4.489456069044645559e-01 -3.783820894839525106e+00
1.117742521430217462e+00 4.581178336503955451e-01 -5.644966988339062297e+00
1.256692845410751769e+00 5.341709083266260594e-01 -6.945324184416018731e+00
9.752297030748050544e-01 1.888783082724217743e-01 -5.966597564943113774e+00
1.459198649157632532e+00 1.548476057140387996e-01 -1.081534092499264865e+01
9.811182941578685535e-01 -1.216313370162227792e-01 -8.948900401888527867e+00
1.020472787287209471e+00 -4.324444059122802275e-01 -1.307443173584747775e+01
7.611766567783981863e-01 -7.024113609592796958e-01 -1.440085004830273618e+01
1.617229086343886069e+00 -4.301072997632789274e+00 -7.460222190057882585e+01
-1.080463053811275692e-01 -1.315837576819032240e+00 -2.192186055909516540e+01
9.833669618308407134e-01 1.437390288357083712e+00 2.651584711240415970e+01
-7.836254724975808017e+01 -9.540049900697324858e+01 -1.450839423685080646e+03
2.363397860722958654e+00 1.736654125414359262e+00 2.902329568188639186e+01
1.282903360159406425e+01 6.775977788893960962e+00 1.343916327577029790e+02
nan nan nan
nan nan nan
6.441042826586805603e+00 4.778690552497183441e-01 4.163233062522017747e+01
1.994160599322035043e+00 -2.395171703318410839e-01 1.092214706849112815e+01
2.326347143758472846e+00 -2.805847978666888287e-01 1.138445809314538693e+01
2.662476906272390753e+00 -5.157239136742084451e-01 1.215664737511644233e+01
5.920050663387793399e+00 -1.128829814530359688e+00 2.491778453200107535e+01
2.684643653018850440e+00 -7.659478235583226935e-01 9.547227002855674272e+00
2.678072724337346333e+00 -7.898886403672006340e-01 9.528794655241105360e+00
3.998438171691456322e+00 -1.569337666782569141e+00 1.451037836735370412e+01
9.106124846830780939e+00 -4.359757019469470585e+00 3.476620153471696284e+01
2.011155492167103986e+00 -7.432481793458135533e-01 7.011347616043611453e+00
3.485125168900031323e+00 -6.905257182047419562e-01 1.273861507235756108e+01
5.426249748575338039e+00 -8.154661900220347981e-01 1.992714114384769886e+01
3.728272522038809988e+00 -2.666449736647247271e-01 1.357400465049516036e+01
2.052854205220820294e+00 9.392475713515856597e-03 6.965284882855702797e+00
1.603283506009475667e+00 1.571194144754739785e-01 5.413550051068151348e+00
2.061094786343317331e+00 2.731512472006670245e-01 7.011603102971807999e+00
1.622539141946191865e+00 5.139059692024551262e-01 5.823423785679838538e+00
1.394114204091950304e+00 6.438649825988014275e-01 4.743796815047051751e+00
1.347391834003454525e+00 7.477716931220222962e-01 4.580461679748613513e+00
nan nan nan
nan nan nan
nan nan nan
nan nan nan
nan nan nan
nan nan nan
1.689175025546707731e+00 2.688837257147989046e+00 8.637512379302940246e+00
1.421688650995742265e+00 1.744254692481507218e+00 6.320278936761478228e+00
-2.438953275704147217e+01 -2.823795197381808819e+01 -1.113796464218941367e+02
2.751726338719232956e+01 2.365249763110372783e+01 1.333798548075417045e+02
-7.234283532448704257e+00 -4.826983687673394918e+00 -3.718358899901151915e+01
-2.688867511053549819e+00 -1.245978703969314871e+00 -1.268800202028271684e+01
-5.639892955861913748e+00 -2.151270843100813401e+00 -2.658700822060590596e+01
-3.066721525856209052e+00 -9.210279957850588950e-01 -1.279230703499209909e+01
-6.980901204442631958e+00 -5.533878479876410683e-01 -2.757116605091298922e+01
-1.669449892895643828e+01 5.039318275202750996e-01 -6.474564674003627829e+01
-1.405645112779463091e+01 3.247021192779782961e+00 -5.706582185786325567e+01
-6.067000000968500117e+00 1.752162822340421533e+00 -2.613952193885882735e+01
-7.258996288932747731e+00 2.165277901638470226e+00 -2.870402815200980839e+01
-2.142669650899015288e+00 9.529702304792986300e-01 -9.503966220475019711e+00
-2.705514872542984062e+00 1.026396231167733486e+00 -1.167621466450357026e+01
-2.124865334244864457e+00 6.334480250191133477e-01 -1.021778005290286373e+01
-3.008058997851722260e+00 6.169756255338652018e-01 -1.282233841341879632e+01
-1.577386874591744759e+00 5.076824789631810830e-01 -9.508250698949957780e+00
-1.085511303820155371e+00 3.173885256025149038e-01 -7.719932116414522483e+00
-1.098292116899013404e+00 2.441399474275555148e-01 -8.502418924759416186e+00
-9.908425946197213507e-01 1.838266212692455936e-01 -8.804014447530429166e+00
-8.982547996815036795e-01 1.747678505061669996e-01 -9.048632299287055147e+00
-3.536867966495225168e-01 1.495135008540219267e-02 -5.727212486115072387e+00
-3.187476988343102557e-01 -6.964819872201680195e-02 -6.270860137163196235e+00
-3.127146562663697393e-01 -5.891262722341401165e-02 -7.919305631815106494e+00
-5.072232587859294012e-02 -1.426668328264622809e-01 -5.579956297868919002e+00
8.388117570111685781e-03 -1.365382301632287465e-01 -7.379468307011179284e+00
1.639148571002359001e-01 -6.680360044810365605e-02 -4.601654346303578613e+00
3.292727523895116470e-01 -7.613582227029813687e-02 -5.464028763623775653e+00
3.856670234664488217e-01 -3.457569772786864976e-02 -5.170307133186883952e+00
4.351816522563442535e-01 -8.120491936748960166e-04 -4.275765825728990777e+00
4.883142357591605531e-01 5.709400224194744605e-02 -3.969097418898778429e+00
6.321256582727806661e-01 2.010634019828203556e-01 -4.603186500428717132e+00
5.029859320258497357e-01 1.950167945684861681e-01 -3.343723581287296742e+00
6.567532828364385233e-01 2.762795017821371157e-01 -3.535422240538284910e+00
nan nan nan
nan nan nan
nan nan nan
nan nan nan
nan nan nan
nan nan nan
7.590491639297268778e-01 3.138265963475341813e-01 -2.917632138139838016e+00
nan nan nan
7.441568116981083225e-01 1.792588755227387254e-01 -2.911103581268953189e+00
8.024856907861237509e-01 2.021506610468570553e-01 -3.558329618480883916e+00
9.017400089289673293e-01 3.461022022521939578e-02 -3.513962052101502476e+00
9.514453245402343384e-01 -1.426470446551866000e-01 -3.999618212479346013e+00
1.125705732229876688e+00 -2.885785119053142500e-01 -5.335789328043803792e+00
1.126564910694429100e+00 -4.568309603045136447e-01 -5.059776018175502266e+00
1.268013444923173250e+00 -7.923918084969604481e-01 -6.225925529941245706e+00
8.884763142560783145e-01 -7.229923897542821498e-01 -5.343675884970076062e+00
1.266697129529771093e+00 -1.452748743495896999e+00 -8.408310825878235306e+00
6.805472956510882909e-01 -1.002395117719363293e+00 -5.488475858386669515e+00
4.096523920740931524e-01 -8.499168148666926825e-01 -5.824963966358890133e+00
3.582128203073190464e-01 -1.247989004379537192e+00 -8.895170074375830183e+00
4.095413220839145829e-01 -8.078498717512645477e-01 -6.624758335207252991e+00
1.712656498144660699e-01 -8.624886830386532255e-01 -8.745320483699041247e+00
2.350131723654322602e-01 -3.821839107767072696e-01 -5.061651702800531005e+00
7.646804316777117139e-02 -4.690391928691766688e-01 -7.759845636926324453e+00
4.896293825358370710e-02 -1.998882714713471620e-01 -5.115419029679294738e+00
-1.561205581555906441e-01 -1.639402966362778769e-01 -7.050590001717573330e+00
6.917790966082994208e-02 -1.735031131860231834e-01 -5.640912575842177645e+00
1.742036884795770124e-01 -1.147768656714176216e-01 -5.335157540234337858e+00
2.354280903287294668e-01 -8.111104846390562728e-02 -4.561603319757859154e+00
3.443955600622707336e-01 -5.866335221256022830e-02 -4.619990474083846443e+00
3.812815693986477128e-01 -3.974121192910052246e-04 -3.822380040093597220e+00
4.787613138812923386e-01 1.484700737297323658e-01 -4.114412789804923420e+00
4.361060025945035501e-01 8.867086716186463324e-02 -3.404759086807269686e+00
5.721137947272414426e-01 2.552939794445199251e-01 -3.789284329421611641e+00
5.718219307689775821e-01 2.078661700928236267e-01 -3.156115121362992770e+00
6.080737852863506987e-01 2.724279621430541476e-01 -3.273330276404884831e+00
6.135358892209927806e-01 2.812228318625931700e-01 -2.955043983426271836e+00
1.096068969688451578e+00 6.942093571119324347e-01 -5.062444971555509987e+00
nan nan nan
nan nan nan
nan nan nan
nan nan nan
6.918118160820302398e-01 3.100131984536878549e-01 -3.094025752143128916e+00
6.048152982093442098e-01 2.294627506797347061e-01 -2.868262876193819810e+00
6.081568309513244452e-01 1.888432470351283088e-01 -3.051627542431501805e+00
5.871217706426765659e-01 1.096852655077926036e-01 -3.242633191229629563e+00
5.899305692111033173e-01 5.109213233389850450e-02 -3.993948595743702867e+00
5.199233148993831488e-01 -4.059827582080154096e-02 -3.701017945900975548e+00
5.138030330112715038e-01 -1.069083061550377134e-01 -4.145659828834584282e+00
4.666466708950117170e-01 -2.207371123469468177e-01 -4.923875429702214035e+00
4.137704975869148649e-01 -2.171162919348972320e-01 -5.554153771248003579e+00
3.249352038799673825e-01 -3.602792128244617365e-01 -4.739846163012589209e+00
1.848935191299738434e-01 -5.537763613390203066e-01 -6.659121290657530778e+00
1.851990403104667171e-01 -5.626430900641848920e-01 -5.272197196747560710e+00
1.206392139883874504e-01 -7.672721410721117241e-01 -6.090386014704411544e+00
-9.740582950070966750e-02 -1.145134446143293738e+00 -7.512323304700850635e+00
-3.230249787908430759e-01 -1.851041674828747485e+00 -1.115100293406306164e+01
-4.677858072307144455e-01 -1.941385013521302216e+00 -1.054273919516564639e+01
-7.555222583816579851e-01 -2.384184236231806864e+00 -1.324174024187836984e+01
-8.229642262483478632e-01 -1.730882519183218893e+00 -9.613166939098727326e+00
-1.051346397233676733e+01 -1.726198313855937627e+01 -8.868611956335880109e+01
-2.838750947027664395e+00 -4.329528141119589613e+00 -2.205260828566417786e+01
6.372923222533127152e+00 6.978175995620561345e+00 3.743625045088107584e+01
-6.429632800873451792e+00 -6.900313538530786772e+00 -3.836856792980792363e+01
1.234718236515210954e+01 1.012624705251535495e+01 6.215948984055177107e+01
-4.909652229011480351e+00 -3.673071358649015128e+00 -2.619440548861025064e+01
1.204632045424502351e+01 8.167115918496168803e+00 5.675274883388187419e+01
7.220341314954302980e+00 5.499938624460761538e+00 3.462142980331822883e+01
