nan nan nan
nan nan nan
nan nan nan
nan nan nan
nan nan nan
nan nan nan
nan nan nan
nan nan nan
nan nan nan
7.171737838316900870e-02 -1.354357380603135041e-01 -7.231359572300862792e-01
nan nan nan
nan nan nan
8.034973013523356855e-02 -9.009782424464080064e-02 -7.280551276230071700e-01
3.603598588728607055e-02 -1.118991870500539165e-01 -7.568738953099132249e-01
6.219176168022266804e-02 -6.934164574182943852e-02 -7.386868197140800119e-01
-1.101779421038328113e-02 -1.228198212004334294e-01 -8.073221129072384317e-01
5.451599144714313477e-02 -4.770210613682398376e-02 -7.234367591535981745e-01
8.291510085435345456e-02 -6.022815854922731506e-03 -6.934442015435846596e-01
6.716248332003774135e-02 -8.509405708746859212e-03 -7.164571396364287637e-01
5.819783633461757949e-02 1.207492020745537867e-02 -7.242587681533010358e-01
4.773460501773840736e-02 -1.455409937677982091e-03 -7.308788833843806731e-01
6.315479379349642208e-02 5.240997492323081625e-02 -6.991035779443656173e-01
4.036881586477375494e-02 4.872572015414011748e-02 -7.150543752277463971e-01
5.107833413015158697e-02 2.449961144270029409e-02 -7.043440303061153651e-01
1.052045566587885353e-02 -4.208717279622413432e-02 -7.588525545131626915e-01
-2.990686891014980239e-02 -1.083416879884403355e-01 -8.162328370853574322e-01
7.954325132818214350e-02 -3.436586789187852267e-04 -6.928989188833416524e-01
-3.210575482886827980e-02 -1.345154844270032013e-01 -8.209516698017180758e-01
-4.244667810530021457e-02 -1.408858052618407741e-01 -8.293521472449312260e-01
-3.589418531239062932e-02 -1.364866655910105808e-01 -8.179678598052866345e-01
-3.883595125252810309e-02 -1.425920228375819887e-01 -8.192768480078044258e-01
nan nan nan
-4.810845401128613363e-02 -1.579069686721576160e-01 -8.272221275736983959e-01
-6.161062106473125244e-02 -1.724801783500245767e-01 -8.441553261970390354e-01
-6.047429531690272364e-02 -1.725699619641591909e-01 -8.376024587070508565e-01
-1.394258837419524825e-02 -1.261580766181838176e-01 -7.523684916670355660e-01
5.086141059598191586e-03 -1.029178329968677419e-01 -7.059920742207637101e-01
-3.329738372650168504e-02 -1.451849542057724041e-01 -7.689411413189786160e-01
-3.889790368499152634e-02 -1.486554137033771206e-01 -7.676906494958762872e-01
-4.079038277829070275e-02 -1.480536259521995357e-01 -7.584375954668496345e-01
-7.055179172737216509e-02 -1.724408492456373787e-01 -8.095625948961272522e-01
-8.331456897896920288e-02 -1.859585444903133766e-01 -8.295111379726143319e-01
-6.094207894095683697e-02 -1.451381916865504551e-01 -7.502661919919290101e-01
-5.718615218402016420e-02 -1.122606608270808326e-01 -6.991938293518397129e-01
-7.851350816441222957e-02 -1.338232629587908784e-01 -7.508646337324823561e-01
-6.647484442870929544e-02 -8.634341480805324265e-02 -6.635516715299238921e-01
-7.542303356246778112e-02 -7.403809392230203956e-02 -6.489270671152955750e-01
-8.871830650981160638e-02 -9.086628742913412105e-02 -6.861074326801142043e-01
-8.180396445565898955e-02 -2.079166800728537295e-02 -5.788752268449576244e-01
-8.774719218475769689e-02 -2.384401687762194300e-02 -6.064354313021519394e-01
-1.175413905901584732e-01 1.700661342202980722e-02 -5.691406985797594631e-01
-1.280656815977621044e-01 1.948533942627572041e-02 -5.882700199711227151e-01
-1.383289054952885622e-01 5.014549866806183864e-02 -5.633248914948963959e-01
-1.300672370308823544e-01 5.760421267819484242e-02 -5.516598901549658596e-01
-1.422619025157778605e-01 4.478548729344160317e-02 -5.932541389692898015e-01
-1.204230753347576705e-01 3.315903220881151470e-02 -5.529290851432361320e-01
-1.095441951280420878e-01 1.406292203893112422e-02 -5.777452326241016012e-01
-1.053599347848665491e-01 -8.469237758341652267e-02 -7.101652317229419920e-01
-9.942191186996929275e-02 -5.110506943088086867e-02 -6.659114306043149023e-01
-7.842478077346572152e-02 -2.020234750887665506e-02 -6.016939841381676590e-01
-8.023579030259546385e-02 -8.310164396927983976e-02 -6.973223673691540947e-01
-6.324740866033760900e-02 -6.455162081502842375e-02 -6.651693335714000677e-01
-6.400577526660276850e-02 -9.475921659327564417e-02 -7.134675359463612532e-01
-5.084895354397130085e-02 -8.845335696934535086e-02 -7.036039780989332693e-01
-5.837053198734253046e-02 -1.187242223682816872e-01 -7.538382746694981540e-01
-4.476900770672492119e-02 -1.071105447430883012e-01 -7.407354691732898067e-01
-1.055485357806625474e-01 -2.120566752728751947e-01 -8.955051315417817959e-01
-4.261534327468305405e-02 -1.193877326346721446e-01 -7.676434910922218524e-01
-4.127637279524729724e-02 -1.202544292469042847e-01 -7.777606764650747406e-01
-1.245314217900945868e-02 -7.969385018745360483e-02 -7.306264876304131572e-01
nan nan nan
nan nan nan
1.051800255490648039e-03 -6.030539385565647503e-02 -7.378767390398409676e-01
-6.726435453560418443e-02 -1.530460443346154387e-01 -8.533230085560756795e-01
-6.239642737335755751e-02 -1.488926032783139120e-01 -8.521026215167477602e-01
-5.053314568278561431e-02 -1.295471255596787052e-01 -8.385923431642524628e-01
1.901721839240422610e-02 -4.101070593195019209e-02 -7.557533760885351004e-01
5.628943025122042088e-02 2.758802454409320024e-02 -7.247825717988880534e-01
5.422548628296437745e-02 2.671795145826089818e-02 -7.267973211889696694e-01
5.189681580532579802e-02 3.899517252201362139e-02 -7.242381849131729332e-01
5.949441066566166919e-02 6.609181077484865829e-02 -7.048568354204532982e-01
3.430395309515858054e-02 1.236562526512010457e-02 -7.502714559595144994e-01
2.559127328196403317e-02 -3.223284562604634973e-02 -7.619311943607306459e-01
6.880197772551389923e-02 2.154291944889637905e-02 -7.092720364199457395e-01
4.314440316361598665e-02 -2.884741759532651398e-02 -7.450498597763975939e-01
4.653982372333956286e-02 -3.316128093766248369e-02 -7.504908580078440972e-01
4.935067902643242715e-02 -4.219751501166772029e-02 -7.497613975444324952e-01
5.908834950048010709e-02 -3.865060104683462616e-02 -7.394681050340677908e-01
2.358591977215136228e-03 -1.134937910508828224e-01 -7.994627172513433244e-01
5.042929026546696947e-02 -9.070590511172975379e-02 -7.558178107429511794e-01
4.302252360147941490e-02 -1.070051672398672910e-01 -7.652500765777962011e-01
nan nan nan
nan nan nan
nan nan nan
nan nan nan
nan nan nan
nan nan nan
5.329913888096202840e-02 -1.519815770883928274e-01 -7.214403512358655846e-01
-3.118791133780544553e-02 -1.846327320009804041e-01 -8.313165601171979002e-01
8.874941508781637733e-02 -1.111950294736154671e-01 -6.859902697263408067e-01
1.142290725750733787e-02 -1.296779928889036926e-01 -7.680692259380977882e-01
4.282793776856154422e-02 -8.312051101274962883e-02 -7.177377672883201720e-01
5.141905745586404508e-02 -7.133064152838881899e-02 -7.153153662319655659e-01
-4.953988589323393352e-03 -1.240172660492634832e-01 -7.883377939072447882e-01
9.657959666177715063e-02 -1.468025660794280984e-02 -6.710850031768932356e-01
8.783114168030321800e-02 6.225312725358363858e-03 -6.836757890371542024e-01
8.120084111126030235e-02 1.576110236120266406e-02 -6.910014036437386320e-01
6.008728175607923327e-02 2.334460418284870289e-02 -7.039687098243807561e-01
4.455774532879290539e-02 1.207120085809671242e-02 -7.143134326212744467e-01
6.431623162762446777e-02 3.781949835945713073e-02 -7.010169281147318188e-01
7.418234024062488052e-02 8.197574443785561604e-02 -6.652226461826975523e-01
6.181058149260576506e-02 4.745514754626755510e-02 -6.897464164735747083e-01
5.615386782565424950e-02 2.956608153486192658e-02 -6.860906880608438341e-01
7.913550776963866606e-02 4.494553086187955127e-02 -6.740369592402536414e-01
-4.088491301035730718e-03 -4.868765258059289808e-02 -7.482414803080037480e-01
2.985965683064479084e-02 6.912508844753412554e-03 -6.773651630993876571e-01
-2.739680570166931964e-02 -8.566688393320413819e-02 -7.701588569969195497e-01
-3.242877824061708714e-02 -9.167609323843886604e-02 -7.710207189454777454e-01
-7.762308603186063305e-02 -1.636570317556296783e-01 -8.505153271373757651e-01
1.416211875462273194e-02 -1.083235252367381433e-02 -6.496075020473646155e-01
-2.459398879043299749e-02 -7.515148782094162316e-02 -7.234111910569785975e-01
-8.054367862662804856e-02 -1.645236610170708880e-01 -8.386441628057429432e-01
-1.841526931552883717e-02 -5.564649760779413756e-02 -6.786448004319851623e-01
-5.644688585819375437e-02 -1.142169260547833409e-01 -7.613973493610435295e-01
-1.722901220585337789e-02 -2.571331898720928544e-02 -6.261111378144907924e-01
-4.209138418956787087e-02 -5.860654720413563390e-02 -6.675753746925858767e-01
-6.016936339827118341e-02 -9.012330676738460056e-02 -7.120404090291048149e-01
-4.967526959321927338e-02 -4.239162434878269992e-02 -6.358991120957505627e-01
-5.715954926822427312e-02 -3.397624092397434625e-02 -6.239617906646571788e-01
-8.432068323485950034e-02 -9.025323486792821703e-02 -7.174427650488490738e-01
-6.797143042925521406e-02 -7.561057647449644613e-03 -6.001543571985304970e-01
-9.738969057562045506e-02 -6.998955261542244566e-02 -6.904933258303294075e-01
nan nan nan
-1.043425848314608745e-01 5.144954672955955044e-02 -6.081839869871168425e-01
-1.206479562152466961e-01 -1.892260786239059744e-01 -8.743502251374690726e-01
-1.288389104104651905e-01 5.864672056921998305e-02 -5.426086859664109863e-01
-1.255396241758209852e-01 6.594396020191754804e-02 -5.462667257945683641e-01
-1.134695138861494812e-01 6.158457944747071366e-02 -5.681967602709517839e-01
-1.188488207850271761e-01 2.878313687975192839e-02 -5.355552518662758388e-01
-1.216374888815819344e-01 -5.859636114448010628e-03 -5.836176088918936244e-01
-1.048020595330992066e-01 5.364778861774872551e-03 -5.371719709253836017e-01
-1.011947967123141279e-01 -5.566439565541334011e-02 -6.445315435770399004e-01
-9.886644535625635499e-02 -3.141308822097538256e-02 -5.579436083390454382e-01
-9.066832567497395967e-02 -6.979142858893538914e-02 -6.064578777217322081e-01
-9.747295400548246225e-02 -1.470367029716476148e-01 -7.509847724901058674e-01
-8.498937538352320520e-02 -9.840478339555723541e-02 -6.376804453851649956e-01
-8.573655326573144386e-02 -1.398034357845474862e-01 -7.110462029884963009e-01
-7.321996266579137991e-02 -1.403885152817286042e-01 -7.144133749594996363e-01
-8.159885483835283004e-02 -1.731178104863417000e-01 -7.721309854192577316e-01
-7.767941157429826549e-02 -1.747428184096612991e-01 -7.786693821283316996e-01
-2.537633924627282281e-02 -1.062450684703802328e-01 -6.640689953481180297e-01
-6.304995984725024483e-02 -1.573379831952322894e-01 -7.777696311873639745e-01
-3.065407053106839960e-02 -1.006676528164543033e-01 -6.749856412987309540e-01
-7.395466269316912367e-02 -1.654909871464020354e-01 -8.088775228700275655e-01
-1.216635101654383981e-02 -5.379798917328412061e-02 -6.258519429859555894e-01
-6.061093439700263041e-02 -1.352942266542239425e-01 -7.751125499560090892e-01
-2.901579163934878743e-03 -3.123736771229518316e-02 -6.283169694176171660e-01
-6.463253490114891087e-02 -1.383731981071084083e-01 -7.969637768091359931e-01
-1.855641080936519180e-02 -4.870085817077315221e-02 -6.595237346129801947e-01
-2.935144546431361218e-02 -5.231957350942621071e-02 -6.633672025461193611e-01
-3.868660930967314504e-02 -6.277425368271791206e-02 -6.725609825316386514e-01
-5.061919028911869567e-02 -7.208514891856515616e-02 -6.822383416503913223e-01
-4.627445829395374077e-02 -3.986956328976385550e-02 -6.312794000657327986e-01
-7.290501128583598556e-02 -7.503332949989328926e-02 -6.973767210021860619e-01
-6.002025507195417331e-02 -3.903827536207387511e-02 -6.339212892221802731e-01
-1.048501351355109051e-01 -1.675174218519596414e-01 -8.311231264706766542e-01
-7.986221066123587453e-02 -8.564934712883569626e-03 -5.938084452291996218e-01
-8.755594595978055672e-02 -1.446118159270484531e-02 -6.122163529515127767e-01
-9.101590317225785598e-02 2.016896863831381045e-02 -5.610777421425112710e-01
-1.100893830906192750e-01 -5.146525101170654204e-02 -6.835271593141988289e-01
-1.109109850827529331e-01 4.426082533970495531e-02 -5.394206335263985741e-01
-1.222385683168793341e-01 6.551801618101082969e-02 -5.253176748187099454e-01
-1.245841946571093622e-01 5.401934856742707930e-02 -5.377229174072034601e-01
-1.157921067706422086e-01 5.212922253308364777e-03 -5.945023636160260416e-01
-1.002606050801457399e-01 6.777704710882377984e-03 -5.770703579007954165e-01
-8.713178733824374078e-02 2.335522630593989471e-02 -5.435299358890577359e-01
-8.129902643088166014e-02 6.183012313216415361e-03 -5.606578418124603669e-01
-7.319812549291915271e-02 -1.832475552249462208e-02 -5.871335591276422017e-01
-7.949443527301000567e-02 -8.973735536196368601e-02 -6.991275512314489848e-01
-5.581464579389448094e-02 -4.061297209825120297e-02 -6.106921203641882956e-01
-4.972661192254854146e-02 -4.973806034088803368e-02 -6.220911355203277981e-01
-6.426462996347129253e-02 -1.099747003265263701e-01 -7.201507324935588761e-01
-4.774688950542966409e-02 -7.814592137341438982e-02 -6.797641148231717834e-01
-2.260685207554543469e-02 -6.073059523865120823e-02 -6.292803108421840541e-01
-5.291800209207730282e-02 -1.272936969360288217e-01 -7.495499262609938151e-01
-9.034784585811438118e-03 -7.588311295280288082e-02 -6.439974248950517399e-01
-2.942446423955539549e-03 -8.277039793835402892e-02 -6.495174626245385774e-01
-1.747654616862590049e-02 -1.196568480738989804e-01 -7.123205944419435109e-01
-2.258723716349367305e-02 -1.327673645121106860e-01 -7.345480454205465248e-01
-1.884267380719998122e-02 -1.386917684309982579e-01 -7.395903189089714225e-01
-7.986034312229046972e-02 -1.946165668320310183e-01 -8.534293697827201042e-01
6.249429307448539639e-03 -1.212955491835488314e-01 -7.186793788922239967e-01
-4.609389601415345150e-02 -1.718890754993318004e-01 -8.167271015859208783e-01
-2.408402453679368144e-02 -1.562206071349751535e-01 -7.877235585035269327e-01
-3.420962592562978855e-02 -1.646783141472867029e-01 -8.154530457798512266e-01
-3.358308127791594100e-02 -1.633440174044874793e-01 -8.136922182058603514e-01
-8.057461493150248205e-03 -1.402756938957114285e-01 -7.890598994844258973e-01
-1.043244612490077175e-02 -1.353608171120700976e-01 -7.867233943930346252e-01
-3.685314539857681426e-02 -1.722424013305329238e-01 -8.327413716654764597e-01
-2.802026437111440269e-02 -1.572824770223570923e-01 -8.178719828843286077e-01
