nan nan nan
nan nan nan
nan nan nan
nan nan nan
nan nan nan
nan nan nan
nan nan nan
nan nan nan
nan nan nan
1.130424205501065149e+00 1.254786868983473580e+00 4.496736965890290705e+00
nan nan nan
nan nan nan
9.701829512407273981e-01 5.877394038653664943e-01 3.301333512488357158e+00
1.162852839332704225e+00 7.548246616803343523e-01 4.606587065575204143e+00
8.558591550690041183e-01 3.237806778212778402e-01 2.974851865977823806e+00
9.954188756072133160e-01 2.985135949408183054e-01 3.887147219629837114e+00
1.107648690478963527e+00 2.692492229259797476e-01 4.492547817262505738e+00
1.272296976519877720e+00 1.534550567042197167e-01 4.930950789976058957e+00
1.021754902701798695e+00 -2.511354078343272771e-03 3.763388453498302866e+00
8.788435793939776142e-01 -1.801158739642832463e-01 3.168734989259044177e+00
1.030328613454854825e+00 -2.054065653984241124e-01 3.888340075273732932e+00
1.102956108360521492e+00 -4.546727309784490134e-01 4.388431271238954601e+00
9.812686944087405383e-01 -5.915263109025443722e-01 4.134194783014569552e+00
1.372226123537136910e+00 -4.398918838830854217e-01 5.975728123259467672e+00
1.019893214958057515e+00 -2.377549639420199201e-01 4.470950628637917923e+00
1.005888672340617740e+00 -1.368733216267302710e-01 4.350548898258066011e+00
1.306953179051762115e+00 8.736127573480599595e-02 5.175763676222528531e+00
1.171208861788902489e+00 1.196889051672924975e-01 5.445386022173540397e+00
nan nan nan
1.295913088361927201e+00 3.919459503735619466e-01 6.589627191474860091e+00
1.475301962243555698e+00 6.003973967879808749e-01 7.958494721061527777e+00
nan nan nan
1.751998087537042226e+00 1.137581614730438950e+00 1.079340795778199613e+01
1.866577506452232749e+00 1.441739591455008629e+00 1.243573109656988862e+01
3.163983424762025098e+00 3.239002742140586033e+00 2.448306047707054489e+01
nan nan nan
-1.025767008931878221e+00 -2.037889740737351740e+00 -1.408757650640028736e+01
-8.892241275812550194e-01 -2.416285418563426379e+00 -1.502987143646834056e+01
-2.745937833138958339e-01 -1.330052317318271671e+00 -8.143213679810020977e+00
-4.432365979149112400e-02 -1.066083758798968883e+00 -6.422680620443391497e+00
7.290073366795005172e-02 -8.868137059541509881e-01 -6.115405201625373266e+00
1.867050506022595591e-01 -6.502094363562423984e-01 -4.734597452971571308e+00
2.600405459696491506e-01 -4.752350560682245262e-01 -3.616125638983953561e+00
3.227655408008157090e-01 -3.227664273906407644e-01 -3.122431419034652045e+00
3.751415852693739117e-01 -2.127808435180425783e-01 -3.298545914423006042e+00
3.768465875974785773e-01 -1.643445068561131539e-01 -2.658026268527917235e+00
4.056431097538106822e-01 -7.971709767331942864e-02 -2.447362600755237594e+00
4.386220042295691512e-01 -1.369171301269272480e-02 -2.462291316572454924e+00
4.202828583297825715e-01 4.188457909584521188e-02 -2.161666591270695825e+00
4.151136467817651554e-01 1.187972862897967996e-01 -2.144601204903025415e+00
4.802856563362596920e-01 2.513843516702289893e-01 -1.925131084782516933e+00
5.035506398170567222e-01 3.347136138832076946e-01 -1.947714389581865824e+00
5.077220109598608033e-01 3.784873477957937382e-01 -1.872072082389962588e+00
4.924897519614651054e-01 3.667331653949832959e-01 -1.909350207968161017e+00
5.597916767552137962e-01 4.863636912201900753e-01 -2.204115739314392197e+00
4.990450858828703873e-01 2.832151302484662292e-01 -2.007820503733440010e+00
4.721780754163573124e-01 2.538329694087156363e-01 -2.080088540318604018e+00
4.947626692205073229e-01 2.118669099695290325e-01 -2.506281737716824054e+00
5.020443376767937949e-01 2.260703458567888957e-01 -2.759427905073071674e+00
4.395182942945325411e-01 9.105763287832442654e-02 -2.685005650314541192e+00
4.448899756252363002e-01 5.663692870451597638e-02 -3.300037244473582376e+00
3.716310672881689148e-01 -4.840284613580768391e-02 -3.402950804447895106e+00
3.315738545505533819e-01 -1.378100686186008728e-01 -4.245093147928243660e+00
2.609538922594747401e-01 -2.267280408627349031e-01 -4.893599784129154529e+00
1.589172561781259374e-01 -4.056684156481856207e-01 -7.256959122679444540e+00
-3.909672234769300675e-02 -4.952940309218379356e-01 -8.649890972050627624e+00
-1.299140902246158191e+00 -1.838353763000749819e+00 -3.528037735019740495e+01
-1.611269818392483621e+00 -1.911199566549045992e+00 -2.993048396867133931e+01
3.188332601266624433e+00 2.283951776691226954e+00 3.929581732274797901e+01
4.045177891680764581e+00 2.078600248902325198e+00 4.250288988102861509e+01
nan nan nan
nan nan nan
1.304481578341403880e+00 8.448521319958700315e-02 8.440308919185039116e+00
8.625775100178325605e-01 -1.265550938848521434e-01 4.743933349130702304e+00
8.909672752231384552e-01 -1.288940426099445535e-01 4.367945194479575299e+00
8.714620877379815056e-01 -1.814322595271473104e-01 3.984335195324621992e+00
8.475703985681154462e-01 -2.087974907740793584e-01 3.619862099063660299e+00
7.739044839794747555e-01 -2.406445815929949272e-01 2.764869704775684056e+00
7.753617285423396455e-01 -2.483501929506497785e-01 2.774067869912084205e+00
8.396853306417101370e-01 -3.473584176299844284e-01 3.056251728341237595e+00
9.378022356404795978e-01 -4.817644227932799672e-01 3.608128768209664994e+00
6.926761372201483136e-01 -2.882290991627592391e-01 2.431506178400258289e+00
8.679022809993777177e-01 -1.862026177409172034e-01 3.181643547693445040e+00
9.470179078906258985e-01 -1.479577809673996158e-01 3.479466460463109811e+00
9.035382396770408331e-01 -7.032469951358688576e-02 3.290178796496134428e+00
7.815172856251875189e-01 -6.508848964983653118e-03 2.654011666780204948e+00
7.120758636991165735e-01 5.594650600978674088e-02 2.407886879972530814e+00
8.082923802818716696e-01 1.036980715660321406e-01 2.750280806515124521e+00
8.179821129206157337e-01 2.550708742805684048e-01 2.936780527485363557e+00
7.458194894777774309e-01 3.400364253123552283e-01 2.541198413434636816e+00
7.503564429569898886e-01 4.048960837497630472e-01 2.551742894986818833e+00
nan nan nan
nan nan nan
nan nan nan
nan nan nan
nan nan nan
nan nan nan
1.694047138324983548e+00 2.535901245051647823e+00 8.585712248709121752e+00
1.126964414328047948e+00 1.347700337739175636e+00 4.998841529398663219e+00
1.517739919968583706e+00 1.693764535567434226e+00 6.914782601440159659e+00
nan nan nan
2.211026611845751333e+00 1.489570932539640902e+00 1.135714456360416236e+01
1.741013007051065431e+00 8.333998893043151890e-01 8.190135892394211581e+00
1.802611086787450079e+00 7.029644820055558352e-01 8.490371156486487436e+00
1.870316287539484534e+00 5.878646624300429835e-01 7.788631428030819315e+00
1.359313069593150347e+00 1.164655421053698708e-01 5.362568381458329370e+00
1.196630456495058947e+00 -3.244495832183404149e-02 4.637761045001224325e+00
1.079625488036819680e+00 -2.699470477265015766e-01 4.388318625714402899e+00
1.235632973564105175e+00 -3.636238389647886704e-01 5.332051004979281750e+00
1.181103071784442182e+00 -3.665024496745425409e-01 4.678794313754011114e+00
1.710239511433858661e+00 -8.463509465314564828e-01 7.686569353810851268e+00
1.455727383193138991e+00 -5.610697289030465162e-01 6.292305978285106960e+00
1.529944590550945005e+00 -5.321453405824693172e-01 7.474458788953970867e+00
1.393832720478362930e+00 -3.165668880015906628e-01 5.971305842177306644e+00
2.627827039934853559e+00 -8.435960483139145483e-01 1.584078860613101014e+01
nan nan nan
nan nan nan
-8.162968921554101698e+00 1.685348134541740484e+00 -7.262881955773704590e+01
-3.633197820284364443e+00 7.064629106659664481e-01 -3.659678460235470254e+01
nan nan nan
nan nan nan
-3.467054718634426935e-01 -6.315854599293124760e-02 -8.788113938674568359e+00
-4.696895022887593446e-02 -1.390618549641791102e-01 -5.153686136738151014e+00
5.868584956721497638e-03 -1.081294300725945956e-01 -5.821981818116432450e+00
1.359375431774584864e-01 -5.791955561764819405e-02 -3.810374893864379775e+00
2.216569902358463406e-01 -5.482528406589229353e-02 -3.684900961223472660e+00
2.579003341588941289e-01 -2.169352576756897882e-02 -3.462774659400297494e+00
2.963381019538464112e-01 1.931675615797541316e-03 -2.906372024709618085e+00
3.302623102598404303e-01 4.246857087025292937e-02 -2.678889567661657090e+00
3.859186321475888137e-01 1.244568071532175940e-01 -2.803067655865745689e+00
3.630825046057779004e-01 1.446741040275901224e-01 -2.393026529771909328e+00
4.172260199393241220e-01 1.789922589598980929e-01 -2.228850247545032914e+00
nan nan nan
4.513223176824016081e-01 5.659224691537421137e-01 -2.563843241562908215e+00
4.717337024960401859e-01 3.201460463088789954e-01 -2.019305537436764997e+00
4.704649653980202406e-01 3.292552530470830296e-01 -1.764099934437347583e+00
4.511556879865059599e-01 3.409961961413817688e-01 -1.773273959018920820e+00
4.271369195060734647e-01 3.792967084961976765e-01 -1.957060339321240461e+00
4.616541340120512427e-01 1.971347992810139893e-01 -1.717213332089717381e+00
4.811077870506836329e-01 2.000857965237336222e-01 -1.767188045144153064e+00
4.473260329298620053e-01 1.084065235238672736e-01 -1.734984996871179463e+00
4.568988680680052261e-01 1.180711688998972025e-01 -2.021497953120778401e+00
4.517936599552956345e-01 1.176220575169410927e-02 -1.772838631529816800e+00
4.349438494304228575e-01 -7.008038655587343901e-02 -1.836488239759034302e+00
4.351208798830405455e-01 -1.178535117458370668e-01 -2.077423691376849124e+00
4.185405083197374365e-01 -1.760358358700849779e-01 -1.886960042175306773e+00
4.039390335983636948e-01 -2.527856643378685320e-01 -1.983285687168681255e+00
3.643739848785928492e-01 -2.928617644431295575e-01 -2.189725861323683187e+00
3.569549382436266738e-01 -4.019959149251680075e-01 -2.369525624744557302e+00
3.230930215991382193e-01 -4.582211214982370717e-01 -2.605532842894408230e+00
2.184737184050083159e-01 -4.456224287771418102e-01 -3.098845725094648618e+00
1.656673189503427845e-01 -5.557339419346588594e-01 -4.075483702518932994e+00
2.147199938424093624e-01 -4.133689630433043938e-01 -3.444026099189670731e+00
9.077466776762105338e-02 -4.530731608365999308e-01 -4.640930991884411938e+00
1.654362425118134639e-01 -2.695167550336523554e-01 -3.551313027759722019e+00
5.214987307307891728e-02 -3.104350589823136608e-01 -5.202243234693074037e+00
nan nan nan
-1.442345783689100991e-01 -1.469763284720160268e-01 -6.579130551342944777e+00
5.832894441836377480e-02 -1.367668491092749739e-01 -4.651370716761664248e+00
1.362334430342563851e-01 -9.144153247156143471e-02 -4.157107186924528186e+00
1.849294915193283317e-01 -6.679381397633017692e-02 -3.584208732942661513e+00
2.444640722014585765e-01 -4.046978093835347512e-02 -3.285452776034401001e+00
2.796203596223140742e-01 2.036770399689945884e-03 -2.796826834012140495e+00
3.397496729462590737e-01 1.237853348938053322e-01 -2.887657360176375310e+00
3.150493445978487794e-01 6.085477445357322795e-02 -2.459499735355485495e+00
3.812405705935060229e-01 1.742083838466787493e-01 -2.505908179886551235e+00
3.916546820620821490e-01 1.448802705752094966e-01 -2.153422837141568014e+00
4.043774977510814495e-01 1.816880225456151132e-01 -2.160764465966032333e+00
4.084049773633363634e-01 1.885389858794874196e-01 -1.940369699540356097e+00
4.464798880651926760e-01 2.862622049501936661e-01 -2.041338857025432052e+00
4.391419588673306507e-01 2.467342340542656443e-01 -1.761884257916442653e+00
4.459676112349781341e-01 2.835826662378003182e-01 -1.688670130569948302e+00
4.550849897656761289e-01 2.808314631873807810e-01 -1.700429992367043619e+00
4.556684383248218451e-01 2.572532573774243270e-01 -1.841185295377991915e+00
4.309180415338504377e-01 1.903170039794020996e-01 -1.917239620899453989e+00
4.028487956617906041e-01 1.518313571227702108e-01 -1.893235738753743735e+00
3.972617466224306337e-01 1.199534827944123833e-01 -1.997624948670577494e+00
3.837050888122307546e-01 6.868485034792991273e-02 -2.120038329813966893e+00
3.623600728723800346e-01 2.814806052736119196e-02 -2.457000484230037252e+00
3.348586558296042237e-01 -2.572768679518282892e-02 -2.379074051708928828e+00
3.185703816889399742e-01 -6.997938989632508655e-02 -2.578921430104588186e+00
2.836002497708112191e-01 -1.313124084630947208e-01 -2.993191857223377994e+00
2.524486473520911045e-01 -1.331918839944373212e-01 -3.384723269433682624e+00
2.172355039567995250e-01 -2.397626537669145241e-01 -3.164260285205330536e+00
1.161038426084332748e-01 -3.474081031142168818e-01 -4.184958018966734805e+00
1.273239468989558476e-01 -3.905278746468949236e-01 -3.623626532067133699e+00
8.053707260850595517e-02 -5.049869100344304140e-01 -4.025239031630503561e+00
-6.546198058846583456e-02 -7.641620916690653464e-01 -5.074282680018195713e+00
-1.876678513470512455e-01 -1.067433988996519645e+00 -6.475491468638876036e+00
-2.991208835794051946e-01 -1.226747899120491425e+00 -6.754635317959809981e+00
-4.937789285627780522e-01 -1.550611710916190100e+00 -8.672926642778413964e+00
-8.237484896626012798e-01 -1.706737701722930600e+00 -9.621419130305501000e+00
-1.255160240847801489e+01 -2.025630319652260880e+01 -1.058507925903492435e+02
-6.214671282137006258e+00 -9.389583406252567599e+00 -4.827292404506133039e+01
2.806548079634405557e+00 3.089333155519210727e+00 1.649085934434895506e+01
3.661427284566636242e+00 3.897581796091579509e+00 2.185060758000119563e+01
1.751047461965435925e+00 1.444952230732452714e+00 8.818331739187614815e+00
2.673782110436301984e+00 2.022186482338127256e+00 1.426527100880559651e+01
1.504920803391419426e+00 1.018827013389058456e+00 7.090653374580720758e+00
nan nan nan
