nan nan nan
nan nan nan
nan nan nan
nan nan nan
nan nan nan
nan nan nan
nan nan nan
nan nan nan
nan nan nan
nan nan nan
nan nan nan
nan nan nan
nan nan nan
-9.082914103098349567e-01 1.885039312861527816e-01 3.513648741547251042e+00
-1.010588370888866994e+00 6.373716644620427973e-03 3.605704235375953193e+00
-8.623007369040377457e-01 -7.243987891853460870e-02 3.435308802880388868e+00
-8.395328336573056882e-01 -1.387919095962718841e-01 3.411155961292237748e+00
-9.202336695579879100e-01 -2.830954201740406018e-01 3.427365409745004143e+00
-9.191703451514892098e-01 -3.692620672051229458e-01 3.417599871127126043e+00
-8.849255470780659216e-01 -5.221979495287665252e-01 3.378934014814695797e+00
-8.706218181279763435e-01 -5.388143300938538216e-01 3.330621623739839610e+00
-8.209247236221605126e-01 -6.750457179164591759e-01 3.255211461801929662e+00
-6.963358405134106865e-01 -7.580194031835738588e-01 3.146246597524086308e+00
-7.320969827813504915e-01 -5.767038725222940476e-01 3.211060303525627102e+00
-7.001312178657538299e-01 -4.450210645300221035e-01 3.208205341479743122e+00
-7.082314446977246991e-01 -3.795387841033674436e-01 3.238310377001101248e+00
-8.607625522927567774e-01 -3.178397702706042827e-01 3.310505864731510872e+00
-6.872936994258932453e-01 -2.139725630875859985e-01 3.269800453804789342e+00
-6.515017387470295462e-01 -1.373681463778650691e-01 3.263338487933315601e+00
-6.287359635261771107e-01 -7.748660234583963635e-02 3.241706636606540126e+00
-5.973561938528683113e-01 -2.102104176920209858e-02 3.226052228320158921e+00
-5.671864021361243680e-01 4.126195952185524735e-02 3.231480148168505817e+00
-5.151118568047632351e-01 9.590703243917515775e-02 3.215310058149415617e+00
-5.518761613595887239e-01 1.195309018290830055e-01 3.542740703014387371e+00
-4.357561866021309460e-01 1.949859162225175135e-01 3.192655443989796282e+00
-3.520538691587247748e-01 2.415572306169309902e-01 3.090904667107133630e+00
-2.781861617211133231e-01 2.555442989606986903e-01 3.056040122148814930e+00
-2.255711442670838285e-01 3.182124609569485507e-01 3.035456767004462098e+00
-1.704499924351034201e-01 3.304119941077076628e-01 2.988020409462007976e+00
-9.567551654841428832e-02 3.563417042136315938e-01 2.936204795228496867e+00
-3.342926999362786505e-02 3.211073328737209520e-01 2.847026621906199040e+00
2.558781167470837101e-02 3.170928185607952976e-01 2.796518242928754283e+00
1.013089340405356337e-01 3.114063375046136617e-01 2.815830233143473915e+00
1.680727110348411435e-01 2.616261099791343248e-01 2.663051563972889113e+00
1.884685937254291788e-01 2.008439328183545813e-01 2.529001713906307902e+00
2.409367618509581921e-01 1.933795591720894325e-01 2.523354666511588906e+00
nan nan nan
nan nan nan
3.539357716856007530e-01 5.256955370187521570e-02 2.376010597050083106e+00
3.631344738294667862e-01 -2.088991001223737543e-02 2.361628263219456958e+00
4.223125814907946474e-01 -9.146576758278186781e-02 2.109626894187402790e+00
4.183501112236348018e-01 -1.264235189335515264e-01 2.001299182228353235e+00
4.296174224566964295e-01 -1.642425897821328251e-01 1.933707314682624023e+00
4.213391471908751185e-01 -1.756353320702329079e-01 1.992283784871559993e+00
3.719356837551575645e-01 -1.810694772220648729e-01 1.804907803229844232e+00
4.064320172898655548e-01 -8.506052905444641543e-02 2.050537512151322073e+00
3.898632717448963225e-01 -8.775490755758687256e-02 2.143108596468055627e+00
3.368569267891278751e-01 -1.419033046294135639e-02 2.193972242343174006e+00
2.948732353596730249e-01 -5.053791596568154437e-03 2.142846241417752928e+00
2.804767396151037762e-01 3.900800664945255208e-02 2.309254172245333248e+00
2.284686772589635262e-01 7.186534327789453891e-02 2.331242121880260587e+00
1.898162970038959063e-01 9.493272050008109975e-02 2.469184823710333543e+00
1.250336279083094915e-01 1.206502370381094674e-01 2.516700379042159597e+00
7.657793417376852763e-02 1.278899039997490050e-01 2.606316132468928348e+00
1.267952812694479736e-02 1.402839426967464609e-01 2.659425546238931126e+00
-5.485301723181546657e-02 1.179132153954154244e-01 2.726530707639860385e+00
-1.077703063369835901e-01 1.006977506009784085e-01 2.757203291059268757e+00
-1.679057604084113753e-01 9.650387252091698065e-02 2.857299808182920398e+00
-2.317941336626697379e-01 6.903492956985497753e-02 2.900260767461992462e+00
-2.801218015868566225e-01 2.051826713911428235e-02 2.935558433708582271e+00
-3.380841219875281856e-01 -3.669065150511274104e-02 2.966467678281059506e+00
-4.014214902871913737e-01 -6.695541031143728561e-02 3.013835157777499774e+00
-4.414234878690017627e-01 -1.352363196575515902e-01 3.016308718913502052e+00
-4.774243231823847577e-01 -2.226817518655439532e-01 3.014586558420123019e+00
-5.605381126579830342e-01 -2.726549824841517089e-01 3.116846048791650947e+00
-6.148852164015045085e-01 -3.528026902324951086e-01 3.156540793956832403e+00
-6.607187910513546703e-01 -4.420053306317487940e-01 3.171855549946693387e+00
-8.458937083286108827e-01 -5.831080877054134470e-01 3.304182766170111307e+00
-8.268225195685888762e-01 -5.909516816696112063e-01 3.265132877484170582e+00
-8.226392083689944013e-01 -6.968760590763121154e-01 3.299194272251409821e+00
-7.917377773428182497e-01 -7.356489228795768387e-01 3.191910845428353127e+00
-8.337855478096284356e-01 -6.375209504365410007e-01 3.268987559579945135e+00
-8.351910152852590752e-01 -5.135003994560468632e-01 3.330708635005400708e+00
-8.795664156543290257e-01 -4.840557944667369661e-01 3.360453669271806998e+00
-8.879648454238585620e-01 -4.087885621536905822e-01 3.425298613367366851e+00
-9.612797742872066786e-01 -3.508873723297635250e-01 3.551376757988725430e+00
-9.849469169854797590e-01 -2.508606417531825672e-01 3.594698617458346845e+00
-9.873147291405018899e-01 -2.274534356946991409e-01 3.589373290280750695e+00
-9.021659386746704312e-01 -3.550955975313382224e-02 3.557407746775546720e+00
-1.016109778739650693e+00 1.090679400444289904e-01 3.552050935277889732e+00
-1.003236347819869589e+00 1.967658579326486967e-01 3.537556555825728477e+00
nan nan nan
nan nan nan
nan nan nan
nan nan nan
nan nan nan
nan nan nan
-7.256049716418971895e-01 6.765521479702979457e-01 3.478006904600271287e+00
-8.060394201135211434e-01 5.794120270202505196e-01 3.597235753521245805e+00
-8.079291569170532483e-01 4.637627536715774323e-01 3.433710358954031872e+00
nan nan nan
-7.152469232899962837e-01 1.057788721131680404e-01 3.315325105653314175e+00
-7.653078767299954510e-01 5.751292499528171944e-04 3.365799458404947764e+00
-7.619781900125059959e-01 -7.018347973323543765e-02 3.325775032134584919e+00
-9.220657352703429677e-01 -1.927449715716152978e-01 3.474031269563200297e+00
-9.099557351319454979e-01 -3.210452670968542144e-01 3.381642619036589359e+00
-8.898145165637599829e-01 -4.058814704137180263e-01 3.361972969977098824e+00
-7.956938867056972953e-01 -5.158430377632091668e-01 3.204550057080273184e+00
-7.600644931404451077e-01 -5.675947378678560806e-01 3.255704722856483269e+00
-8.403871534935440923e-01 -6.431999071691850700e-01 3.293324243364463833e+00
-7.378149488137787371e-01 -7.469487956557862018e-01 3.114265195804323039e+00
-7.876519782894405575e-01 -6.899928906057255507e-01 3.261499282751576967e+00
-6.623176182189750572e-01 -5.906973571033404813e-01 3.181483219321346922e+00
-7.070869780427961881e-01 -4.646669377792617683e-01 2.889765238970258832e+00
-5.339109291741658270e-01 -4.447169729300655128e-01 3.109142062061372780e+00
-4.595753452664044780e-01 -3.808868712677397905e-01 3.075219445454842937e+00
-4.160912872166767640e-01 -3.163585188167030715e-01 3.061931903071965166e+00
-3.562460647066001962e-01 -2.605947582817524921e-01 3.016261316055574238e+00
-3.078653933735823189e-01 -2.342306639541510693e-01 2.993148408811116656e+00
-2.249023477519997427e-01 -1.790817090885540308e-01 2.979238437954147667e+00
-1.916035883003294471e-01 -1.180811888493615430e-01 2.943134302150965720e+00
-1.400489788799293422e-01 -8.993798951934599273e-02 2.876638113426599919e+00
-8.137957534881973265e-02 -4.443984992527449940e-02 2.891619867867824656e+00
-3.533637609347518166e-02 -1.897246070599666393e-02 2.806381065090615134e+00
3.594501468056978538e-02 -3.251837616308322215e-02 2.790460399044203399e+00
9.143963926427060851e-02 8.483001749936842223e-03 2.687563267261045663e+00
1.283415884950687147e-01 7.216179477823752436e-03 2.654557304535794859e+00
1.879408441438336907e-01 -3.762963811486874036e-04 2.633196250834882512e+00
2.384328529299759025e-01 -2.251041691740756495e-02 2.585804042673600200e+00
2.556358978450692931e-01 -3.541269569082448887e-02 2.430864898373120031e+00
3.025468732307550201e-01 -1.037183684954051804e-01 2.508805171838963233e+00
3.451642544449725070e-01 -7.813476059126353568e-02 2.326648961803863713e+00
3.811656393578283786e-01 -9.912197871540774641e-02 2.361044719323265539e+00
3.260821658261895406e-01 -2.894833229614677816e-01 2.123065726346128113e+00
4.038414217842112852e-01 -1.525959458252293122e-01 2.104481050467634784e+00
4.649885773430298963e-01 -2.000200825482659761e-01 2.102376163769000161e+00
4.816184113327840466e-01 -2.319475645561809574e-01 2.164578592706313032e+00
4.253452173637120026e-01 -2.575686956975908881e-01 2.174234043527976112e+00
4.890623268302087823e-01 -8.767212923535758207e-02 2.208466049832476852e+00
4.651420357445127385e-01 -6.048469781749957891e-02 2.146171651242394507e+00
4.815085990826324380e-01 -1.805641198054575708e-02 2.324401040581826283e+00
4.072964342864237586e-01 2.128044139793240294e-03 2.295320353007232139e+00
4.581789713623891647e-01 1.004942676472111857e-01 2.363461400465329820e+00
4.336189700272051750e-01 1.784338129819303398e-01 2.458291159136774873e+00
nan nan nan
3.998256473868413430e-01 2.868359881690516477e-01 2.545156072144276749e+00
3.610212521124819274e-01 3.526137986768632659e-01 2.603785781160311785e+00
2.913167294157208986e-01 3.511145120314412837e-01 2.687410268413589431e+00
2.501419537433606233e-01 4.312263973449179111e-01 2.725991375245870429e+00
1.827843650438177869e-01 4.291928205547755337e-01 2.752391910631956318e+00
7.949494040176426080e-02 3.215759565697365874e-01 2.853031135157823694e+00
1.440177550550728915e-02 3.030290459843097972e-01 2.861020704916716006e+00
7.152425981346353934e-02 2.651625241163250712e-01 2.797287286490143465e+00
-2.344116707725143675e-02 1.979036821653454847e-01 2.836115972772833782e+00
4.272852095115755450e-02 1.333691572064548692e-01 2.843435717003159002e+00
-3.785191161887108136e-02 9.194435153441789244e-02 2.818573788824214610e+00
-3.953832025460652516e-02 1.290973952669374758e-03 2.893684388505486371e+00
-1.072599755195021570e-01 -4.189039341360752122e-02 2.891200223364945643e+00
-2.697575124622742307e-02 -4.363398173673953793e-03 2.828760523643342850e+00
2.838166759110929277e-02 -5.741087845053276240e-03 2.787399831706032227e+00
7.532559605761472710e-02 -6.852724110292299740e-03 2.774431909223055825e+00
1.292744305957356787e-01 -9.617165377609116395e-05 2.716040141648766060e+00
1.884339378264191234e-01 -2.413387713389601730e-02 2.689927318805511280e+00
2.200749552882650950e-01 -5.780428663204646711e-02 2.517363490028484474e+00
2.606158635218218111e-01 -6.708265475611535633e-02 2.623023950419870243e+00
2.890507591946331334e-01 -9.370313178790830311e-02 2.416943084317969781e+00
3.542383764000389679e-01 -9.113574280549885387e-02 2.431743835703511714e+00
3.598499234003616487e-01 -1.077587883894986220e-01 2.375996728284578197e+00
4.252043015780831436e-01 -1.471154623610068657e-01 2.404264662559108423e+00
3.859284302821945900e-01 -1.393118740041748016e-01 2.164635975799519940e+00
4.739392955422604969e-01 -1.935127174826322127e-01 2.265835870905319016e+00
5.042191626847289943e-01 -2.279433019249326731e-01 2.216726204473003392e+00
nan nan nan
4.554812240646847754e-01 -1.507917353630728319e-01 2.186147948241311312e+00
4.235139276350722848e-01 -1.079869673642020744e-01 2.292214619159485878e+00
4.318081725561703221e-01 -1.164850760860108719e-01 2.436366869539949409e+00
4.002113880763593090e-01 -6.772099690816858752e-02 2.453805942890313840e+00
3.566143947261950498e-01 -2.651671091317253648e-02 2.508840129720848022e+00
2.760729217728672968e-01 1.700181637656552822e-02 2.517487103954007654e+00
2.724169810419972970e-01 3.904309846392278044e-02 2.630979957065979313e+00
2.306541990245735696e-01 7.205921296653909625e-02 2.654856781174354641e+00
1.627554278397132514e-01 1.023580907537767343e-01 2.705418424248098752e+00
1.150821392922522501e-01 8.600051760988978999e-02 2.681830977205529543e+00
9.771092268213338317e-02 1.457386656842836747e-01 2.818178730899087991e+00
2.794320259751679027e-04 1.486667256142635007e-01 2.859566885974559547e+00
3.118382157959440938e-03 2.020423877838358195e-01 2.918918258632364982e+00
-3.815867202736336616e-02 2.430927033987111685e-01 2.950155793105712299e+00
-1.418897676585256784e-01 2.955091719432971775e-01 3.041558845292724911e+00
-1.754719232548946350e-01 3.253860671552373240e-01 3.031679498758993230e+00
-2.977858929307885538e-01 3.597511092077340100e-01 3.516270938276379709e+00
-2.643483045279716448e-01 3.549615021344237342e-01 3.090855801110770074e+00
-3.738382997804781671e-01 3.193332144755766100e-01 3.137603219761505358e+00
-4.461297663935558933e-01 3.628382662698417249e-01 3.238702799855487147e+00
-5.096319787777761068e-01 3.513034376067147302e-01 3.224225769524258212e+00
-6.348723946611070090e-01 3.102439090212514849e-01 3.521937395430125850e+00
-6.606320079379289778e-01 2.797538226290833818e-01 3.377473097053212747e+00
-7.105028396640271637e-01 2.206890875755445347e-01 3.323108610976934774e+00
-7.021174503000252587e-01 1.462241510152504642e-01 3.271310898628800423e+00
-7.615738259683529909e-01 1.499064511270687405e-01 3.338856915214124310e+00
-7.310515145766414147e-01 2.258282015701316703e-01 3.511209032999308643e+00
