nan nan nan
nan nan nan
nan nan nan
nan nan nan
nan nan nan
nan nan nan
nan nan nan
nan nan nan
nan nan nan
nan nan nan
nan nan nan
nan nan nan
nan nan nan
nan nan nan
nan nan nan
nan nan nan
nan nan nan
nan nan nan
nan nan nan
nan nan nan
nan nan nan
nan nan nan
nan nan nan
nan nan nan
nan nan nan
1.212863454350362913e+00 -6.430561996063444141e-01 1.289957778013391732e+00
1.024231511627587965e+00 -7.359330561309926910e-01 1.211733469273548192e+00
9.100106049983323064e-01 -6.506729041519271339e-01 1.174587519213357911e+00
1.008394859896756701e+00 -2.929811076843125695e-01 1.228069767792725919e+00
1.035654533751040107e+00 -2.682664473936917093e-01 1.039685990491664214e+00
1.134366029244878504e+00 -4.079157892597328194e-01 9.193845625277873301e-01
1.151854040622337871e+00 -4.176423344433363716e-01 7.585994959459243514e-01
1.157935702051579474e+00 -3.122152188820227492e-01 5.204635810391486928e-01
1.044404717104440383e+00 -5.994382965869168300e-01 3.129820784232851261e-01
1.116160265538154839e+00 -5.063072321368772277e-01 2.164971326957343400e-01
1.069870013605149994e+00 -5.731642836909534022e-01 1.307990391618466253e-01
9.934443165601216652e-01 -6.628322274461155850e-01 -5.429234250394517070e-02
1.026299741198713811e+00 -6.537600988836771432e-01 -2.070318572610332919e-01
9.970830590618531275e-01 -5.871326611484329883e-01 -3.715012766334541694e-01
9.896662879719563266e-01 -5.980539703346015035e-01 -5.284697241094109543e-01
9.981390366607491016e-01 -7.878601481634291970e-01 -6.714782086527302241e-01
8.571447080080439873e-01 -7.066579044751102323e-01 -9.194411037180900692e-01
8.208521054796726890e-01 -7.654197101697325367e-01 -1.064424494140151944e+00
7.692676367015420791e-01 -8.489134149448988031e-01 -1.125969981482879634e+00
9.065473398058834231e-01 -7.824055851388088678e-01 -1.358800072121003177e+00
9.354670118625715292e-01 -8.595139031343527192e-01 -1.539305939099889331e+00
8.310608356138367014e-01 -8.972518393583480689e-01 -1.600555457989603525e+00
6.564010272112187350e-01 -7.408750357213642612e-01 -1.518524876826830239e+00
6.058805848247498238e-01 -7.849875549716071044e-01 -1.319961717670908863e+00
7.402902225194234465e-01 -6.010894157069971433e-01 -1.199733166332232592e+00
7.778313422080842532e-01 -6.891862128527781461e-01 -8.485295401453820663e-01
8.063802461921754094e-01 -8.090797581699669117e-01 -5.068237632056404873e-01
9.060150849818610075e-01 -6.853624217982039468e-01 -4.202237469762506450e-01
8.371455668188761967e-01 -6.251156361295293618e-01 -2.938988713021986054e-01
1.032880655391896774e+00 -3.404228597645006515e-01 -2.044960764612225312e-01
9.354656848102385069e-01 -5.157756000619622139e-01 -2.865264188221946021e-02
9.070609007182615091e-01 -5.656820378181244280e-01 1.534839115000284915e-01
9.718282823103271406e-01 -4.293211020748648465e-01 3.107191137869398379e-01
9.907612148325953827e-01 -3.301891638193175105e-01 3.515006857450355127e-01
9.107759683161545938e-01 -4.443177606041755490e-01 5.871482975651390879e-01
1.086816370268950838e+00 -3.907141837278863550e-01 6.309490562357322752e-01
1.025247336332050008e+00 -2.481928864774094190e-01 8.110775772780078885e-01
9.216319771692496055e-01 -3.050394896646951293e-01 9.068273744339361286e-01
9.656967709343974304e-01 -2.906847452895214845e-01 1.115026558165518100e+00
1.133825757213068330e+00 -3.000040720705745012e-01 1.223518054891369111e+00
1.115802714737085255e+00 -2.296760270407809945e-01 1.266910555432675389e+00
9.191300263392263581e-01 -9.413305060579589545e-02 1.253297899820197125e+00
8.997618382928316283e-01 -1.126558379840263274e-01 1.150671047029039551e+00
1.059085495884868555e+00 -2.674717993623353385e-01 9.740551258604600582e-01
1.036164525245392376e+00 -2.666730392772245217e-01 8.354747508611778395e-01
8.215072213657491629e-01 -2.754446842809231133e-01 7.009310164678226318e-01
1.025387531971180266e+00 -3.677621518810342827e-01 5.767902212553140950e-01
9.653034830577980063e-01 -3.196332409936057939e-01 3.743246773693590934e-01
8.954078857691746274e-01 -4.816726110786052617e-01 2.454279722980854950e-01
8.758138850021141009e-01 -5.506129618372199719e-01 -3.501515983267462773e-02
7.991814793274880646e-01 -3.615481365208680908e-01 -1.688751141348991125e-01
9.854658192479553991e-01 -2.262547891175145376e-01 -2.801365543380545109e-01
8.535784298535095127e-01 -5.535290456841648332e-01 -4.508037455616928368e-01
8.023170285108568445e-01 -6.127341706852317271e-01 -5.039127671048027057e-01
8.448141745518421564e-01 -4.567475075726271094e-01 -5.804773360981553276e-01
8.995586310300893729e-01 -5.486039029497050690e-01 -7.567025344574381807e-01
8.627245829081312545e-01 -6.021916870810902767e-01 -9.499816141990931051e-01
8.504174194441465051e-01 -5.313573164930919246e-01 -9.746529107262522640e-01
6.315247532235468420e-01 -7.544881246406428543e-01 -1.139255428457476516e+00
5.872125797282197190e-01 -8.551228969001469782e-01 -1.293447740321216122e+00
5.890126834953561819e-01 -8.594082179411010047e-01 -1.462886076398454804e+00
5.945689931646778170e-01 -8.019080120318503591e-01 -1.635297468635956930e+00
5.570072645215661256e-01 -7.767271941581402883e-01 -1.673844395552717579e+00
5.024913048616251876e-01 -7.947640769489847656e-01 -1.570658488340264780e+00
5.932101183624630680e-01 -8.220784317415477105e-01 -1.417018741450450037e+00
6.243752145135520459e-01 -8.065288455949460866e-01 -1.239389366156730787e+00
6.013797214620457687e-01 -7.176418645533164664e-01 -1.042480032406964519e+00
5.178602718910441105e-01 -8.111627966257988209e-01 -8.345096729367241783e-01
8.246462231236596496e-01 -4.567962599609366459e-01 -8.077107493109766390e-01
7.908388158995843797e-01 -6.169143175847005001e-01 -6.040841630515456639e-01
8.607089023419461915e-01 -5.163877421078503227e-01 -5.351376758571175785e-01
8.344925967187909466e-01 -5.663401055579113663e-01 -3.736039462942688516e-01
8.467882937309940683e-01 -5.540884285911878981e-01 -1.861674590898472759e-01
8.705555485310337849e-01 -5.463480179004328585e-01 -2.685357026529516106e-02
8.488933493791576135e-01 -3.763883528246603216e-01 6.643114782566211796e-02
8.816322187349586725e-01 -4.370126779002183048e-01 1.623267614685441618e-01
8.722341279390849467e-01 -3.626922535462478447e-01 7.150703748284807926e-01
9.779596986378678025e-01 -3.286866834225453671e-01 8.838934431111867829e-01
1.003021549283021452e+00 -2.594809731854609836e-01 9.957368127963615034e-01
9.580913676711136917e-01 -2.704371545830478452e-01 1.184655508291146520e+00
9.679779053733619243e-01 -1.409132290369517759e-01 1.408499493160646043e+00
9.623413120920893959e-01 -9.486068791328687577e-02 1.207430586668582162e+00
8.322682935480216759e-01 -8.958649514661620739e-02 1.093363429602216774e+00
7.732351298638296955e-01 -2.108491269254595957e-01 8.870395148871424995e-01
8.261806000716320764e-01 -3.136863372969056485e-01 6.995755689083676954e-01
9.037572368170612158e-01 -3.251836165566507897e-01 6.342081563110529840e-01
6.045957544800497629e-01 -6.185556785302089855e-01 4.136932636445531664e-01
6.562802251080233074e-01 -4.460033039568406799e-01 3.030748823411453241e-01
7.135679690679413989e-01 -4.586461255638477619e-01 1.703184728914056145e-01
7.425368982365813109e-01 -5.633236829678608393e-01 -2.673837384370236769e-02
7.430004211132352765e-01 -4.631249387127829853e-01 -1.813361418505245182e-01
7.451361678827670421e-01 -5.419775425374003808e-01 -3.345610419324591689e-01
6.474579786460724629e-01 -5.678153462647119731e-01 -6.065677686061682339e-01
5.746742614519213532e-01 -7.317742018152478822e-01 -8.024286047909527930e-01
6.402102699046686718e-01 -5.679830925665591002e-01 -8.894487524602994188e-01
5.344932468154866001e-01 -7.004276044225283826e-01 -8.918036971833360749e-01
5.833457582242250750e-01 -8.500285239580221974e-01 -9.626227855023092861e-01
6.123121989202230386e-01 -8.589047255153976490e-01 -1.212118374470622539e+00
5.971507807585971772e-01 -8.068652685962934834e-01 -1.456571003309772738e+00
5.613695956301756329e-01 -7.886171170115098272e-01 -1.518715535411218065e+00
5.444855461659466878e-01 -8.018595452581865901e-01 -1.524400269241448003e+00
5.530847828044074266e-01 -8.462090990858517348e-01 -1.494599921211542837e+00
5.913642553869995488e-01 -8.472804248739119748e-01 -1.465688229525414110e+00
6.635209137551627556e-01 -7.306881690017824615e-01 -1.474038932386968925e+00
7.501578636987713544e-01 -5.629310367708816321e-01 -1.469876455907481505e+00
7.187656535001397673e-01 -7.192798229553353240e-01 -1.218063634646739501e+00
5.164344299207515032e-01 -1.022643329111774246e+00 -1.025124980561398003e+00
4.914979578340221700e-01 -8.745325364823209879e-01 -8.514740865958159155e-01
5.820480671916720139e-01 -4.913896792268429015e-01 -8.623002834855844068e-01
6.076869252665042520e-01 -4.850787875470943256e-01 -6.611831926134751347e-01
7.035556568197334215e-01 -2.987000739449514053e-01 -5.116258973933861531e-01
5.304967449058738405e-01 -7.248095850637988891e-01 -3.388337655813483118e-01
7.476024712398979810e-01 -5.272985730937562732e-01 -2.615307300056283757e-01
6.979628320879414094e-01 -3.171552393075202647e-01 -1.465048922289437505e-01
7.431031827126147737e-01 -3.110208112882383302e-01 1.843192533392171151e-02
8.301330163905166204e-01 -1.884405545865728004e-01 2.258040309238279197e-01
7.128252645293160494e-01 -3.449973183978310431e-01 3.730524500019268275e-01
6.893505139999641651e-01 -3.253152334450893912e-01 5.429812664117221743e-01
6.115199593409627044e-01 -4.609034380988872859e-01 6.886474996365069545e-01
6.409406606445509080e-01 -4.207889178887131432e-01 8.732813880199862266e-01
8.114010930154245127e-01 -1.357347817472053242e-01 1.109619750340953503e+00
9.595240562324177658e-01 1.416031739512668419e-01 1.319319553133425638e+00
9.219323500743640265e-01 1.585691528323314448e-01 1.424037762931420259e+00
7.525277099819541737e-01 -1.457660907609241065e-18 1.395660149873170885e+00
7.583513082916706338e-01 7.416174209181379540e-02 1.159293446332094746e+00
8.167568979436168330e-01 -6.806074296128446222e-02 1.097207419619516289e+00
5.798913739993960537e-01 -1.210476242609654640e-01 5.704770734974897728e-01
6.913109000577762897e-01 -1.246841469808971231e-01 4.148463246859683817e-01
6.713425374444113025e-01 -1.560814513413863180e-01 2.272050801541377896e-01
6.321653818163819327e-01 -2.990431522619524940e-01 2.991682525569284989e-02
5.479220257427539487e-01 -5.201389918263358281e-01 -1.298974553011813804e-01
4.219437589099215291e-01 -6.735260865390092500e-01 -2.511066076962641391e-01
5.697637139337428103e-01 -3.557733811224244591e-01 -4.604356631438439318e-01
6.000125105153494287e-01 -5.072962369995165366e-01 -6.123169520672991917e-01
5.964900260763130735e-01 -5.401787228379522077e-01 -6.561718669108275170e-01
5.551962091349397221e-01 -4.036903293431137740e-01 -9.054505298898415377e-01
4.670135092141789457e-01 -4.842184239424551784e-01 -1.048328593830793132e+00
3.848959769175321344e-01 -4.579404853399715036e-01 -1.133735668092860527e+00
3.122362168803970439e-01 -4.421467414649378758e-01 -1.132341308172696293e+00
2.560396214603028464e-01 -5.708852826736366959e-01 -1.011085929220433943e+00
2.845197198244572290e-01 -5.730317011308094788e-01 -8.653531577688213794e-01
3.586813580657377543e-01 -5.638794992780090665e-01 -7.267895261792408634e-01
4.580139603093291711e-01 -5.008320975429275679e-01 -6.038893450094682258e-01
5.373196680005438708e-01 -3.679761475292110950e-01 -4.836697551206831092e-01
4.706247622000560016e-01 -4.376354760651118836e-01 -2.872599493827016626e-01
5.835391283390279904e-01 -4.153399096379331024e-01 -1.782635806332475426e-01
4.879835714807422287e-01 -1.818609944538764067e-01 -4.224417193995083641e-02
4.182125889767244198e-01 -2.831412027903800754e-01 2.321641020515615161e-01
6.005144833646436364e-01 -1.171579250253667985e-02 3.389751380270821790e-01
7.439196550400305474e-01 4.372350563784584664e-03 5.276009071603520173e-01
7.664259632521989163e-01 -5.234991535406802697e-03 6.936223935132007634e-01
7.630890072530549517e-01 -6.134522145200457105e-02 8.513251627177343961e-01
8.048208029009161768e-01 6.446889444783708567e-02 1.084852708149692591e+00
7.407462746719448710e-01 -5.432898116103378888e-02 1.248118619172461585e+00
6.611893005664715162e-01 -2.001916763897414464e-01 1.267388280114024601e+00
5.883234194212381141e-01 -3.077236162391895902e-01 1.144174957914094515e+00
5.339284101173680241e-01 -2.911913194601320476e-01 9.353252735131458717e-01
5.035340973840513046e-01 -1.676827765565572781e-01 6.965978651454641790e-01
5.120884401319137913e-01 -1.072934611829878260e-01 6.531308766103284258e-01
5.148805714777197062e-01 -4.645864934635934168e-02 5.454322398322160037e-01
4.913976732303823036e-01 -6.840366064323216699e-02 3.887680716817110693e-01
6.009382821207813752e-01 -2.395945058108669978e-01 2.489008326796266213e-01
4.475452276811597296e-01 -2.935342938992619444e-01 1.221250909749218988e-01
4.958534821367578949e-01 -3.010524039695897103e-01 2.563182729995575754e-02
3.522579056281308074e-01 -4.047983928182706803e-01 -2.631014676030234978e-01
3.130128745359022080e-01 -5.030055129799645419e-01 -4.070747108323132801e-01
3.927759672547576075e-01 -3.253715662671026188e-01 -6.126306375014030081e-01
3.214172907174491778e-01 -5.266945541810187370e-01 -7.224692916783034269e-01
4.017142113654733060e-01 -3.341923998709036003e-01 -9.303297508248008496e-01
3.823855337583598746e-01 -3.539100532532107324e-01 -8.401934124772582058e-01
3.681272479788090246e-01 -3.792876495988004026e-01 -1.039552172729641288e+00
3.732359508795540237e-01 -4.502197023873126813e-01 -1.264985204225276716e+00
3.488985759932918818e-01 -4.791586019133127761e-01 -1.412364085822566118e+00
3.035395513433344905e-01 -5.834669317362711771e-01 -1.562429702671111587e+00
3.307638046572913826e-01 -5.826409237556697818e-01 -1.750152169096466759e+00
3.521099809707164408e-01 -5.256114821404651583e-01 -1.840182396302251000e+00
2.735400791489121519e-01 -4.962607112133690657e-01 -1.693747359582127299e+00
1.701501935158362400e-01 -5.143025159663413559e-01 -1.433753439445387468e+00
1.484789832739194237e-01 -5.616791086549971501e-01 -1.200578013652909393e+00
3.297070159045965565e-01 -4.523538187899232565e-01 -1.078175186601564306e+00
3.502853641757925351e-01 -3.878720836045019271e-01 -9.443131292360597007e-01
2.473453337483190462e-01 -3.604052963125330966e-01 -7.289655035271568329e-01
2.921191081928303235e-01 -2.705338205783345829e-01 -6.014367306430398186e-01
4.273603840933544729e-01 -3.088558179713243868e-01 -3.927718329953623910e-01
4.377293918597808808e-01 -2.616344920972935029e-01 -2.979751545999300699e-01
3.613782333721620166e-01 -7.001276150620369676e-02 -1.110919045159950297e-01
4.909010377831526384e-01 1.266543283124900998e-01 1.039511973684838914e-01
5.063112316547251357e-01 -3.209051373407491997e-02 2.768694431500139386e-01
5.204041894716918693e-01 -7.493858472751105393e-02 5.181605368399845313e-01
5.203181003762847867e-01 -6.821331822496826125e-02 5.305474378098283816e-01
5.138243338536211402e-01 2.300011228682467823e-02 7.524470785520116500e-01
5.009406376363553237e-01 9.313131345899298974e-02 9.379767731209917025e-01
4.481879796929033044e-01 7.285008509294295387e-02 1.129185900646386465e+00
5.733465209034306342e-01 3.713907152047695587e-02 1.286261626568518057e+00
4.766886097281033408e-01 2.314408133601501827e-01 1.279630899849169223e+00
4.979770555914739272e-01 2.123869580515493072e-01 1.094452639849410103e+00
4.569499375911554861e-01 1.799417821507402759e-01 9.186122893383450450e-01
3.459896383534237230e-01 1.692056997104545712e-01 7.784951726382932646e-01
3.782439345699240563e-01 9.961732536520015446e-02 6.400071468629027205e-01
5.089103412397981696e-01 -4.297497439012001180e-03 4.946685472447512333e-01
3.541369070498007199e-01 3.868160682534577122e-02 3.293645901970335688e-01
3.637803030881281985e-01 3.330674466439217593e-03 1.555318842683638403e-01
3.328147745702726978e-01 -6.773985566165043049e-02 -3.981785781038804650e-02
4.419647025087742875e-01 -1.653909728746254248e-01 -1.606913936139731935e-01
4.621649042587072653e-01 -1.713301574808638594e-01 -5.178995600410722933e-01
4.135986470515688462e-01 -2.669295037510382995e-01 -5.553378989900670248e-01
3.970027150316041142e-01 -3.157455867495418400e-01 -6.044164678018911774e-01
1.734914846965937008e-01 -4.513462737532446534e-01 -7.987895527028535669e-01
2.721338878568977937e-01 -2.789422802431988369e-01 -9.570268192062180157e-01
1.664510378806481339e-01 -3.523256839380362604e-01 -1.107010094766756492e+00
1.317545280287814591e-01 -4.574451696129672729e-01 -1.244116839207455083e+00
2.224374694386072326e-01 -5.967914323550842504e-01 -1.470762701511069581e+00
3.054943098648512656e-01 -5.843974060508613233e-01 -1.595801043402476305e+00
1.398706483313053028e-01 -4.722149081793728942e-01 -1.641763917106723092e+00
-4.253760834480250358e-02 -3.785524565422168641e-01 -1.639904671680004977e+00
-1.848103499686805026e-02 -3.797274648728241608e-01 -1.600952562686462910e+00
-6.483740916678835953e-02 -3.118677157973864245e-01 -1.461901154851220852e+00
-3.448598090396364640e-02 -2.639157562648903332e-01 -1.278933541406086505e+00
1.931187547245998004e-01 -3.060288264529156810e-01 -1.109100523348215628e+00
2.238273981689786196e-01 -2.041906483953922491e-01 -9.123271598235288549e-01
2.176163009100809120e-01 -1.655556383342617899e-01 -7.377163293368550478e-01
1.328524202541828680e-01 -1.867654735678342393e-01 -4.149451952584185532e-01
1.639156205633471863e-01 -1.046553082454039080e-01 -3.932910253039266779e-01
2.527723163529038697e-01 -1.080457842667486568e-01 -2.365906696510418072e-01
3.051072650589398694e-01 -1.362544768589422639e-01 -2.421759308206677605e-02
2.878699334944717081e-01 -8.169098755953561886e-02 1.281000167410117629e-01
3.876680202215944671e-01 7.533678115357053673e-02 4.668437129220169290e-01
2.442154010038592449e-01 1.066829960225119667e-01 6.620126388334627299e-01
3.060036496468778178e-01 2.863907884546545990e-02 8.223761240500249148e-01
2.862413321878916062e-01 8.687775745043314901e-02 9.369399615032159012e-01
4.282335391339818220e-01 1.252576724691382148e-01 1.251799805387741271e+00
4.318594616236209882e-01 2.026698387679827240e-01 1.273124397650629902e+00
3.202434377126246456e-01 1.548394667676117331e-01 1.248132313826922690e+00
3.524826534183259086e-01 1.515469173285730609e-01 1.151143971177912784e+00
3.979042369673138069e-01 1.298074755160703864e-01 9.726812134967135481e-01
2.603423635440936246e-01 1.325573653988847689e-01 8.259800694164438628e-01
3.382336406778782001e-01 8.809470220358735226e-02 7.390048177978577604e-01
3.449067007478829328e-01 1.182797358553990125e-01 5.072474763370840023e-01
3.104366158866358472e-01 2.082898680775800426e-01 3.035815537689932619e-01
2.491505370388792662e-01 9.423165114104156692e-02 5.374088930346593990e-02
2.300203306692636118e-01 -1.725069509415105284e-01 -8.107626007561373471e-02
3.123512308142480931e-01 4.941984683940171819e-02 -1.904540247259055574e-01
1.954868788538228486e-01 -1.351875190426604645e-01 -2.544385225703045261e-01
2.147420566725083135e-01 -1.370280426831383125e-01 -4.560375216499554241e-01
1.839994560764923459e-01 -2.026287690836454380e-01 -5.571757711875400254e-01
2.580977028357060027e-02 -9.033376249084237863e-02 -6.695631702551124720e-01
-2.440444417783231568e-03 -5.218554638982069588e-02 -9.679068750382948672e-01
2.266853188645510594e-02 -9.761720638910323378e-02 -1.237724427201889688e+00
-1.694393780998619189e-02 -1.774753722243710696e-01 -1.288652900461185968e+00
-7.702504626682958599e-02 -2.554526901640059022e-01 -1.393987205530160534e+00
-3.872756921599291441e-02 -3.406346378902784244e-01 -1.487924656563702319e+00
1.919639451289348667e-02 -4.445709923937065100e-01 -1.679373345169680842e+00
9.884352227914847133e-02 -4.404191803660214566e-01 -1.856656136130847568e+00
5.808558298420190592e-03 -3.588263340440138727e-01 -1.819718724876702165e+00
-1.517600017502430398e-01 -2.363795586378948377e-01 -1.743339768387489608e+00
-1.940074468336585589e-01 -2.113236861925111565e-01 -1.526047101966946151e+00
-1.150402556912067109e-01 -2.321706570058091335e-01 -1.408183084835112897e+00
-4.403823016276679943e-03 -2.539273729218132769e-01 -1.317342735098670392e+00
4.359867458390331157e-02 -2.416032127998301304e-01 -1.149074744287112759e+00
1.360516800088910211e-02 -1.965691946619762820e-01 -9.876894871429979794e-01
6.702313375534661721e-02 -1.978362503556706509e-01 -8.458634517628081939e-01
4.582511332546339994e-02 -1.404406138251911851e-01 -5.993567630027135662e-01
1.001155049648403128e-01 -1.455419425629406183e-01 -4.930605012017458821e-01
1.714308090877635360e-01 2.648945043035661612e-02 -2.912311526362549308e-01
2.277858945559649295e-01 2.356074993980911414e-01 -1.462008181043051580e-01
1.775727374775226408e-01 -4.494293027841184812e-02 3.105615191561595864e-02
4.536833655375990121e-02 1.103262940130232683e-01 2.246721624875248624e-01
2.068688227520833478e-01 1.019290046253326226e-01 3.118076746463792071e-01
1.424794892903650800e-01 2.878661395486031838e-02 5.118350061380955163e-01
2.099944291314856937e-01 2.462479178230774779e-01 5.764431614639672352e-01
2.453815635514952354e-01 2.605512135597189971e-01 7.335172227625166297e-01
2.551509831310901366e-01 3.232627112401691427e-01 9.455432152808203039e-01
2.032757541681806945e-01 3.505701791014346758e-01 1.170544947351889409e+00
1.549957723126530462e-01 -1.602023506114308160e-01 1.160164732137402455e+00
-7.515205424539862789e-02 -1.684083388315043284e-01 1.248609665878141817e+00
-6.442290803415693473e-18 -4.020186288233606481e-17 1.000000000000000222e+00
1.743081243662094604e-01 1.325724652302586737e-01 6.653060650083532090e-01
1.874956279669365289e-01 1.495725770273381994e-01 5.397121660648088737e-01
2.215758514009681934e-01 2.567848370524493662e-01 3.833781798033243371e-01
1.622003897637554759e-01 2.042218803176319153e-01 2.177826989405762526e-01
1.191716184705978177e-01 1.633406477558873582e-01 8.188242752962342219e-02
0.000000000000000000e+00 0.000000000000000000e+00 0.000000000000000000e+00
5.277327674545963937e-02 1.256027082554934116e-01 -1.928704496284393000e-01
-1.499096713403577363e-01 -4.203517111056513933e-01 -2.299239739278951256e-01
-1.354184396342098529e-01 -2.535583049289714119e-01 -4.988669459981424636e-01
-1.340433018586160638e-02 -1.966381515673770730e-01 -6.525358570024495375e-01
3.031837974013850204e-02 -5.811421669261981893e-02 -7.482209163068286317e-01
-1.874765108863706356e-02 -1.549351015209389504e-01 -8.992463825217605899e-01
-2.377975095961471289e-02 -1.958423396931360805e-01 -1.035208624276615641e+00
-2.768020112064515509e-02 -7.665913864506458675e-02 -1.146145191873013891e+00
-1.141042853942639546e-01 -1.245411213888593244e-01 -1.331939424857782939e+00
-3.177300861921581593e-02 -2.749969444372805105e-01 -1.435629854424332441e+00
-1.722042706089669251e-01 -2.459094937631217948e-01 -1.687603895015469258e+00
-2.358321762683367184e-01 -3.409323013717422968e-01 -1.463711960774459531e+00
-2.035821206776973480e-01 -3.744454223156005734e-01 -1.274398154821608786e+00
-2.522197824253981646e-01 -3.631805840156562826e-01 -1.173022248767728204e+00
-2.345297596742621504e-01 -2.799935973600275463e-01 -1.080627314260045990e+00
-3.609477975114994130e-02 -1.203289937477387411e-01 -9.447910079814799689e-01
-2.800549088992562372e-02 -5.449330565057893677e-02 -8.650894489200269266e-01
-1.704804069803157740e-01 4.502558336635045615e-03 -7.924534909896968626e-01
2.723708918337744075e-02 -5.541628931073486197e-02 -5.427176649640953476e-01
-3.482364983988778251e-02 9.114026587031182070e-02 -4.359024669226950754e-01
-3.951388082820959241e-02 6.228950118295331628e-02 -2.220301645760865417e-01
2.288787312622365608e-02 -7.421935862175567215e-03 -2.918190047029523698e-02
6.584647947100114029e-02 7.632824693725981380e-02 5.902470318464966142e-03
-1.193769554439644449e-02 2.041044230957372307e-01 1.307778925304449724e-01
-4.694525644711977641e-02 2.756774719988563382e-01 2.818679032461601230e-01
2.400515171732439668e-02 2.781783883692006132e-01 4.759869364911897271e-01
7.480722087106701779e-02 3.238830827251810152e-01 6.275391766369692315e-01
-4.149841071214859130e-03 3.633112537629048511e-01 8.387630550171513155e-01
8.799709816046497046e-02 2.211849837886701864e-01 9.391863458276835663e-01
1.097058061890540948e-01 2.069457410356111415e-01 1.071402262155126683e+00
3.277426197308229427e-02 3.432224971121991541e-01 1.238604937632280967e+00
-7.580401176244744126e-03 4.183624461065590383e-01 1.279484723175166483e+00
-1.019844859262879601e-03 4.274291899422839602e-01 1.175451272650287038e+00
1.010809849575463465e-02 4.886569097232551506e-01 9.950549280109411976e-01
1.252827292237214951e-01 3.495463968739846994e-01 8.461946813521593613e-01
5.717851538117588173e-03 4.247851429374083221e-01 6.817237140779335292e-01
-1.469493101838901736e-02 1.835470223608490214e-01 5.528442810081409808e-01
3.915701610915735265e-02 8.628535463532061023e-02 4.034923537041895658e-01
4.951863778340557382e-02 1.560129015400720243e-01 2.198385719848826303e-01
-3.965636144127770296e-02 2.771812041382299974e-01 1.900731635297575606e-02
1.060343336619995382e-03 2.327602698165513184e-01 -1.045502308698694066e-01
-3.991350966554458451e-02 1.784011167582886248e-01 -2.564650079000340699e-01
-1.185009182912453440e-01 1.474048449879237221e-01 -4.022559676090705638e-01
-2.087150907463989347e-01 8.903672589804549620e-02 -5.781176898655175922e-01
-2.103905235286074871e-01 2.037737489820274153e-02 -8.841705984083606529e-01
-1.332386779344385819e-01 -6.536709585395017452e-02 -1.283444005115776942e+00
-1.366859798467041642e-01 -2.355170166653302311e-01 -1.459114286822748019e+00
-2.374003069357789597e-01 -4.170484664609069858e-01 -1.423495355254782435e+00
-3.759624993411007088e-01 -1.044975884836028823e-01 -1.567294303929947397e+00
-3.998111414142891951e-01 2.023688932687663644e-01 -1.637035618057999020e+00
-2.545480971517314894e-01 1.623422837980426775e-02 -1.380827296119065073e+00
-3.573194672616894496e-01 -9.509983353486567426e-02 -1.186743548848228080e+00
-2.070409424504610074e-01 -8.996617357528120806e-02 -1.040880786171834771e+00
-1.802797409666209438e-01 7.171018083636863938e-02 -8.792106945041754384e-01
-2.148235161494281009e-01 6.808345588855652109e-02 -6.757505903790271828e-01
-1.920310105830251579e-01 3.833840477425344562e-02 -4.994663864999932534e-01
-1.438535660161968932e-01 6.220373013207375346e-02 -4.003283540927385364e-01
-1.302219161560143335e-01 1.468628569263808747e-01 -3.710193414809976886e-01
-1.907060772615385424e-01 1.307152899729411288e-01 -1.847810645145681330e-01
-1.701562594597580413e-01 3.012400246145861549e-01 -3.071240031759109659e-02
-1.453447057979762591e-01 1.958256571106566368e-01 1.585753277768779945e-01
-3.278877193566006459e-02 2.699500136772405301e-01 2.497512276050493363e-01
-4.899855840669624374e-02 3.494426140780328427e-01 3.668500316063414424e-01
-9.531089551792057413e-02 2.951572658175447006e-01 5.589062905404758030e-01
-9.063536168810609750e-02 2.810457953031890721e-01 7.167369061347322878e-01
7.707676638667158332e-04 4.460360971340337488e-01 7.643853951315808803e-01
4.970277901539131571e-02 4.839930383571225403e-01 9.251889697428333781e-01
4.392438214026865573e-02 3.830428039326519429e-01 1.196411239491622869e+00
3.922254920391284733e-02 3.780776365747788303e-01 1.338296649304930419e+00
3.238337256120470131e-02 4.818424297879130846e-01 1.295176932041180340e+00
-2.278179327925108563e-02 5.352871225232729291e-01 1.049458859348371353e+00
3.420268150898290679e-04 5.014486754746160235e-01 9.590074470546958718e-01
-4.699449745239733106e-02 3.820195881815445782e-01 6.839174748530587600e-01
-5.161879686360261454e-02 3.537841632678432879e-01 6.619598898791383412e-01
-1.024867610305819077e-01 1.513722237313137875e-01 4.993579137553464942e-01
-2.356066403062408998e-01 3.780914967267435811e-01 2.865325404057877390e-01
-1.022612243308346353e-01 2.652426805545045063e-01 2.116167140085700726e-01
-9.891051842311054942e-02 2.689171154857766810e-01 3.909608366166245769e-02
-1.361423415463434983e-01 1.718665228882499119e-01 -1.210366938072808540e-01
-2.020233506562900960e-01 1.292863141105693447e-01 -3.173247044753815804e-01
-3.631446862961855149e-01 1.310563854075673211e-02 -5.562273445470661271e-01
-2.931704462154607338e-01 1.264371018076062558e-01 -6.484207744249820271e-01
-2.324623990130803008e-01 4.216030201506302394e-02 -7.907906587012170085e-01
-3.935480461475893144e-01 8.429458665960279373e-02 -8.636967635544634536e-01
-3.524193883564835095e-01 7.530908790905767314e-02 -9.969777188167441295e-01
-2.559785497527218290e-01 6.139118338167756650e-02 -1.165955999142162414e+00
-3.082793575192921964e-01 9.804703130615727291e-02 -1.321060728532009287e+00
-3.713952598674094552e-01 1.866067711332098852e-02 -1.469409348734940668e+00
-3.574492600288784461e-01 -3.343472561229982737e-02 -1.594164616790113120e+00
-4.159110369871594770e-01 -1.238224427711541176e-01 -1.766007032182149494e+00
-5.477413063896641177e-01 -2.338214352714344801e-01 -1.965101756357669371e+00
-5.933874740843453344e-01 -1.536387278978123272e-01 -1.996499805600056465e+00
-5.380261172165552441e-01 7.034947824103228442e-02 -1.869604367868893391e+00
-4.569824758364277040e-01 1.365524300689438877e-02 -1.745761059343117649e+00
-4.192510483967784030e-01 -1.812124275458321457e-02 -1.252329991530324760e+00
-5.238943200750589835e-01 4.408685909347816179e-02 -1.025091845000660529e+00
-3.925743193894264960e-01 4.858927811802157826e-02 -9.728921210986439805e-01
-3.581693639050025912e-01 2.854475693150676507e-02 -7.681738713394150597e-01
-3.603678867884062553e-01 8.729616603027197386e-02 -5.555854456578167566e-01
-2.894484042926077638e-01 2.479196243331652783e-01 -4.876541850352700269e-01
-2.586991062720853107e-01 1.379621386023073271e-01 -3.295048250008024149e-01
-2.726416228325950208e-01 -2.416910893378285477e-02 -1.447078863190235654e-01
-2.931995357580192696e-01 9.688590813519299197e-03 -2.829194315190385403e-02
-2.998015748181680484e-01 3.641652815008979971e-01 -3.226919386643146287e-02
-3.381738780129976418e-01 5.555384510887608762e-01 -1.265282849589122356e-02
-2.361606250369359394e-01 4.118058431793916174e-01 -1.504553189338036535e-02
-3.542142993682162455e-01 3.908481800349712931e-01 -1.104222585395373130e-01
-3.545657454228643424e-01 3.258439506929682872e-01 3.159751959970707232e-03
-3.579082006076843570e-01 3.796990253774488178e-01 1.946189339508972160e-01
-3.316037016176553998e-01 4.221519966900094123e-01 3.928619699035896251e-01
-2.424141165713552259e-01 3.457231299347302000e-01 5.598911131329862290e-01
-2.506148309458904322e-01 4.387374908972541676e-01 7.157084301312162111e-01
-1.973616067420055631e-01 4.323729437413958987e-01 9.062739412172592379e-01
-8.638711778254591633e-02 4.527280546237963388e-01 1.042596579835885828e+00
-8.883079266375971950e-02 5.104994348639608770e-01 1.313866468015432831e+00
-8.397257729390761316e-02 7.095818262470084958e-01 1.408980338987123382e+00
-1.054820278025016406e-01 7.169816674032175596e-01 1.338367687527918681e+00
-1.638461135803362945e-01 6.854164101731016201e-01 1.135184016469136692e+00
-2.776473914265991660e-01 6.854006110961691212e-01 9.688911165088447408e-01
-3.847530907011756374e-01 6.964172331842747310e-01 8.404661159214633637e-01
-3.926095101019208555e-01 6.721238384039039948e-01 7.064787432305991155e-01
-2.351471130165638523e-01 5.418188152852386752e-01 4.946934968946465339e-01
-3.583195291556536821e-01 5.199931986397486883e-01 3.454962533605931974e-01
-2.693420167772409557e-01 3.840548498328406057e-01 3.131008384608358064e-01
-3.069570594139808262e-01 4.985170219314195572e-01 9.803798818141100380e-02
-4.505977989076058732e-01 2.303900419402262478e-01 -4.440852421472942652e-02
-4.426967439485517963e-01 2.744226800620940265e-01 -1.405045710315914742e-01
-3.424109252990302221e-01 3.751416641378682026e-01 -4.096511840566629536e-01
-3.411812357013483399e-01 4.101665734439500777e-01 -5.500074596576102204e-01
-4.174921494019709356e-01 3.847186300309948237e-01 -8.501423807816601563e-01
-4.536319132292143119e-01 4.445661895315778933e-01 -1.042984162303628004e+00
-5.078091240042414967e-01 4.442768054596192284e-01 -1.171958293745823276e+00
-4.218743734160311232e-01 8.776842226989292617e-02 -1.105160036577927274e+00
-6.322048872197794100e-01 1.632547970765595435e-01 -1.326282874093307917e+00
-6.008077477761405438e-01 -1.123499363328183120e-01 -1.431271757510971687e+00
-5.550401106924781613e-01 -2.088868920789039851e-01 -1.480861228568550070e+00
-5.520997879494653482e-01 -8.131017630717782621e-03 -1.499938003508098028e+00
-5.639035011506395856e-01 2.925382517140397987e-01 -1.512725570925947949e+00
-5.623679718995373555e-01 4.957414806576587174e-01 -1.543447419418429556e+00
-5.473034554495052051e-01 5.927947591236997216e-01 -1.569770373433494903e+00
-5.175714833206199739e-01 5.315946266535073184e-01 -1.457695379658841439e+00
-4.766642441240288575e-01 3.411863402714550020e-01 -1.216030131707411810e+00
-4.466733380065376902e-01 2.479449025824275454e-01 -1.031619844569156008e+00
-4.307727613731291427e-01 2.663731886807003679e-01 -9.033786705053076238e-01
-4.259148925068944602e-01 2.571134465270223379e-01 -6.379463080933093222e-01
-4.294214763288154990e-01 2.118271274768561141e-01 -2.518331575749231943e-01
-4.282706040816915416e-01 2.198406917022324714e-01 -3.746192182327502673e-02
-4.339298927112194559e-01 2.904389571513221746e-01 8.839279930216423220e-03
-5.038366492425547793e-01 3.675237902810133406e-01 1.672081785473565896e-01
-4.889505857812649348e-01 3.649680918545438191e-01 2.784637645310565346e-01
-3.556560047715294770e-01 5.394573292290555377e-01 3.243855707093116214e-01
-4.898334611849405884e-01 6.186135595981074875e-01 5.317655908429395062e-01
-3.231094726248834870e-01 4.049370086516960177e-01 6.011248053376404554e-01
-3.981875840283671808e-01 4.991300598027200164e-01 8.091819699646622954e-01
-3.417182812623239530e-01 6.344031004959677089e-01 9.768873921554803719e-01
-2.524791434634790499e-01 6.809619090712456524e-01 1.119291529726104795e+00
-2.814553608678931895e-01 6.275392370227799166e-01 1.294373576206208742e+00
-2.567000538622843386e-01 7.367857536471875690e-01 1.464153850265281998e+00
-2.765022146950168458e-01 7.282334021850404016e-01 1.354135958034546894e+00
-4.982007273754048282e-01 7.670209925821095398e-01 1.162913034084097630e+00
-3.620242446573662121e-01 6.689532697637314840e-01 1.085096533197380753e+00
-4.072795495157430223e-01 6.329789068970862465e-01 8.736546223314792803e-01
-4.559462725559019769e-01 4.993091867120703076e-01 7.324371965051309497e-01
-4.371597816013566562e-01 5.195217367696828292e-01 5.845058942420339188e-01
-4.645866967564132866e-01 2.865887629995404473e-01 4.120902746140622241e-01
-4.765437944920143387e-01 3.071711728241448558e-01 3.160957082587386724e-01
-4.749797431156774774e-01 4.281492510143090624e-01 2.251279667989480593e-01
-4.785585743862248997e-01 3.987134440017752190e-01 6.446984085104146001e-02
-4.856315649279268620e-01 3.188121271811566459e-01 -8.665894640678444005e-02
-4.554141675944954892e-01 5.197121013856111915e-01 -2.433136207259372352e-01
-6.583851372261818602e-01 2.341205708101019023e-01 -4.449151644280115447e-01
-6.688509104902721214e-01 3.537845439250558166e-01 -7.044641821107486823e-01
-6.662396590203856217e-01 3.515188481779124019e-01 -7.205003459977338265e-01
-7.054407743550442644e-01 3.933178445933124268e-01 -9.782242839860454398e-01
-7.057295535109101570e-01 3.657308820831933760e-01 -1.010915127824724147e+00
-7.065803548453778449e-01 3.888616326026879122e-01 -1.224746552389780918e+00
-6.755075429746553173e-01 2.244101343093621026e-01 -1.268798443595390069e+00
-6.992649011616538512e-01 2.107898246250166363e-01 -1.397605147354340716e+00
-5.924311704051301586e-01 5.742334476822965467e-02 -1.549737995195105800e+00
-7.939660236467790400e-01 1.737913548803077801e-01 -1.625160463520117782e+00
-8.987985396756144052e-01 2.580228641811998513e-01 -1.763189887660348898e+00
-8.419937945647469890e-01 2.466473718662818559e-01 -1.969301631433159061e+00
-7.345751540804464907e-01 1.527233748668759827e-01 -2.118835430892119565e+00
-6.343440584152075790e-01 2.082547606200047668e-02 -2.197403527848070137e+00
-7.770857829577296760e-01 1.053427957944359367e-01 -2.243339637112475415e+00
-9.259795120848414163e-01 1.673607679353217303e-01 -2.217715287364955934e+00
-8.479198058066155230e-01 -1.904731035067952234e-03 -2.082001556370209006e+00
-7.953144579048556650e-01 5.452085220564692990e-03 -1.889476746245025929e+00
-7.771579774727739309e-01 9.836390807328761199e-02 -1.722213115312209775e+00
-7.877806291040123643e-01 2.495647478627886773e-01 -1.592757956366615657e+00
-8.196714643131035594e-01 4.322212422683057720e-01 -1.495050921187612847e+00
-8.277647921872434145e-01 4.853332173652584736e-01 -1.392729920451406089e+00
-8.045496642409648569e-01 3.820673108328824230e-01 -1.279734605937361325e+00
-7.388779467664305933e-01 2.083646169536702841e-01 -1.100443338815535688e+00
-6.052407020719525743e-01 3.859702158435003860e-01 -6.387713742925125171e-01
-6.113092073380687053e-01 4.667309500826287150e-01 -4.760065051651646284e-01
-6.129543242519904789e-01 5.295588409577791644e-01 -3.141807238806861857e-01
-5.282142111316104893e-01 5.853217676378688061e-01 -7.325386817736137535e-02
-4.929766276740762954e-01 5.751792569902237640e-01 1.541306111734314921e-01
-6.072924199476891216e-01 4.714779090425188501e-01 2.872632566329773596e-01
-6.036380409408866887e-01 4.428933801535457349e-01 4.088270923683362534e-01
-5.401265950643096003e-01 5.501447930661444996e-01 5.157864065212370841e-01
-5.133445349512971712e-01 7.413534961425150005e-01 6.164274199332019366e-01
-5.029777923506401072e-01 6.400889106282744434e-01 8.269154591936858090e-01
-5.580851857527666660e-01 8.216734178492207663e-01 9.767384208942306856e-01
-4.773426711939636191e-01 6.788496472018846761e-01 1.102302083817451095e+00
-4.611159438171987257e-01 9.281313291454267034e-02 1.240894095045403933e+00
-5.046243336485088937e-01 -2.712760236308794370e-01 1.339744276331658046e+00
-5.625189534497669896e-01 2.510305364577213871e-01 1.341714712003113874e+00
-5.574333569088468776e-01 8.668262274989544380e-01 1.233636906118472210e+00
-4.464285924440202780e-01 8.537212165690415411e-01 1.047567544168251930e+00
-4.247533323846732212e-01 6.945382146518406241e-01 9.833153849950665437e-01
-4.475824928267795322e-01 7.379519597848944734e-01 7.413954283518100485e-01
-4.479649830579545133e-01 6.356953156465857679e-01 6.819317360107880477e-01
-4.715730321893371602e-01 6.920533115842509853e-01 4.968456601356209257e-01
-4.517787042976427192e-01 6.105124250026462418e-01 4.317892963109684068e-01
-5.416482086036191745e-01 6.048264228445252716e-02 2.807973544036104774e-01
-6.596594990478829024e-01 -1.143736664720326618e-01 9.076360728190044358e-02
-6.683316333506048590e-01 6.619819697179722962e-01 -4.738393352493477928e-02
-5.198479297984905934e-01 6.520418027161317687e-01 -1.451436716401537652e-01
-7.288628810961631510e-01 4.711707351982875602e-01 -2.721528100264837824e-01
-5.758202779486247813e-01 5.363372024598296317e-01 -5.013574940425891135e-01
-5.784801750553447697e-01 4.502438906271861718e-01 -6.619728821784061079e-01
-5.935686063891387754e-01 4.263875731913353562e-01 -8.329032225507474463e-01
-6.312212329021785751e-01 3.443373951208243966e-01 -9.466792058625701500e-01
-7.110811809509135495e-01 4.999767919758202339e-01 -1.001717535602703935e+00
-7.412673513256006208e-01 4.391882582741575280e-01 -1.169365812736664623e+00
-7.393602041268183545e-01 2.664948389229701009e-01 -1.368388942286818066e+00
-7.267330186340916764e-01 1.877136119881184506e-01 -1.510259483060195418e+00
-6.588924013509749322e-01 2.240310951418238161e-01 -1.682530730951792952e+00
-6.828441910791828162e-01 6.977469890323037549e-02 -1.686484486642095826e+00
-7.334331097738187033e-01 -3.321889003180168720e-02 -1.695666979235688654e+00
-7.949387497982252082e-01 -3.436385750193926558e-02 -1.746127132803512838e+00
-8.673611111524026640e-01 6.633979649282005508e-02 -1.837864947345571709e+00
-9.299631838609653256e-01 1.978804487363421682e-01 -1.896470705797994816e+00
-9.620079579485283361e-01 2.892464760124963119e-01 -1.847534691096916371e+00
-9.634954334150918065e-01 3.404378783212796411e-01 -1.691056903242335263e+00
-9.333654371080200018e-01 3.468319342274298611e-01 -1.478926923428232287e+00
-8.791093886648335687e-01 2.967855407810591206e-01 -1.461194524601356015e+00
-8.827818662529003380e-01 2.822353305170692828e-01 -1.322023002652867874e+00
-9.345675884091211305e-01 3.154400184382308292e-01 -1.042466421317304270e+00
-8.924601150348988599e-01 3.733925405909736539e-01 -8.765754483046872547e-01
-7.558440144802657246e-01 4.414693745027434280e-01 -8.294303009156165363e-01
-6.650078208198192398e-01 4.723406165294503634e-01 -6.459576398247930396e-01
-6.443652402000270563e-01 5.528284240069097910e-01 -2.075257031081903514e-01
-6.260830850641689871e-01 6.204871764924128064e-01 -6.056478236099168549e-02
-5.762312609361822657e-01 5.141192526816797947e-01 8.955314521769561220e-02
-5.968813380208263242e-01 5.929057783457436503e-01 2.848854887494395860e-01
-6.862405585734316915e-01 5.144405607516467915e-01 5.222081011583101784e-01
-6.840396223885772953e-01 4.990690777825633750e-01 5.856883114524776834e-01
-6.516642691644147778e-01 6.595621496243624371e-01 7.172445133523667193e-01
-5.872414122040015005e-01 9.798431959057227747e-01 9.496734400083484129e-01
-5.647018387585089894e-01 9.655191932381594899e-01 1.095963414742858522e+00
-5.779760586074325079e-01 8.064239901735688054e-01 1.169749731612431232e+00
-5.306728286735256095e-01 7.591688997278658313e-01 1.354452307165358471e+00
-4.856592654635801809e-01 8.254532008256966202e-01 1.469054998103695997e+00
-5.188605862378828926e-01 9.507834701441149061e-01 1.347232545012211569e+00
-6.127975620306349569e-01 1.013797366505905684e+00 1.257952414613244141e+00
-6.483335464816534222e-01 9.526827295496000936e-01 1.138831817095041776e+00
-5.524484023423350543e-01 7.928766160398175167e-01 9.153611402769691319e-01
-5.727102064191723629e-01 8.702636872648997768e-01 7.685890848954275434e-01
-6.824117696129927690e-01 8.543763017422481010e-01 6.402697490661111157e-01
-7.399176636713566957e-01 7.922417981675982102e-01 4.913209033333363895e-01
-6.602194906312593981e-01 7.670845701903550307e-01 3.049795927578565213e-01
-6.938041480846421916e-01 6.015877003949030577e-01 1.299359549157032834e-01
-7.398636740644105592e-01 3.804335134662526485e-01 4.934768136289120364e-04
-6.422911371356574417e-01 5.568422708822883260e-01 -1.041399905579152574e-01
-6.392313874020154607e-01 5.243400312487788151e-01 -1.419228157733045670e-01
-8.211603811721598367e-01 5.318810943950802450e-01 -3.388600065440311448e-01
-7.597659682798028058e-01 1.796787550512770615e-01 -4.353473891942909457e-01
-7.800201526880423675e-01 1.004368518720807624e-01 -6.045162326478408232e-01
-8.278527161572029058e-01 4.665716494832375383e-01 -6.039717008872723669e-01
-7.578271755317762537e-01 5.235927660943979767e-01 -8.040487548763406433e-01
-7.150534889496736879e-01 4.021743066729048244e-01 -8.900815059037385790e-01
-7.637930922339298823e-01 3.266243905694252159e-01 -1.045160560596923416e+00
-8.868220650595854959e-01 3.144765532131235664e-01 -1.281865269527901363e+00
-9.440430998049118561e-01 2.862261620375480820e-01 -1.418930887212429104e+00
-9.293731930715364298e-01 2.457566146412305808e-01 -1.455190805961332323e+00
-9.464116320909479185e-01 2.958729291818028573e-01 -1.564910125123810003e+00
-9.982459178032944136e-01 4.210143213351948965e-01 -1.739600366497798589e+00
-9.998017686179752062e-01 4.250110669993672485e-01 -1.754065561521737315e+00
-9.609448186164358807e-01 3.036813700122781290e-01 -1.593486486864281293e+00
-9.989241714789606208e-01 2.426875735596108474e-01 -1.401047165133001426e+00
-9.756706138247565052e-01 3.580432118316088652e-01 -1.240881398627807108e+00
-8.792778984279859822e-01 6.096663204377005263e-01 -1.110313049790567108e+00
-8.004224363276325471e-01 6.695647366991694938e-01 -9.518649290681623354e-01
-7.665108622117625670e-01 5.538847059026412722e-01 -7.691795223690258698e-01
-8.297269925617610786e-01 6.045900246224396035e-01 -6.228096249935692885e-01
-8.741697186722197088e-01 5.074582869901325122e-01 -4.382905726812739711e-01
-8.868706182775708546e-01 7.349972534013131664e-01 -3.244993637463793879e-01
-8.817348905939772497e-01 7.451971770989876953e-01 -1.753726334502742068e-01
-8.921684073012844385e-01 7.533603079370549960e-01 2.015223604340215732e-02
-8.637374439835856510e-01 6.812080751104475640e-01 2.864771597315816098e-01
-7.945861369880784508e-01 5.453775547357780917e-01 6.025256137234609177e-01
-7.351379179522909979e-01 5.835139752597934271e-01 8.148165764662331778e-01
-7.136599328226558292e-01 8.010234351865590519e-01 9.240852170032120005e-01
-7.791904899642682070e-01 9.707317503973833528e-01 1.067248192599151713e+00
-6.088794716863895617e-01 9.441023580042766650e-01 1.172280207814194286e+00
-5.773646363448365904e-01 8.269342679011771891e-01 1.352342152055261426e+00
-6.186483989241374770e-01 7.747793295117746393e-01 1.449344353953752274e+00
-7.087089193064451953e-01 8.106531582632605648e-01 1.432353262190624088e+00
-8.284557902058282686e-01 9.152953292309319311e-01 1.310586167028071181e+00
-8.633465679066927301e-01 9.731432928665684212e-01 1.139346810039259417e+00
-7.942908451231068812e-01 9.649366242454636700e-01 9.278524814863833292e-01
-6.583096569566964096e-01 8.993615533969078202e-01 7.172158834868415100e-01
-6.589261090711241442e-01 8.414909344065177876e-01 6.750087253477942140e-01
-7.018843159361966011e-01 8.588727601842883752e-01 4.461259117489230763e-01
-6.894353496893230737e-01 7.602613261034880665e-01 3.557542046046727746e-01
-8.037522166436096294e-01 2.072580356003251023e-01 1.486093398448304348e-01
-8.825979837084383384e-01 3.397703577178283751e-01 6.735528203298642158e-02
-8.322611732056000022e-01 5.984538473472312825e-01 -1.925868547916340934e-01
-8.044859927571051950e-01 7.157795887768921839e-01 -3.563184586692405564e-01
-8.218668856382845833e-01 7.175343222859494885e-01 -4.669901907087337101e-01
-8.686206212244351743e-01 6.649984673671618385e-01 -6.186192167366019179e-01
-8.935162301849091104e-01 6.339799507246933752e-01 -7.740967463970473972e-01
-9.659696404441623363e-01 6.443604648106875388e-01 -9.448970982142027575e-01
-1.063668391460528273e+00 5.578067632026864064e-01 -1.091992898884887708e+00
-8.411391275189609162e-01 1.803044247283699594e-02 -1.077008524665890921e+00
-8.141973267465408837e-01 -6.422600953675111635e-01 -9.858607379159355366e-01
-9.023063945635290128e-01 -8.867020495986874806e-01 -9.211143888098994870e-01
-9.264401973709737170e-01 -2.457995716565755939e-01 -9.667323441285722296e-01
-9.649706479469425391e-01 4.634514689620038430e-01 -9.947111884143664540e-01
-1.068368101532414460e+00 5.545052966287421503e-01 -8.893306309038071511e-01
-1.062589084329162992e+00 7.056404127349139577e-01 -7.437612058640773460e-01
-9.180590546504725502e-01 5.579196002335429228e-01 -6.542518854240556569e-01
-8.493809338872890802e-01 7.247385697033336127e-01 -4.688320299243125544e-01
-8.683042819601447526e-01 7.533042212796374759e-01 -3.187511255963730306e-01
-1.029386021642076710e+00 7.921951072818789186e-01 -2.580267695040444065e-01
-1.042396180448671661e+00 9.499902622159495102e-01 -1.191071258667690536e-01
-9.832088695496655761e-01 1.029845174292464360e+00 7.567046243884056889e-02
-9.582008129895169812e-01 8.918909151020240067e-01 2.691641214157331485e-01
-8.652076598560617393e-01 9.176961404976941017e-01 4.288136222781956386e-01
-8.060177122296582342e-01 9.604313557015263791e-01 5.574582673363999152e-01
-7.247193325258044494e-01 8.366238966160971513e-01 7.564777499431789565e-01
-8.273810544626265528e-01 1.004328536779261816e+00 1.072749015276884377e+00
-8.443137122750781209e-01 8.361132735940706162e-01 1.092790808529635838e+00
-7.725748698682547433e-01 1.291068192214504196e+00 1.315142703303355143e+00
-6.996556783143842440e-01 1.252152204517087863e+00 1.534874754005927322e+00
-7.473689687961171391e-01 1.192366325046523512e+00 1.629842312731977216e+00
-8.960766696253722463e-01 1.207540715792413177e+00 1.590829318366680845e+00
-9.164961478201557599e-01 1.155678304549614843e+00 1.434800228304940140e+00
-8.173802736629380838e-01 1.036869336347379322e+00 1.209274555871060697e+00
-8.379928606828775939e-01 9.871701946356031820e-01 1.128073343537831619e+00
-8.113901292155356604e-01 9.827304309990053666e-01 9.152901510582086564e-01
-9.428709867656189791e-01 9.647843751413496260e-01 5.489390171338093261e-01
-1.013782258720210772e+00 9.314100005371617197e-01 2.651304198246204891e-01
-8.759001928806162685e-01 8.791076164287735528e-01 2.172342472208449449e-01
-1.055969646276656349e+00 7.914354273976061949e-01 3.007878038096758674e-03
-9.364452930328897029e-01 8.445594245798778710e-01 -1.040681209666873830e-01
-1.065104235154694212e+00 6.804174813292478419e-01 -1.998609941918221833e-01
-1.010889876415455912e+00 7.922237016538311583e-01 -4.643529775878619814e-01
-1.061645606269547182e+00 8.379253304499311161e-01 -5.986704073520885405e-01
-1.101134773364006003e+00 7.270987327972466829e-01 -6.976095659577072894e-01
-9.938663569455875590e-01 4.453182547240223110e-01 -8.723110091661095966e-01
-1.009772786846836912e+00 4.976794472650346995e-02 -9.088488288816559679e-01
-1.130483467720039492e+00 -3.178424714177125604e-02 -9.624659146111470553e-01
-1.197669608568507460e+00 6.178939506541928361e-01 -1.311945998586222739e+00
-1.105183242009025957e+00 4.490721493570007383e-01 -1.486202866435893277e+00
-1.173304807194680555e+00 5.062324406806418819e-01 -1.526715115551561919e+00
-1.227102546900078694e+00 6.031345967031142008e-01 -1.518897029101314633e+00
-1.226726411525353777e+00 6.689516338957619546e-01 -1.473589866151324035e+00
-1.208931070256991092e+00 6.857299992978335146e-01 -1.405818775475948135e+00
-1.210471192281474817e+00 6.355161399485701468e-01 -1.330608905849544055e+00
-1.229264147216573289e+00 5.613266218451283818e-01 -1.244852865947299270e+00
-1.246720460401338659e+00 6.724638487016807442e-01 -1.121264058111270279e+00
-1.213989841150488580e+00 7.368525345828744744e-01 -9.316026531068706262e-01
-1.115778736743652022e+00 7.890591928306223135e-01 -7.975571185107258598e-01
-1.200195634715188087e+00 7.519298002958443305e-01 -5.854505170913407719e-01
-1.182967696312122063e+00 8.094564650010142026e-01 -3.954803563055043769e-01
-9.994681501063452655e-01 7.697570938084203895e-01 -2.995010567514121980e-01
-1.016210165293152112e+00 7.682794145432672028e-01 -1.619056706707862892e-01
-1.099731542535824280e+00 8.188940319703492676e-01 4.605821656969878719e-02
-9.715723551146857595e-01 1.005507854783260324e+00 2.245815547004548218e-01
-1.047153302216048631e+00 9.978022088994831229e-01 3.337479809366119543e-01
-1.026513121787359761e+00 1.036454685767851602e+00 4.709401670092677739e-01
-9.138402883378199393e-01 1.093702306051429041e+00 6.785213043906447306e-01
-9.212535152075056466e-01 1.033027877819469031e+00 8.612434946656635226e-01
-9.537959749930620124e-01 9.823148636822369717e-01 1.064001823098404520e+00
-9.717040693918221894e-01 9.836506762980170571e-01 1.225888198041333643e+00
-9.637408026279490336e-01 1.040107103869406746e+00 1.303151975504832860e+00
-9.563286160458047691e-01 1.077135205293728415e+00 1.442875688817290447e+00
-8.861201018339794899e-01 1.118390890899110923e+00 1.554895240327572647e+00
-8.641378037816824786e-01 1.177952381765028367e+00 1.556615315518281140e+00
-9.735269407713340595e-01 1.228546314419933116e+00 1.414896672584728066e+00
-9.737402493094793332e-01 1.129062646195098329e+00 1.289804849918336771e+00
-8.756981374421289877e-01 1.198229116664584870e+00 1.101806152897669921e+00
-1.005401930232601826e+00 1.157445995799316618e+00 8.801080836605189583e-01
-8.984028773295087422e-01 1.172719369447899451e+00 7.811267182651978613e-01
-9.035432419620363920e-01 1.103238071174350576e+00 6.724948406029814807e-01
-1.010545792592257186e+00 1.002364310882841947e+00 5.324026043520336815e-01
-1.071912299117138367e+00 9.527150043992360651e-01 3.681699489475507847e-01
-9.998254851232178941e-01 9.881447159041634176e-01 1.969394287002485533e-01
-1.064453538553498557e+00 9.026670852832111569e-01 8.306750494285064512e-02
